2087
2088
2090
2091
2092
2093
4185
4186
4187
4188
4189
4190
4191
5703
5704
5705
5706
5707
5708
5709
7619
7777
7778
7780
7781
7782
7783
9891
9893
9894
9896
9897
9898
9903
73145
73167
73243
73348
73431
73441
73494
73496
73505
73742
73764
73773
73775
74291
74296
74297
74298
74624
74625
74628
74630
74635
74643
74648
74649
74653
74668
74670
74837
74880
74881
74882
74887
74891
74905
74908
74909
74910
74924
74925
74926
75855
75876
75877
75878
75893
75964
75966
75981
75999
76002
76007
76008
76010
78083
78089
78092
78093
78094
78111
78112
78113
78114
78115
78119
78120
78121
78122
78123
79253
79424
79425
79426
79428
79429
79430
79431
79435
79443
79447
79448
79449
79450
79452
79453
79468
79469
79470
79471
79500
79502
79503
79520
79521
79524
79525
79526
79531
79537
79540
79541
79542
79600
79602
79603
79607
79608
79609
79610
79613
79935
80276
80277
80278
80448
80449
80450
80451
80452
80454
80455
80456
80458
80459
80467
80472
80473
80474
80476
80477
80478
80483
80489
80492
80493
80494
80495
80524
80526
80527
80544
80545
80548
80549
80550
80555
80560
80561
80562
80564
80565
80566
80567
80571
80624
80625
80626
80627
80630
80631
80632
80633
80634
80635
80959
84345
84348
84349
84350
84420
84421
84432
84433
84434
84438
84439
84440
84442
84443
84463
84496
84497
84498
84500
84501
84502
84503
84507
84784
84786
84791
84792
84794
84795
84815
84836
84837
84838
84849
84852
84853
84854
84859
84924
84926
84927
84931
84936
84937
84938
84941
84958
84959
84962
84963
84967
84968
84969
84970
93251
93256
93257
93258
93260
93261
93262
93263
93278
93279
93280
93281
93282
93283
93284
93285
93286
93287
93288
93289
93290
93291
93297
93300
93301
93302
93307
93360
93361
93362
93363
93367
93368
93369
93370
93371
93372
93373
93374
93379
93384
93385
93386
93388
93389
93390
93391
93406
93407
93408
93409
93410
93411
93412
93413
93414
93415
93416
93417
93418
93419
93424
93425
93428
93429
93430
93435
96528
96529
96530
96532
96533
96534
96535
96539
96544
96545
96546
96547
96548
96549
96550
96551
96552
96553
96554
96555
96557
96572
96574
96575
97232
97233
97234
97235
97236
97238
97239
97240
97241
97242
97243
97244
97245
97246
97247
97251
97257
97260
97261
97262
97263
97264
97265
97266
97267
97268
97269
97270
97271
97272
97273
97274
97275
97276
97277
97278
97284
97285
97311
97329
97332
97333
97334
97344
97345
97346
97347
97348
97349
97350
97351
97352
97353
97354
97355
97356
97357
97358
97372
97373
97374
97375
97391
97392
97393
97394
97396
97397
97398
97399
97400
97402
97403
97408
97409
97410
97411
97412
97413
97414
97415
97416
97417
97418
97419
97548
97549
97550
97551
97621
97632
97633
97634
97636
97637
97638
97639
97643
97680
97681
97682
97683
97684
97685
97686
97687
97688
97689
97690
97691
97696
97697
97698
97699
97700
97702
97703
97704
97705
97706
97707
97708
97709
97710
97715
97721
97724
97725
97726
97727
97807
97889
97892
97893
97894
97936
97937
97938
97939
97940
97941
97942
97943
97944
97945
97946
97947
97948
97949
97952
97954
97955
97959
97960
97961
97962
97963
97964
97965
97966
97967
97968
97970
97971
97975
97976
97977
97978
97980
97981
97982
97983
99267
99271
99272
99273
99274
99276
99277
99278
99279
100645
101328
101329
101330
101332
101333
101334
101335
101339
101344
101345
101346
101347
101348
101349
101350
101351
101352
101353
101354
101355
101356
101357
101372
101373
101374
101375
101392
101393
101394
101395
101399
101400
101401
101402
101403
101404
101405
101406
101407
101417
101420
101421
101422
101423
101424
101425
101426
101427
101428
101429
101430
101431
101432
101433
101434
101435
101436
101437
101438
101441
101444
101445
101446
101451
101504
101506
101507
101511
101512
101513
101514
101515
101516
101517
101518
101519
101599
101621
101632
101633
101634
101635
101636
101638
101639
101640
101641
101642
101643
101644
101645
101646
101647
101669
101670
101671
101672
101676
101677
101678
101679
101680
101681
101682
101683
101684
101685
101686
101687
101688
101689
101690
101695
101701
101704
101705
101706
101707
101725
101728
101729
101730
101735
101740
101746
101747
101936
101938
101939
101943
101944
101945
101946
101948
101949
101950
101951
101964
101966
101967
101968
101969
101970
101971
101972
101973
101974
101975
101976
101977
101978
101979
101981
101984
101985
101986
101988
101989
101990
101991
101992
101994
101995
116803
116805
116806
116810
116811
116812
116813
116814
116815
116816
116817
117095
117096
117139
117140
117141
117143
117144
117145
117146
117147
117149
117150
117155
117156
117157
117158
117159
117161
117162
117163
117164
117165
117166
117167
117168
117169
117183
117184
117185
117186
117266
117347
117348
117349
117351
117352
117353
117354
117358
117395
117396
117397
117398
117399
117400
117401
117402
117403
117404
117405
117406
117408
117414
117419
117420
117421
117423
117424
117425
117426
117430
117435
117436
117437
117439
117440
117441
117442
117519
117521
117522
118549
118550
118554
118555
118556
118557
118559
118560
118561
118575
118577
118578
118579
118580
118581
118582
118586
118587
118588
118589
118590
118592
118662
118668
118671
118672
118673
118674
118743
118744
118745
118755
118756
118757
118758
118759
118760
118761
118762
118763
118765
118766
118786
118807
118808
118809
118819
118820
118821
118822
118823
118824
118825
118826
118827
118829
118830
118850
119074
119096
119107
119108
119109
119110
119111
119112
119113
119114
119115
119116
119117
119118
119120
119135
119137
119138
119155
119156
119157
119159
119160
119161
119166
119171
119172
119173
119175
119176
119177
119178
119181
119182
119238
119244
119247
119248
119249
119250
119251
119253
119254
119258
119259
119260
119261
119263
119264
119265
119279
119280
119281
119282
119283
119284
119285
119286
119289
119290
119291
119292
119293
119294
119295
119296
