1305
1308
1336
1337
1338
1339
1340
1341
3416
3417
3445
3446
3447
3448
3449
3452
5570
5577
5593
5595
5596
5598
5599
5600
7647
7648
7668
7669
7670
7673
7674
7675
9712
9713
9773
9776
9784
9785
9786
9787
9788
73132
73248
73289
73293
73296
73310
73311
73330
73331
73332
73378
73379
73391
73475
74060
74061
74062
74078
74083
74087
74090
74127
74143
74144
74145
74146
74148
74150
74155
74226
74235
74336
74337
74340
74341
74356
74357
74416
74417
74418
74420
74421
74422
74427
74447
74464
74465
74466
74468
74469
74470
74475
74800
74801
74802
74804
74805
74806
74811
76083
76088
76089
76090
77170
77171
77175
77176
77177
77178
77179
77235
77239
77240
77241
77242
77245
77260
77261
77262
77276
77277
77278
77283
77287
77288
77289
77290
77433
77436
77437
77438
77500
77501
77502
77503
77504
77506
77507
77510
77511
77512
77513
77514
77515
77523
77527
77528
77529
77530
77548
77549
77550
77551
77827
77831
77832
77833
77834
77836
77837
77843
77848
77849
77852
77853
77854
77859
77864
77865
77868
77869
77870
78207
78271
78272
78273
78274
78276
78277
78278
78283
78288
78289
78290
78292
78293
78294
78299
78319
78336
78337
78340
78341
78352
78353
78354
78356
78357
78358
78363
78383
78592
78593
78594
78595
78596
78597
78598
78599
78600
78601
78602
78603
78608
78609
78610
78611
78612
78613
78614
78615
78616
78617
78618
78619
78636
78637
78638
78639
78716
78718
78719
78783
78784
78785
78786
78788
78789
78790
78795
78800
78801
78802
78803
78804
78805
78806
78807
78810
78811
78831
78849
78852
78853
78864
78865
78868
78869
78870
78875
80128
80129
80130
80131
80132
80133
80134
80135
80138
80139
80144
80145
80146
80147
80148
80149
80150
80151
80152
80153
80154
80155
80174
80175
85262
85263
85279
85280
85281
85282
85284
85286
85287
85290
85291
89603
89607
89608
89609
89610
89612
89613
89614
89619
89623
89624
89625
89626
89628
89629
89630
89635
89639
89640
89641
89642
89644
89645
89646
89868
89869
89870
89871
89884
89885
89886
89887
89888
89889
89890
89891
89892
89893
89894
89895
89896
89897
89898
89899
89908
89909
89968
89969
89970
89971
89972
89973
89974
89975
89976
89977
89978
89979
89981
90034
90035
90038
90039
90040
90041
90042
90043
90044
90045
90046
90051
90055
90056
90057
90058
90060
90061
90062
90063
90072
90073
90076
90077
90078
90079
90080
90081
90082
90083
90084
90085
90086
90087
90088
90089
90090
90091
90092
90093
90639
90655
90656
90657
90658
90660
90661
90662
90667
90672
90673
90674
90675
90676
90677
90678
90679
90682
90683
90928
90929
90930
90931
90932
90933
90934
90935
90936
90937
90938
90939
90940
90941
90942
90952
90953
90956
90957
90958
90959
90972
90973
90974
90975
90976
90977
90978
90979
90980
90981
90982
90983
90984
90985
90986
90987
90988
90989
90992
90993
90996
90997
91020
91021
91022
91023
91036
91037
91038
91039
91040
91041
91042
91043
91044
91045
91046
91047
91048
91049
91050
91051
91056
91057
91058
91060
91061
91062
91067
91087
91104
91105
91106
91108
91109
91110
91115
91120
91121
91122
91123
91124
91125
91126
91127
91128
91129
91130
91131
92238
92239
92255
92256
92257
92258
92260
92261
92262
92267
92272
92273
92274
92276
92277
92278
92279
92282
92283
92303
92320
92321
92324
92325
92326
92331
92336
92337
92338
92339
92340
92341
92342
92343
92344
92345
92346
92347
92364
92365
92366
92367
92382
92383
92384
92385
92386
92387
92388
92389
92390
92391
92392
92394
92395
92400
92401
92402
92404
92405
92406
92411
93746
93747
93751
93752
93753
93754
93755
93756
93757
93758
93759
94008
94009
94012
94013
94014
94015
94016
94017
94018
94019
94020
94021
94022
94023
94024
94025
94026
94027
94028
94029
94032
94033
94034
94035
94036
94037
94038
94039
94040
94041
94042
94043
94044
94045
94046
94051
94055
94056
94057
94058
94060
94061
94062
94063
94080
94081
94082
94083
94084
94085
94086
94087
94088
94089
94090
94091
94092
94093
94094
94096
94097
94098
94099
94100
94101
94102
94103
94104
94105
94106
94107
94108
94109
94110
94115
94119
94120
94121
94122
94124
94125
94126
94127
94195
94199
94200
94201
94202
94204
94205
94206
94207
94336
94337
94340
94341
94352
94353
94354
94356
94357
94358
94363
94383
94737
94738
94739
94740
94748
94749
94750
94751
94752
94861
94864
94865
94866
94867
95123
95124
95125
95126
95128
95129
95130
95135
95140
95141
95142
95143
95144
95145
95146
95147
95150
95151
95171
95188
95189
95190
95191
95192
95193
95194
95195
95196
95197
95198
95199
95204
95205
95206
95207
95208
95209
95210
95211
95212
95213
95214
95215
95232
95233
95234
95235
95312
95314
95315
95380
95381
95382
95383
95384
95385
95386
95387
95390
95391
95396
95397
95398
95399
95400
95401
95402
95403
95404
95405
95406
95407
95424
95425
95426
95427
95444
95445
95446
95447
95448
95449
95450
95451
95452
95453
95454
95455
95460
95461
95462
95463
95464
95465
95466
95467
95468
95469
95470
95471
95488
95489
95490
95491
95568
95569
95570
95571
100048
100049
100050
100051
100052
100054
100055
100056
100057
100058
100059
100060
100061
100062
100063
100066
100067
100071
100072
100073
100074
100075
100076
100077
100078
100079
100080
100082
100083
100086
100087
100088
100089
100090
100091
100092
100093
100094
100095
100115
100119
100120
100121
100122
100124
100125
100126
100127
100131
100135
100136
100137
100138
100140
100141
100142
100143
100144
100145
100146
100147
100148
100149
100150
100151
100152
100153
100154
100155
100156
100157
100158
100224
100225
100226
100227
100228
100229
100230
100231
100232
100233
100234
100235
100236
100237
100238
120454
120458
120459
120460
120461
120463
120464
120465
120527
120528
120529
120530
120531
120532
120533
120534
120535
120537
120538
120539
120540
120541
120542
120543
120544
120549
120550
120553
120554
120555
120556
120557
120558
120559
120560
120561
120566
120571
120572
120575
120576
120577
120578
