1765
1766
1767
1768
1769
1779
1780
2770
3869
3870
3871
3872
3873
3874
3883
6030
6031
6032
6033
6034
6035
6914
6915
6954
6956
8107
8108
8109
8110
8111
8112
8971
8973
9001
10252
10253
10254
10255
10256
10259
24726
24728
24735
24804
24878
25234
25236
25237
25242
25243
25244
25304
25315
25317
25318
25323
25324
25325
25346
25379
25382
25384
25385
25389
25633
25655
25667
25670
25672
25677
26003
26009
26013
26030
26032
26046
26047
26048
26210
26229
26231
26237
26239
26259
26263
26267
26268
26288
27884
27885
27890
27891
27892
27894
27895
27896
27913
27914
27915
27916
27917
27921
27922
27923
27924
27925
27935
28218
28219
28220
28222
28223
28224
28225
28229
28269
28274
28275
28276
28278
28279
28280
28297
28298
28299
28300
28302
28304
28305
28306
28308
28309
28319
28381
28387
28390
28391
28392
28393
28523
28526
28527
28528
28533
28538
28540
28541
28545
28546
28547
28548
28549
28550
28551
28566
28568
28569
29542
29544
29545
29627
29630
29631
29632
29637
29675
29678
29679
29680
29685
29693
29698
29699
29700
29702
29703
29704
29718
29720
29721
31019
31022
31023
31024
31025
31029
31037
31043
31046
31047
31048
31062
31064
31065
31119
31130
31131
31132
31137
31138
31140
31141
31161
31183
31194
31195
31196
31200
31201
31202
31204
31205
31870
31871
31872
32015
32016
32021
32022
32023
32026
32044
32045
32047
32048
32052
32053
32055
32137
32138
32139
32150
32153
32154
32155
32173
32174
32175
32177
32179
32180
32184
32194
32411
32412
39286
39628
39799
39800
39801
39802
39805
39806
39807
39808
39809
39810
39811
39812
39813
39814
39827
39828
39829
39830
39831
39832
39833
39834
39835
39836
39837
39838
39839
39840
39841
39842
39843
39844
39845
39848
39851
39852
39853
39911
39913
39914
39919
39920
39921
39923
39924
39925
39926
39927
39928
39929
39930
39934
39935
39936
39937
39938
39939
39940
39941
39942
39955
39957
39958
39959
39960
39961
39962
39963
39964
39965
39966
39967
39968
39969
39970
39972
39976
39979
39980
39981
39982
39986
40974
40975
40976
41018
41019
41020
41021
41022
41023
41024
41025
41026
41027
41028
41029
41031
41034
41035
41036
41037
41041
41042
41043
41044
41045
41046
41047
41048
41049
41050
41052
41053
41057
41058
41059
41060
41062
41063
41064
41065
41145
41222
41224
41225
41246
41247
41248
41258
41259
41260
41261
41262
41263
41264
41265
41266
41267
41268
41269
41270
41271
41272
41338
41339
41340
41342
41343
41344
41345
41346
41348
41349
41354
41355
41356
41357
41358
41360
41361
41362
41363
41364
41365
41366
41367
41368
41369
41373
41379
41382
41383
41384
41385
41406
41407
41408
41418
41419
41420
41421
41422
41423
41424
41425
41426
41427
41428
41429
41431
41449
41661
41667
41670
41671
41672
41673
41690
41691
41692
41694
41695
41696
41697
41701
41706
41707
41708
41709
41710
41711
41712
41713
41714
41715
41716
41717
41718
41719
42239
42250
42251
42252
42254
42255
42256
42257
42258
42260
42261
42281
42298
42299
42300
42301
42302
42304
42305
42306
42307
42308
42309
42310
42311
42312
42313
42317
42323
42326
42327
42328
42329
42330
42331
42332
42333
42334
42335
42336
42337
42338
42339
42340
42341
42342
42343
42344
42347
42350
42351
42352
42353
42357
42412
42413
42418
42419
42420
42422
42423
42424
42425
46317
46322
46323
46326
46327
46328
46329
46655
46666
46667
46668
46670
46671
46672
46673
46674
46676
46677
46697
46842
46843
46844
46846
46847
46848
46849
46850
46852
46853
46858
46859
46860
46861
46865
46866
46867
46868
46869
46870
46871
46872
46873
46877
46882
46883
46886
46887
46888
46889
46918
46920
46921
46939
46942
46943
46944
46949
46954
46955
46956
46957
46958
46959
46960
46961
46962
46963
46964
46965
46967
46984
46985
47006
47007
47008
47018
47019
47020
47021
47022
47023
47024
47025
47026
47027
47028
47029
47030
47031
47032
52222
52223
52224
52234
52235
52236
52237
52238
52239
52240
52241
52242
52243
52244
52245
52247
52265
52285
52290
52291
52294
52295
52296
52297
52313
52314
52315
52316
52318
52319
52320
52321
52322
52324
52325
52330
52331
52334
52335
52336
52337
52341
52394
52396
52397
52401
52402
52403
52404
52406
52407
52408
52409
52534
52535
52536
52537
52618
52619
52622
52623
52624
52625
52629
52666
52667
52668
52669
52670
52671
52672
52673
52674
52675
52676
52677
52682
52684
52685
52689
52690
52691
52692
52694
52695
52696
52697
52700
52701
52706
52707
52708
52710
52711
52712
52713
52793
52879
52922
52923
52924
52925
52926
52928
52929
52930
52931
52932
52933
52934
52935
52936
52950
52951
52952
52953
52954
52955
52956
52957
52960
52961
52962
52963
52964
52965
52966
52967
52968
52975
55614
55615
55616
55626
55627
55628
55629
55630
55632
55633
55634
55635
55636
55637
55639
55656
55657
56292
56298
56301
56302
56303
56304
56321
56322
56323
56325
56326
56327
56328
56331
56332
56337
56338
56341
56342
56343
56344
56348
56413
56415
56416
56417
56418
56419
56420
56421
56423
56424
56425
56426
56427
56428
56430
56445
56446
56447
56448
56449
56450
56451
56452
56456
56457
56458
56459
56460
56461
56462
56463
56502
56774
56785
56786
56787
56788
56792
56793
56794
56795
56796
56798
56813
56815
56816
56837
56838
56839
56849
56850
56851
56853
56854
56855
56856
56857
56859
56860
56928
56929
56930
56931
56933
56934
56935
56936
56937
56939
56940
56948
56954
56957
56958
56959
56960
56964
56969
56970
56971
56973
56974
56975
56976
57013
57014
57015
58220
58222
58223
58227
58228
58229
58230
58232
58233
58234
135644
135645
135646
135647
135648
135649
135650
