1551
1552
1553
1554
1556
1557
1559
1560
3660
3666
3667
3668
3669
3670
3671
3672
5552
5559
5862
5864
5868
5869
5870
5871
5872
5873
7634
7939
7944
7946
7947
7948
7949
7950
7951
9734
10119
10121
10122
10123
10124
10125
10127
10128
73841
73850
73853
73940
73942
73985
73992
73994
73995
73997
74020
74023
74040
74043
75415
76136
76139
76148
76151
76241
76248
76250
76251
76253
76292
76294
76295
76321
76328
76330
76331
76333
76340
76342
76343
76689
76698
76701
76869
76870
76898
76905
76906
76909
76910
76917
77008
77010
77011
77017
77020
77022
77023
77061
77088
77090
77091
77097
77100
77102
77103
77109
82576
82578
82579
82585
82588
82590
82591
82607
85317
85328
85331
85340
85342
85343
85344
85347
85356
85359
85445
85468
85471
85472
85474
85475
85481
85484
85486
85487
85493
85520
85522
85523
85529
85532
85534
85535
85893
85894
85920
85922
85923
85929
85930
85932
85933
85934
85935
85941
86096
86097
86098
86099
86104
86105
86106
86108
86109
86110
86111
86212
86213
86214
86215
86240
86241
86242
86248
86249
86250
86251
86253
86254
86260
86261
86262
86263
86289
86290
86296
86297
86298
86299
86301
87684
87686
87687
87688
87691
87713
87716
87719
87720
87722
87723
87725
87732
87734
87735
88401
88404
88406
88407
88408
88410
88411
88413
88513
88516
88518
88519
88520
88522
88523
88525
88545
88548
88550
88551
88552
88554
88555
88557
88561
88564
88566
88567
88568
88570
88571
88573
88593
88596
88598
88599
88600
88603
88960
88961
88962
88968
88969
88970
88971
88973
88974
88996
88997
88998
88999
89000
89003
89009
89010
89012
89015
89016
89018
89019
89021
89172
89173
89174
89175
89280
89281
89282
89283
89288
89289
89290
89291
89292
89293
89294
89295
89316
89317
89318
89319
89328
89329
89330
89331
89336
89337
89338
89339
89340
89341
89342
89343
89364
89365
89366
89367
109672
109715
109716
109717
109718
109724
109725
109727
109728
109729
109730
109751
109752
109753
109754
109763
109764
109765
109766
109771
109772
109773
109774
109775
109776
109777
109778
109794
109827
109830
109839
109842
120680
120681
120723
120725
120726
120732
120735
120737
120738
120760
120771
120773
120774
120780
120783
120785
120786
120787
120789
120790
120796
120799
120801
120802
120824
120835
120837
120838
120844
120845
120847
120848
120849
120850
120872
121191
121192
121193
121235
121237
121238
121244
121247
121249
121250
121272
121283
121285
121286
121292
121295
121297
121298
121299
121301
121302
121308
121311
121313
121314
121336
121337
121347
121348
121349
121350
121356
121357
121359
121360
121361
121362
121384
121448
121491
121492
121493
121494
121499
121500
121501
121502
121503
121504
121505
121506
121527
121528
121529
121530
121539
121540
121541
121542
121547
121548
121549
121550
121551
121552
121553
121554
121555
121558
121567
121570
121603
121606
121612
121615
121617
121618
122980
122983
122984
122985
122986
122987
122990
123090
123091
123092
123093
123094
123099
123100
123101
123102
123103
123104
123105
123106
123127
123128
123129
123130
123134
123139
123140
123141
123142
123143
123146
123147
123148
123149
123150
123151
123152
123153
123154
123175
123176
123177
123178
123795
123796
123797
123798
123799
123801
123802
123803
123804
123805
123806
123807
123808
123809
123810
123828
123831
123832
123833
123834
123835
123837
123838
123840
123843
123844
123845
123846
123847
123849
123850
123851
123852
123853
123854
123855
123856
123857
123858
124260
124261
124263
124264
124265
124266
124267
124268
124269
124270
124272
124273
124371
124372
124373
124374
124375
124377
124378
124379
124380
124381
124382
124384
124385
124404
124407
124408
124409
124410
124411
124413
124414
124416
124420
124421
124423
124424
124425
124426
124427
124428
124429
124430
124432
124433
124452
124455
124456
124457
124458
124459
124461
124462
124464
124564
124567
124568
124569
124570
124571
124573
124574
124576
124595
124596
124597
124598
124599
124601
124602
124603
124604
124605
124606
124607
124608
124609
124610
124612
124615
124616
124617
124618
124619
124621
124622
124624
129997
129998
129999
130000
130001
130003
130004
130005
130006
130007
130008
130009
130010
130011
130012
130016
130025
130028
130110
130113
130114
130115
130116
130117
130119
130120
130122
130141
130142
130143
130144
130145
130147
130148
130149
130150
130151
130152
130153
130154
130155
130156
130158
130161
130162
130163
130164
130165
130167
130168
130170
130189
130190
130191
130192
130193
130195
130196
130197
130198
130199
130200
130201
130202
130203
130204
132862
132865
132866
132867
132868
132869
132872
132877
132880
132889
132891
132892
132893
132894
132895
132896
132897
132900
132901
132902
132903
132904
132905
132906
132907
132908
132913
132914
132915
132916
132917
132920
133314
133315
133325
133326
133327
133328
133333
133334
133335
133336
133337
133338
133339
133340
133341
133343
133344
133350
133353
133355
133356
133362
133441
133442
133443
133444
133453
133455
133456
133462
133465
133467
133468
133469
133470
133471
133472
133477
133478
133479
133480
133481
133482
133483
133484
133489
133490
133491
133492
133506
133517
133518
133519
133520
133524
133525
133526
133527
133528
133529
133530
133531
133532
133533
133535
133536
133542
133545
133547
133548
133554
133633
133634
133635
133636
133645
133646
133647
133648
133654
133655
133657
133658
133659
133660
133661
133662
133663
133664
133669
133670
133671
133672
133673
133674
133675
133676
133681
133682
133683
133684
134537
134538
134539
134540
134541
134544
134549
134551
134552
134558
134561
134563
134564
134565
134566
134567
134568
134573
134574
134575
134576
134577
134578
134579
134580
134585
134586
134587
134588
134666
134667
134677
134678
134679
134680
134685
134686
134687
134688
134689
134690
134691
134692
134693
134694
134695
134696
134702
134703
134705
134706
134707
134708
134714
134715
134729
134730
134731
134732
134741
134742
134743
134744
134749
134750
134751
134752
134753
134754
134755
134756
134757
134758
134759
134760
134765
134766
134767
134768
134769
134770
134771
134772
134777
134778
134779
134780
135370
135381
135382
135383
135384
135385
135388
135389
135390
135391
135392
135393
135394
135395
135396
135397
135399
135400
135406
135409
135411
135412
135418
135517
135518
135519
135520
135521
135522
135523
