1209
1210
1211
1212
1220
1221
1222
1227
3320
3321
3323
3329
3334
3335
3336
5458
5459
5460
5472
5473
5474
5475
7518
7535
7544
7545
7546
7547
7548
9627
9631
9632
9633
9634
9635
9636
24655
24669
24709
24834
24952
24961
24963
25050
25080
25089
25091
25092
25127
25138
25757
25779
25786
25789
25798
25800
26309
26311
26312
26417
26419
26420
26426
26429
26431
26454
26466
26473
26475
26478
26821
26823
26928
26932
26941
26943
26944
26966
26977
26979
26986
26990
27122
27129
27131
27132
27134
27154
27157
27160
27164
27173
27175
27176
29999
30013
30022
30024
30025
30026
30029
30035
30038
30040
30041
30127
30128
30154
30156
30157
30163
30166
30168
30169
30175
30203
30204
30210
30212
30213
30215
32493
32495
32496
32502
32503
32505
32506
32507
32925
32927
32928
32934
32935
32937
32938
32939
32940
32961
32962
32963
32964
32974
32975
32981
32983
32984
32986
33070
33073
33075
33076
33077
33080
33118
33121
33123
33124
33125
33128
33150
33157
33159
33160
33162
33169
33170
33171
33172
33266
34542
34543
34545
34548
34549
34551
34552
34554
34924
34957
34959
34960
34966
34969
34971
34972
34973
34976
34982
34985
34987
34988
35010
35021
35023
35024
35030
35031
35033
35034
35035
35036
35121
35122
35123
35124
35165
35166
35167
35173
35174
35175
35176
35178
35179
35198
35201
35203
35204
35205
35208
35214
35217
35219
35220
35221
35223
35224
35226
35745
35746
35747
35748
35773
35774
35775
35776
35781
35782
35783
35784
35785
35786
35787
35788
35793
35794
35795
35874
35885
35887
35888
35894
35897
35898
35899
35900
35901
35904
35910
35913
35915
35916
35938
35949
35951
35952
35958
35961
35962
35963
35964
35965
35968
35977
35979
35980
48143
48144
48186
48188
48189
48195
48198
48200
48201
48223
48224
48234
48235
48236
48237
48242
48243
48244
48245
48246
48247
48248
48249
48253
48262
48264
48265
48287
48298
48300
48301
48307
48310
48312
48313
48651
48652
48654
48656
48657
48658
48660
48661
48663
48762
48763
48764
48765
48769
48770
48771
48772
48773
48774
48775
48776
48795
48798
48799
48800
48801
48802
48804
48805
48811
48814
48816
48817
48818
48820
48821
48823
48846
48847
48848
48849
48958
48959
48960
48961
48965
48986
48987
48988
48989
48994
48995
48996
48997
48998
48999
49000
49001
49006
49007
49008
58530
58573
58574
58575
58576
58581
58582
58583
58584
58585
58586
58587
58588
58609
58610
58611
58612
58621
58622
58623
58624
58625
58628
58629
58630
58631
58632
58633
58634
58635
58636
58688
58697
58699
58700
60302
60305
60306
60307
60308
60309
60311
60312
60314
60333
60334
60335
60336
60337
60339
60340
60341
60342
60343
60344
60345
60346
60347
60348
60350
60353
60354
60355
60356
60357
60360
60434
60445
60446
60447
60448
60453
60454
60455
60456
60457
60458
60459
60460
60461
60464
60470
60473
60475
60476
60497
60498
60499
60500
60509
60511
60512
60518
60521
60522
60523
60524
60525
60527
60528
60534
60535
60537
60538
60539
60540
60546
60881
60882
60883
60884
60893
60895
60896
60902
60905
60907
60908
60909
60910
60911
60912
60917
60918
60919
60920
60921
60922
60923
60924
60930
60931
61085
61086
61087
61088
61092
61093
61094
61095
61096
61097
61098
61099
61100
61116
61198
61199
61201
61203
61204
61205
61207
61208
61210
61229
61230
61231
61233
61235
61236
61237
61238
61239
61240
61242
61246
61249
61250
61251
61252
61253
61255
61256
61278
61281
61282
61283
61284
61285
61287
61288
61290
61661
61662
61663
61665
61666
61667
61668
61669
61670
61671
61672
61674
66620
66631
66632
66633
66634
66635
66638
66639
66640
66641
66642
66643
66644
66645
66646
66647
66649
66650
66656
66659
66661
66662
67526
67559
67561
67562
67568
67571
67573
67574
67916
68087
68089
68090
68096
68097
68099
68100
68101
68102
68123
68124
68125
68135
68136
68137
68138
68143
68144
68145
68146
68147
68148
68149
68150
68235
68236
68237
68238
68242
68279
68280
68281
68282
68283
68286
68287
68288
68289
68290
68291
68292
68293
68294
68312
68315
68316
68317
68318
68319
68321
68322
68324
68327
68328
68329
68330
68331
68333
68334
68335
68336
68337
68338
68339
68340
68341
68394
68403
68406
68492
68535
68537
68538
68544
68547
68549
68550
68572
68573
68583
68584
68585
68586
68591
68592
68593
68594
68595
68596
68597
68598
68939
68940
68941
68942
69111
69112
69113
69114
69118
69119
69120
69121
69122
69123
69124
69125
69126
69144
69147
69148
69149
69150
69151
69153
69154
69159
69160
69161
69162
69163
69165
69166
69167
69168
69169
69170
69171
69172
69173
69174
69255
69256
69257
69259
69260
69261
69262
69263
69264
69265
69266
69268
69303
69304
69305
69306
69307
69308
69309
69310
69311
69312
69313
69314
69316
69317
69334
69335
69336
69337
69338
69339
69341
69342
69343
69344
69345
69346
69347
69348
69349
69350
69352
69355
69356
69357
69358
69359
69361
69362
69364
71419
71420
71421
71422
71426
71431
71432
71433
71434
71439
71440
71441
71443
71444
71445
71446
71447
71448
71449
71450
71455
71456
71457
71458
71459
71460
71461
71462
71467
71468
71469
71544
71547
71548
71549
71550
71551
71553
71554
71559
71561
71562
71568
71571
71572
71573
71574
71575
71576
71577
71578
71582
71583
71584
71585
71586
71587
71588
71589
71590
71595
71596
71597
71598
71612
71623
71624
71625
71626
71627
71629
71630
71631
71632
71633
71634
71635
71636
71637
71638
71642
71651
71653
71654
71781
71782
71783
71784
71786
71787
71788
71789
71790
71791
71792
71793
71794
71795
71812
71813
71814
71815
71816
71817
71818
71819
71820
71821
71822
71823
71825
71826
71828
71829
71830
71831
71832
71833
71834
71835
71836
71837
71838
71839
71841
71842
71895
71902
71984
71987
71989
71990
