1310
1311
1312
1313
1314
1317
1321
3423
3424
3425
3426
3427
3428
3432
5580
5581
5582
5583
5584
5585
5586
7656
7657
7659
7660
7661
7662
7663
9767
9768
9769
9770
9771
9772
9783
73120
73130
73131
73134
73148
73152
73157
73288
73297
73369
73373
73376
73396
73796
74051
74055
74056
74057
74058
74067
74071
74072
74073
74074
74092
74093
74094
74120
74121
74136
74137
74156
74157
74236
74237
74238
74316
74317
74332
74333
74334
74339
74344
74345
74380
74381
74382
74396
74397
74398
74403
74407
74408
74409
74410
74483
74487
74488
74489
74490
74808
74809
74813
76092
76094
77132
77133
77134
77148
77150
77151
77154
77155
77158
77159
77160
77161
77162
77163
77198
77199
77214
77215
77216
77217
77218
77219
77220
77221
77222
77223
77226
77227
77296
77297
77298
77299
77302
77303
77306
77307
77391
77407
77408
77409
77410
77412
77413
77414
77419
77455
77471
77472
77473
77474
77476
77477
77478
77483
77488
77489
77492
77493
77494
77537
77540
77541
77552
77553
77554
77556
77557
77558
77563
77872
77873
77874
77876
77877
77878
77883
78159
78176
78177
78180
78181
78182
78187
78192
78193
78194
78196
78197
78198
78203
78241
78244
78245
78256
78257
78258
78260
78261
78262
78263
78266
78267
78287
78303
78304
78305
78306
78308
78309
78310
78315
78320
78321
78324
78325
78448
78449
78450
78451
78452
78453
78454
78455
78456
78457
78458
78459
78512
78513
78514
78515
78516
78517
78518
78519
78520
78521
78522
78523
78540
78541
78542
78543
78556
78557
78558
78559
78560
78561
78562
78563
78564
78565
78566
78567
78568
78569
78570
78571
78860
78861
78862
78863
78878
78879
78880
78881
78882
78883
78884
78885
78886
78887
78890
78891
80143
80159
80160
80161
80162
80164
80165
80166
80171
80176
80177
80178
80180
80181
80182
80187
85299
85303
85304
85305
85306
89456
89457
89458
89459
89460
89462
89463
89464
89465
89466
89467
89468
89469
89522
89523
89526
89527
89528
89529
89530
89531
89532
89533
89534
89539
89543
89544
89545
89546
89548
89549
89550
89551
89555
89560
89561
89564
89565
89566
89567
89570
89571
89574
89575
89576
89577
89578
89579
89580
89581
89582
89715
89719
89720
89721
89722
89724
89725
89726
89779
89783
89784
89785
89786
89788
89789
89790
89791
89794
89795
89798
89799
89800
89801
89802
89803
89804
89805
89806
89810
89811
89815
89816
89817
89818
89820
89821
89822
89827
89831
89832
89833
89834
89836
89837
89838
89839
90115
90119
90120
90121
90122
90124
90125
90126
90131
90135
90136
90137
90138
90140
90141
90142
90147
90151
90152
90153
90154
90156
90157
90158
90483
90487
90488
90489
90490
90492
90493
90494
90495
90552
90553
90556
90557
90558
90559
90560
90561
90562
90563
90564
90565
90566
90567
90568
90569
90570
90571
90572
90573
90576
90577
90578
90579
90580
90581
90582
90583
90584
90585
90586
90587
90588
90589
90590
90600
90601
90604
90605
90606
90607
90748
90749
90750
90751
90812
90813
90814
90815
90816
90817
90818
90819
90820
90821
90822
90823
90824
90825
90826
90827
90832
90833
90834
90835
90836
90837
90838
90839
90840
90841
90842
90843
90860
90861
90862
90863
90880
90881
90882
90884
90885
90886
90891
90896
90897
90898
90900
90901
90902
90907
90927
91076
91077
91088
91089
91092
91093
91136
91137
91138
91139
91140
91141
91142
91143
91144
91145
91146
91147
91152
91153
91154
91155
91156
91157
91158
91159
91160
91161
91162
91163
91164
91165
91177
91180
91181
91182
91183
92416
92417
92418
92419
92420
92421
92422
92423
92424
92425
92426
92427
92428
92429
92430
92432
92433
92434
92435
92436
92438
92439
92440
92441
92442
92443
92444
92445
92446
92451
92455
92456
92457
92458
92460
92461
92462
92463
93564
93565
93566
93567
93630
93631
93632
93633
93634
93635
93636
93637
93638
93639
93640
93641
93642
93643
93648
93649
93650
93651
93652
93653
93654
93655
93656
93657
93658
93659
93676
93677
93678
93679
93696
93697
93698
93700
93701
93702
93703
93706
93707
93712
93713
93714
93715
93716
93717
93718
93719
93722
93723
93742
93743
93822
93823
93887
93888
93889
93890
93892
93893
93894
93899
93904
93905
93906
93908
93909
93910
93915
93935
93952
93953
93954
93955
93956
93957
93958
93959
93960
93961
93962
93963
93968
93969
93970
93971
93972
93973
93974
93975
93976
93977
93978
93979
93996
93997
93998
93999
94076
94077
94078
94079
94140
94142
94143
94144
94145
94146
94147
94148
94149
94150
94151
94152
94153
94154
94155
94160
94161
94162
94163
94164
94165
94166
94167
94168
94169
94170
94171
94188
94189
94190
94191
94208
94209
94210
94211
94212
94213
94214
94215
94218
94219
94224
94225
94226
94227
94228
94229
94230
94231
94234
94235
94254
94255
94591
94617
94618
94620
94621
94622
94627
94632
94633
94634
94636
94637
94638
94643
94663
94680
94681
94682
94683
94684
94685
94686
94687
94688
94689
94690
94691
94692
94693
94694
94696
94697
94698
94699
94700
94701
94702
94703
94704
94705
94710
94714
94715
94716
94717
94719
94720
94721
94722
95431
95435
95436
95437
95438
95440
95441
95442
95443
95504
95505
95506
95507
95508
95509
95510
95511
95512
95513
95514
95515
95516
95517
95518
95519
95520
95521
95524
95525
95526
95527
95528
95529
95530
95531
95532
95533
95534
95535
95536
95537
95548
95549
95552
95553
95554
95555
95572
95573
95574
95576
95577
95578
95583
95588
95589
95590
95592
95593
95594
95599
95619
100111
100175
100176
100177
100178
100180
100181
100182
100187
100192
100193
100194
100196
100197
100198
100203
100223
100240
100241
100242
100243
100244
100245
100246
100247
100248
100249
100250
100251
100256
100257
100258
100259
100260
100261
100262
100263
100264
100265
100266
100267
100284
100285
100286
100287
120603
120604
120607
120608
120609
120610
120623
120624
120625
120626
120627
120628
120629
120630
120631
120632
120633
120634
120635
120636
120637
120638
