1432
2099
2102
2103
2104
2105
2106
2107
2108
3541
3542
3543
4199
4200
4201
4202
4203
5684
5689
5690
5691
5692
5693
5694
5695
7757
7758
7764
7765
7766
7767
7768
7770
7771
9717
9871
9878
9880
9882
9883
9885
9886
9887
73168
73236
73347
73418
73420
73438
73440
73461
73499
73745
73747
73765
73767
74255
74276
74277
74292
74293
74294
74564
74565
74576
74577
74578
74583
74586
74587
74607
74633
74636
74637
74655
74658
74663
74664
74666
74748
74749
74750
74897
74900
74901
74902
74907
75890
75895
75898
75967
75968
75970
75975
75996
75997
76012
76013
76014
77948
77949
77950
77951
78021
78032
78033
78034
78036
78037
78038
78039
78043
78063
78085
78096
78097
78098
78100
78101
78102
78103
78107
78127
79173
79184
79185
79186
79188
79189
79190
79191
79195
79215
79232
79234
79235
79239
79240
79241
79242
79243
79245
79260
79261
79262
79263
79267
79271
79272
79273
79274
79276
79277
79278
79356
79357
79358
79359
79439
79460
79461
79462
79472
79473
79474
79476
79477
79478
79479
79483
79548
79549
79550
79551
79555
79559
79560
79561
79562
79564
79565
79580
79581
79582
79583
79586
79587
79591
79592
79593
79594
79597
79887
79909
79920
79921
79922
79924
79925
79926
79927
79928
79930
79931
80513
80516
80517
80518
80528
80529
80530
80531
80532
80533
80534
80535
80536
80538
80539
80559
84483
84488
84489
84490
84493
84508
84510
84511
84515
84519
84520
84521
84522
84525
84799
84802
84803
84807
84808
84809
84810
84828
84829
84830
84835
84840
84841
84845
84879
84901
84912
84913
84914
84916
84917
84918
84923
84976
84977
84978
84980
84982
84983
84987
92687
92705
92708
92709
92710
92715
92720
92721
92722
92723
92724
92725
92726
92727
92728
92729
92730
92731
92992
92993
92994
92996
92997
92998
93003
93008
93009
93010
93011
93012
93013
93014
93015
93016
93017
93018
93019
93036
93038
93039
93056
93057
93058
93059
93062
93063
93064
93065
93066
93067
93068
93069
93070
93075
93080
93081
93084
93085
93086
93087
93088
93089
93090
93091
93094
93095
93096
93097
93098
93099
93100
93101
93102
93171
93176
93177
93180
93181
93182
93183
93312
93313
93316
93317
93318
93323
93328
93329
93330
93331
93332
93333
93334
93335
93336
93337
93338
93339
93358
93359
96233
96234
96235
96236
96237
96238
96239
96240
96241
96242
96243
96272
96273
96274
96275
96276
96277
96278
96279
96280
96281
96282
96283
96284
96285
96286
96288
96290
96291
96295
96296
96297
96298
96300
96301
96302
96303
96304
96305
96306
96307
96308
96310
96311
96312
96313
96314
96315
96316
96317
96318
96319
96325
96387
96392
96393
96396
96397
96398
96399
96476
96477
96478
96479
96496
96497
96498
96500
96501
96502
96503
96507
96512
96513
96514
96515
96516
96517
96518
96519
96520
96521
96522
96523
96525
96579
96584
96585
96586
96588
96589
96590
96591
96592
96593
96594
96595
96596
96597
96598
96599
96600
96601
96602
96603
96604
96605
96606
96610
96611
96615
96616
96617
96618
96620
96621
96622
96623
96624
96625
96626
96627
96628
96630
96631
96632
96633
96634
96635
96636
96637
96638
96639
96645
96676
96677
96924
96925
96926
96927
96944
96945
96946
96948
96949
96950
96951
96955
96960
96961
96962
96963
96964
96965
96966
96967
96968
96969
96970
96971
96972
96973
97424
97425
97426
97427
97430
97431
97432
97433
97434
97435
97436
97437
97438
97439
97443
97448
97449
97452
97453
97454
97455
97456
97457
97458
97459
97460
97461
97462
97463
97464
97465
97466
97467
97468
97469
97470
97477
97731
97736
97737
97740
97741
97742
97743
97744
97745
97746
97747
97748
97750
97751
97752
97753
97754
97755
97756
97757
97758
97763
97768
97769
97770
97772
97773
97774
97775
97776
97777
97778
97779
97782
97783
97784
97785
97786
97787
97788
97789
97790
97791
97820
97821
97822
97823
97839
97840
97841
97842
97844
97845
97846
97847
97851
97856
97857
97858
97859
97860
97861
97862
97863
97864
97865
97866
97867
97886
97887
97904
97905
97908
97909
97910
97915
97920
97921
97922
97923
97924
97925
97926
97927
97928
97929
97930
97931
97933
99075
99079
99080
99081
99082
99084
99085
99086
99087
99151
99152
99153
99154
99156
99157
99158
99159
99162
99163
99168
99169
99170
99171
99172
99173
99174
99175
99176
99177
99178
99179
99180
99181
99196
99197
99198
99199
99216
99217
99220
99221
99222
99227
99232
99233
99234
99235
99236
99237
99238
99239
99240
99241
99242
99243
99260
99262
99263
101601
101604
101605
101606
101611
101648
101649
101650
101651
101652
101653
101654
101655
101656
101657
101658
101660
101666
101667
101722
101723
117345
117346
117363
117364
117367
117368
117369
117374
117379
117380
117381
117382
117383
117384
117385
117386
117387
117388
117389
117390
117446
117451
117452
117455
117456
117457
117458
117459
117461
117462
117466
117467
117468
117469
117470
117471
117472
117473
117484
117487
117488
117489
117490
117491
117492
117493
117494
117497
117498
117499
117500
117501
117502
117503
117504
117505
118598
118604
118607
118608
118609
118610
118613
118614
118618
118619
118620
118621
118623
118624
118625
118639
118640
118641
118642
118643
118644
118645
118646
118650
118651
118652
118653
118654
118655
118656
118690
118711
118712
118723
118724
118725
118726
118727
118728
118729
118730
118731
118732
118733
118734
118754
118772
118775
118776
118777
118782
118787
118788
118789
118791
118792
118793
118794
118797
118798
118927
118928
118929
118930
118996
118999
119000
119001
119011
119012
119013
119015
119016
119017
119018
119019
119021
119022
119042
119059
119060
119063
119064
119065
119070
119075
119076
119077
119078
119079
119080
119081
119082
119083
119084
119085
119086
119105
119106
119315
119316
119317
119318
119322
119323
119324
119325
119326
119327
119328
119329
119334
119340
119343
119344
119345
119346
119349
119350
119354
119355
119356
119357
119359
119360
119361
