302
303
304
305
306
307
308
2413
2414
2415
2416
2417
2418
2419
4484
4502
4503
4504
4505
4506
4507
6285
6286
6287
6289
6290
6294
6295
6565
6566
6567
6585
6586
6587
6588
8352
8353
8624
8625
8626
8627
8628
8629
8630
10404
10405
10406
10407
10410
10411
10412
10415
10419
10424
10430
10434
10439
10451
10456
10459
10463
10468
10475
10504
10519
10523
10526
10535
10539
10542
10562
10635
10639
10640
10641
10642
10651
10655
10656
10657
10658
10676
10677
10678
10699
10703
10704
10705
10706
10715
10719
10720
10721
10722
10740
10741
10742
10820
10821
10822
10972
10974
10996
11000
11004
11005
11006
11007
11016
11020
11021
11022
11023
11026
11041
11042
11043
11064
11068
11069
11070
11071
11073
11074
11080
11084
11085
11086
11087
11089
11090
11101
11102
11105
11106
11107
11181
11182
11185
11186
11187
11256
11261
11262
11265
11266
11267
11277
11278
11281
11282
11283
11288
11292
11293
11294
11295
11297
11298
11325
11326
11329
11330
11331
11341
11342
11345
11346
11347
11352
11356
11357
11358
11359
11361
11362
11432
11436
11437
11438
11439
11441
11442
11752
11756
11757
11758
11759
11761
11762
11763
11885
11888
11889
11890
11904
11905
11906
11907
11910
11911
11915
11916
11917
11918
11952
11953
11954
11955
11968
11969
11970
11971
11972
11974
11975
11978
11979
11980
11981
11982
11983
12054
12055
12058
12059
12060
12061
12062
12063
12144
12145
12146
12147
12160
12161
12162
12163
12164
12165
12166
12167
12168
12169
12170
12171
12172
12173
12174
12175
12208
12209
12210
12211
12224
12225
12226
12227
12228
12229
12230
12231
12232
12233
12234
12235
12236
12237
12238
12239
12308
12309
12310
12311
12312
12313
12314
12315
12316
12317
12318
12319
12628
12629
12630
12631
12632
12633
12634
12635
12636
12637
12638
12639
13547
13551
13552
13553
13554
13556
13557
13789
13790
13791
13805
13806
13807
13808
13821
13822
13823
13824
13825
13826
13827
13828
13829
13830
13831
13832
13833
13834
13835
13836
13846
13869
13870
13871
13872
13885
13886
13887
13888
13889
13890
13891
13892
13893
13894
13895
13896
13897
13898
13899
13900
13905
13906
13909
13910
13953
13954
13957
13958
13969
13970
13971
13972
13973
13974
13975
13976
13977
13978
13979
13980
14063
14064
14079
14080
14081
14082
14083
14084
14085
14086
14087
14088
14091
14092
14097
14098
14099
14101
14102
14103
14108
14127
14128
14143
14144
14145
14146
14147
14148
14149
14150
14151
14152
14155
14156
14161
14162
14163
14165
14166
14167
14172
14192
14208
14209
14210
14211
14213
14214
14215
14220
14225
14226
14227
14228
14229
14230
14231
14232
14235
14236
14512
14528
14529
14530
14531
14533
14534
14535
14540
14545
14546
14547
14548
14549
14550
14551
14552
14553
14554
14555
14556
14831
14832
14848
14849
14850
14851
14853
14854
14855
14856
14860
14865
14866
14867
14869
14870
14871
14876
14896
14912
14913
14914
14915
14917
14918
14919
14924
14929
14930
14931
14932
14933
14934
14935
14936
14939
14940
14959
14960
14976
14977
14978
14979
14980
14981
14982
14983
14984
14987
14988
14993
14994
14995
14997
14998
14999
15004
15088
15104
15105
15106
15107
15109
15110
15111
15116
15121
15122
15123
15124
15125
15126
15127
15128
15129
15130
15131
15132
15152
15168
15169
15170
15171
15173
15174
15175
15180
15185
15186
15187
15188
15189
15190
15191
15192
15193
15194
15195
15196
15213
15214
15215
15216
15229
15230
15231
15232
15233
15234
15235
15236
15237
15238
15239
15240
15241
15242
15243
15244
15249
15250
15251
15253
15254
15255
15260
15533
15534
15535
15536
15551
15552
15553
15554
15555
15556
15557
15558
15559
15560
15561
15563
15564
15569
15570
15571
15573
15574
15575
15580
16816
16832
16833
16834
16835
16837
16838
16839
16844
16849
16850
16851
16852
16853
16854
16855
16856
16859
16860
17547
17563
17564
17565
17566
17568
17569
17570
17575
17580
17581
17582
17583
17584
17585
17586
17587
17588
17589
17590
17591
17611
17627
17628
17629
17630
17632
17633
17634
17639
17644
17645
17646
17647
17648
17649
17650
17651
17652
17653
17654
17655
17656
17657
17672
17673
17674
17675
17688
17689
17690
17691
17692
17693
17694
17695
17696
17697
17698
17699
17700
17701
17702
17703
17708
17709
17710
17712
17713
17714
17719
17803
17819
17820
17821
17822
17824
17825
17826
17831
17836
17837
17838
17839
17840
17841
17842
17843
17844
17845
17846
17847
17848
17849
17884
17885
17888
17889
17900
17901
17902
17903
17904
17905
17906
17907
17908
17909
17910
17911
17912
17913
17914
17919
17923
17924
17925
17926
17928
17929
17930
17931
17935
17939
17940
17941
17942
17944
17945
17946
17947
17948
17949
17950
17951
17952
17953
17954
17955
17956
17957
17958
17959
17960
17961
17962
17964
17965
17968
17969
17970
17975
18244
18245
18248
18249
18250
18251
18260
18261
18264
18265
18266
18267
18268
18269
18270
18271
18272
18273
18274
18275
18276
18277
18278
18279
18280
18281
18284
18285
18286
18288
18289
18290
18295
18588
18589
18592
18593
18604
18605
18606
18607
18608
18609
18610
18611
18612
18613
18614
18615
18616
18617
18618
18640
18641
18642
18643
18644
18647
18651
18652
18653
18654
18656
18657
18658
18659
18663
18667
18668
18669
18670
18672
18673
18674
18675
18676
18677
18678
18679
18680
18681
18682
18683
18684
18685
18686
18687
18688
18689
18690
18692
18693
18696
18697
19603
19607
19608
19609
19610
19612
19613
19614
19615
19619
19623
19624
19625
19626
19628
19629
19630
19631
19632
19633
19634
19635
19636
19637
19638
19639
19640
19641
19642
19643
19644
19645
19646
19648
19649
19652
19653
23303
23304
23305
23306
23319
23320
23321
23322
23323
23324
23325
23326
23327
23328
23329
23330
23331
23332
23333
23334
23339
23340
23341
23343
23344
23345
23350
24628
24629
24630
24631
24632
24633
24634
24635
24636
24637
24638
24639
