1741
1742
1743
1744
1746
1747
1748
2771
3842
3844
3845
3846
3847
3848
3851
4853
5998
6005
6008
6009
6010
6011
6012
6957
6959
8080
8081
8082
8084
8085
8086
8087
8991
8993
10225
10226
10227
10228
10229
10230
10231
24733
24761
24783
24795
24800
24803
25365
25371
25374
25375
25376
25395
25401
25405
25415
25486
25488
25489
25574
25575
25576
25622
25624
25646
25647
25648
25662
25664
25954
25956
25961
25962
25964
26017
26039
26051
26057
26061
26117
26123
26127
26244
26246
26252
26254
28470
28472
28473
28491
28494
28495
28496
28506
28507
28508
28510
28511
28512
28513
28517
28586
28587
28588
28590
28591
28592
28593
28597
28605
28611
28614
28615
28616
28617
28621
28627
28630
28631
28632
28633
28667
28670
28671
28672
28677
28954
28956
28957
28962
28963
28964
28966
28967
28968
29295
29306
29307
29308
29310
29312
29313
29314
29316
29317
29337
29487
29498
29499
29500
29501
29505
29506
29507
29508
29509
29511
29529
29561
29582
29583
29594
29595
29596
29598
29600
29601
29602
29604
29605
29658
29660
29661
29665
29666
29667
29668
29671
30826
30827
30828
30833
30834
30836
30837
30857
30858
30860
30861
30866
30867
30868
30871
31078
31079
31080
31081
31163
31166
31167
31168
31169
31173
31214
31215
31216
31229
31234
31235
31238
31239
31240
31254
31256
31257
31469
31475
31478
31479
31480
31499
31502
31504
31505
31509
31518
31519
31520
32034
32077
32079
32084
32085
32087
32108
32109
32111
32112
32117
32118
32119
32122
32204
41993
42014
42015
42026
42027
42028
42029
42030
42032
42033
42034
42035
42036
42037
42038
42039
42040
42041
42107
42110
42111
42112
42117
42122
42123
42124
42125
42126
42127
42128
42129
42130
42131
42132
42133
42134
42135
42136
42150
42152
42153
42171
42174
42175
42176
42177
42181
42186
42187
42188
42189
42190
42191
42192
42193
42194
42195
42196
42197
42198
42199
42200
42205
42211
42214
42215
42216
42217
42490
42491
42492
42494
42495
42496
42497
42498
42500
42501
42506
42507
42508
42509
42510
42512
42513
42514
42515
42516
42517
42518
42519
42520
42521
42522
42524
42525
42530
42531
42532
42534
42535
42536
42537
42566
42568
42569
42590
42591
42592
42602
42603
42604
42605
42606
42608
42609
42610
42611
42612
42613
42614
42615
42616
42617
42621
42627
42630
42631
42632
42633
42650
42651
42652
42654
42655
42656
42657
42661
42666
42667
42668
42669
42670
42671
42672
42673
42674
42675
42676
42677
42678
42679
42680
42814
42815
42816
42826
42827
42828
42829
42830
42831
42832
42833
42834
42835
42836
42837
42839
42857
43965
43970
43971
43974
43975
43976
43977
43994
43995
43996
43998
43999
44000
44001
44002
44004
44005
44010
44011
44012
44013
44014
44015
44016
44017
44018
44019
44020
44021
44023
45327
45370
45371
45372
45373
45374
45375
45376
45377
45378
45379
45380
45381
45386
45387
45388
45389
45393
45394
45395
45396
45397
45398
45399
45400
45401
45402
45404
45405
45410
45411
45412
45414
45415
45416
45417
45497
46090
46091
46092
46094
46095
46096
46097
46098
46100
46101
46138
46139
46140
46141
46145
46146
46147
46148
46149
46150
46151
46152
46153
46166
46168
46169
46170
46171
46172
46173
46174
46175
46176
46177
46178
46179
46180
46181
46183
46187
46190
46191
46192
46193
46197
46253
46258
46259
46260
46262
46263
46264
46265
46390
46391
46392
46393
46475
46478
46479
46480
46481
46485
46522
46523
46524
46525
46526
46527
46528
46529
46530
46531
46532
46533
46535
46541
46547
46550
46551
46552
46553
46554
46555
46556
46557
46561
46562
46563
46564
46565
46566
46567
46568
46569
46575
46646
46648
46649
46734
46735
46736
46778
46779
46780
46781
46782
46784
46785
46786
46787
46788
46789
46790
46791
46792
46803
46806
46807
46808
46809
46810
46811
46812
46813
46814
46816
46817
46818
46819
46820
46821
46822
46823
46824
46830
46831
46832
51279
51450
51451
51452
51453
51454
51456
51457
51458
51460
51461
51469
51475
51478
51479
51480
51481
51482
51484
51485
51490
51491
51492
51494
51495
51496
51497
51562
51564
51565
51570
51571
51572
51574
51575
51576
51577
51581
51587
51590
51591
51592
51593
51610
51611
51612
51614
51615
51616
51617
51618
51620
51621
51626
51627
51630
51631
51632
51633
51637
51961
52422
52424
52425
52446
52447
52448
52458
52459
52460
52461
52462
52464
52465
52466
52467
52468
52469
52471
52795
52798
52799
52800
52801
52805
52810
52811
52812
52813
52817
52818
52819
52820
52821
52822
52823
52824
52829
52835
52838
52839
52840
52841
52991
53002
53003
53004
53005
53006
53007
53008
53009
53010
53011
53012
53013
53033
53050
53052
53053
53058
53059
53060
53062
53063
53064
53065
53081
53082
53083
53084
53086
53087
53088
53089
53090
53092
53093
53098
53099
53100
53102
53103
53104
53105
53106
53108
53109
53162
53164
53165
53170
53171
53172
53174
53175
53176
53177
54022
54024
54025
54046
54047
54048
54058
54059
54060
54061
54062
54064
54065
54066
54067
54068
54069
54071
54139
54142
54143
54144
54145
54149
54154
54155
54156
54157
54161
54162
54163
54164
54165
54166
54167
54168
54182
54183
54184
54185
54207
54218
54219
54220
54222
54223
54224
54225
54226
54228
54229
54249
56373
56374
56375
56545
56546
56547
56548
56552
56553
56554
56555
56556
56557
56558
56559
56575
56576
56577
56578
56579
56580
56584
56585
56586
56587
56588
56590
56598
56669
56671
56672
56673
56675
56676
56681
56682
56683
56685
56686
56687
56704
56705
56706
56707
56708
56709
56711
56712
56713
56714
56715
56716
56725
56726
56727
57053
57055
57056
135618
135619
135620
135621
135622
135623
