1203
1208
1213
1214
1215
1216
1217
1218
3310
3311
3317
3318
3319
3322
3324
3325
5444
5445
5446
5447
5448
5453
5454
5455
7517
7519
7520
7521
7522
7523
7525
7528
8953
9616
9617
9618
9620
9621
9628
9629
9630
24653
24690
24700
24711
24823
24922
24948
24964
25077
25079
25086
25126
25133
25135
25747
25754
25756
25759
25782
25785
25801
26404
26413
26415
26416
26432
26465
26467
26468
26474
26477
26479
26818
26824
26825
26828
26929
26931
26938
26939
26942
26965
26967
26968
26978
26985
26987
26988
27014
27125
27127
27128
27153
27155
27161
27162
27163
27166
27174
29998
30000
30001
30027
30028
30034
30036
30037
30039
30047
30048
30138
30140
30141
30147
30150
30152
30153
30202
30205
30211
30214
30216
30217
30233
32494
32497
32499
32500
32501
32504
32864
32870
32873
32875
32876
32898
32909
32911
32912
32918
32919
32921
32922
32923
32924
32973
32976
32982
32985
32987
32988
33074
33117
33119
33120
33126
33127
33129
33130
33131
33153
33154
33155
33156
33166
33173
33175
33176
33178
34530
34531
34541
34544
34550
34553
34555
34556
34557
34559
34560
34566
34569
34571
34572
34974
34975
34981
34983
34984
34986
35006
35009
35011
35012
35013
35015
35016
35022
35025
35027
35028
35029
35032
35117
35118
35119
35125
35126
35127
35128
35130
35169
35170
35171
35172
35196
35197
35199
35200
35206
35207
35209
35210
35211
35212
35218
35313
35314
35315
35316
35757
35758
35759
35760
35765
35766
35767
35768
35769
35770
35771
35772
35870
35873
35875
35876
35877
35879
35880
35882
35902
35903
35905
35908
35909
35911
35912
35914
35921
35922
35923
35924
35950
35953
35955
35956
35957
35959
35960
48138
48139
48140
48141
48142
48145
48146
48147
48148
48149
48150
48151
48152
48250
48251
48252
48254
48256
48257
48258
48259
48260
48261
48263
48283
48286
48288
48289
48290
48292
48293
48295
48299
48302
48303
48304
48305
48306
48308
48309
48311
48334
48335
48336
48337
48341
48655
48698
48700
48701
48707
48710
48711
48712
48713
48734
48735
48736
48746
48747
48748
48749
48754
48755
48756
48757
48758
48759
48760
48761
48777
48810
48812
48813
48819
48822
48824
48825
48911
48954
48955
48956
48957
48962
48963
48964
48966
48967
48968
48969
48990
48991
48992
48993
49002
49003
49004
49005
49009
49010
49011
49012
49013
49015
49016
49069
49078
49080
49081
58577
58578
58579
58580
58592
58601
58603
58604
58605
58606
58607
58608
58613
58614
58615
58616
58617
58618
58619
58620
58626
58627
60096
60105
60107
60108
60194
60237
60239
60240
60246
60249
60250
60251
60252
60273
60274
60275
60285
60286
60287
60288
60293
60294
60295
60296
60297
60298
60299
60300
60301
60303
60304
60310
60313
60315
60316
60338
60349
60351
60352
60358
60359
60361
60362
60363
60364
60449
60450
60451
60452
60493
60494
60495
60496
60501
60502
60503
60504
60505
60506
60507
60508
60526
60529
60530
60531
60532
60533
60536
60541
60542
60543
60544
60545
60547
60548
60549
60550
60551
60552
60553
60554
60555
60894
60897
60898
60899
60900
60901
60903
60904
60906
61070
61071
61073
61074
61075
61076
61077
61079
61080
61082
61101
61102
61103
61104
61105
61107
61108
61109
61110
61111
61112
61113
61114
61115
61121
61122
61123
61124
61125
61128
61202
61213
61214
61215
61216
61221
61222
61223
61224
61225
61226
61227
61228
61232
61241
61243
61244
61265
61266
61267
61277
61279
61280
61286
61289
61291
61292
61293
61295
61296
61302
61305
61306
61307
61308
61314
66572
66615
66616
66617
66618
66619
66621
66622
66623
66624
66625
66626
66627
66628
66629
66630
66648
66651
66652
66653
66654
66655
66657
66658
66660
66663
66664
66665
66666
66667
66668
66669
66670
66671
66672
66673
66674
66675
66676
66677
66678
66727
66730
66736
66739
66741
66742
68342
68343
68344
68345
68346
68347
68349
68350
68351
68352
68353
68354
68355
68356
68357
68358
68376
68379
68380
68381
68382
68383
68385
68386
68388
68391
68392
68393
68395
68396
68397
68398
68399
68400
68401
68402
68404
68405
68487
68488
68489
68490
68491
68493
68494
68495
68496
68497
68498
68499
68500
68501
68536
68539
68540
68541
68542
68543
68545
68546
68548
68554
68563
68565
68566
68567
68568
68569
68570
68571
68574
68575
68576
68577
68578
68579
68580
68581
68582
68587
68588
68589
68590
68923
68924
68925
68935
68936
68937
68938
68943
68944
68945
68946
68947
68948
68949
68950
68951
68953
68954
68960
68963
68964
68965
68966
68972
69115
69116
69117
69127
69128
69129
69130
69135
69136
69137
69138
69139
69140
69141
69142
69143
69145
69146
69152
69155
69156
69157
69158
69164
69240
69241
69243
69244
69245
69246
69247
69249
69250
69252
69258
69267
69269
69270
69271
69272
69273
69274
69275
69277
69278
69279
69280
69281
69282
69283
69284
69285
69286
69288
69291
69292
69293
69294
69295
69298
69319
69320
69321
69322
69323
69324
69325
69326
69327
69328
69329
69330
69331
69332
69333
69707
69708
69709
69710
69714
71435
71436
71437
71438
71442
71479
71480
71481
71482
71487
71488
71489
71491
71492
71493
71494
71515
71516
71517
71518
71527
71528
71529
71530
71531
71534
71535
71536
71537
71538
71539
71540
71541
71542
71543
71545
71546
71552
71555
71556
71557
71558
71579
71580
71581
71591
71592
71593
71594
71599
71600
71601
71602
71603
71604
71605
71606
71628
71772
71773
71840
71843
71844
71845
71846
71847
71848
71849
71850
71851
71852
71853
71854
71855
71856
71857
71858
71859
71875
71876
71877
71878
71879
71880
71881
71882
71883
71884
71885
71886
71887
71888
71889
71890
71891
71892
71893
71894
71896
71897
71898
71899
71900
71901
71920
71923
71924
71925
71926
71927
71929
71930
71932
