1185
1186
1187
1189
1190
1191
1192
2745
3290
3293
3294
3295
3296
3298
3300
3301
5427
5428
5430
5431
5432
5433
5434
6911
7501
7502
7503
7504
7505
7509
7510
7511
9605
9606
9607
9608
9609
9610
9611
9612
24662
24710
24836
24852
24935
24946
25046
25053
25055
25056
25088
25097
25099
25703
25794
25797
25803
25808
25861
25867
25870
25872
26354
26361
26363
26366
26392
26396
26405
26407
26408
26805
26807
26808
26833
26835
26836
26842
26846
26854
26934
26957
26960
26964
26973
26975
26976
27009
27011
27019
27022
27138
27144
27145
27148
29819
29822
29824
29825
29829
30054
30057
30143
30186
30188
30189
30195
30198
30199
30200
30222
30223
30224
30235
30242
30244
30245
30442
30444
30445
30451
30454
30456
30457
30479
30480
30490
30491
30492
30498
30500
30501
30503
32673
32675
32676
32680
32701
32702
32703
32709
32710
32711
32712
32714
32722
32723
32802
32813
32815
32816
32822
32825
32827
32828
32841
32843
32844
32877
32879
32880
32886
32887
32889
32890
32891
32892
32908
34477
34478
34479
34484
34485
34486
34487
34488
34490
34589
34590
34591
34592
34597
34598
34599
34600
34601
34602
34603
34622
34625
34626
34627
34628
34632
34638
34641
34643
34644
34645
34647
34648
34650
34674
34675
34993
34994
34995
34996
35085
35087
35088
35094
35097
35099
35100
35101
35104
35110
35113
35115
35116
35138
35149
35150
35151
35152
35157
35158
35159
35161
35162
35163
35294
35297
35300
35301
35303
35304
35306
35326
35332
35333
35335
35336
35338
35345
35346
35347
35348
35809
35810
35811
35812
35833
35836
35837
35839
35840
35845
35846
35847
35849
35850
35851
35852
35858
47434
47435
47436
47437
47441
47442
47443
47444
47445
47446
47447
47448
47449
47465
48317
48326
48328
48329
48351
48362
48364
48365
48371
48372
48374
48375
48376
48377
48718
48719
48720
48721
48890
48891
48892
48893
48897
48898
48899
48900
48901
48902
48903
48904
48923
48926
48928
48929
48930
48932
48933
48939
48942
48944
48945
48946
48948
48949
49034
49035
49036
49037
49041
49042
49043
49044
49045
49046
49047
49048
49086
49087
49088
49089
49101
49107
49110
49112
49113
49114
49116
49117
49123
49124
49126
49127
49128
49129
49135
49914
49917
49923
49926
49928
49929
49951
49962
49963
49964
49965
49970
49971
49972
49974
49975
49976
49977
50062
50063
50064
50065
50106
50107
50108
50109
50110
50112
50113
50114
50115
50116
50117
50118
50119
50120
50139
50142
50144
50145
50146
50148
50149
50151
50155
50158
50159
50160
50161
50162
50164
50165
50167
59281
59282
59283
59284
59293
59295
59296
59302
59305
59307
59308
59309
59311
59312
59317
59318
59319
59321
59322
59323
59324
59330
59409
59410
59411
59412
59416
59421
59424
59430
59433
59435
59436
59437
59438
59439
59440
59445
59446
59447
59448
59449
59450
59451
59452
59458
59459
59485
59486
59487
59488
59489
59491
59492
59493
59494
59495
59496
59497
59498
59499
59810
59853
59854
59855
59856
59857
59860
59861
59862
59863
59864
59865
59866
59867
59868
59886
59889
59890
59891
59892
59893
59895
59896
59898
59901
59902
59903
59905
59906
59907
59908
59909
59911
59912
59914
59977
59980
60065
60066
60067
60068
60109
60111
60112
60118
60121
60122
60123
60124
60145
60146
60147
60157
60158
60159
60160
60165
60166
60167
60168
60169
60170
60171
60172
60173
60176
60182
60185
60187
60188
60210
60221
60222
60223
60224
60229
60230
60231
60233
60234
60235
60236
66363
66364
66365
66366
66375
66376
66377
66378
66382
66383
66384
66385
66386
66387
66388
66389
66390
66391
66393
66394
66399
66400
66401
66403
66404
66405
66406
66412
66743
66746
66752
66755
66757
66758
66780
66791
66792
66793
66794
66799
66800
66801
66802
66803
66804
66805
66806
66807
66808
66809
66810
66815
66816
66817
66819
66820
66821
66822
66843
66844
66845
66846
66850
66855
66856
66857
66858
66859
66861
66862
66863
66864
66865
66866
66867
66868
66869
66870
66951
66952
66953
66955
66956
66957
66958
66959
66961
66962
66964
66999
67000
67001
67002
67003
67004
67005
67006
67007
67008
67009
67010
67011
67012
67013
67027
67029
67030
67031
67032
67033
67034
67035
67036
67037
67038
67039
67040
67041
67042
67043
67044
67045
67046
67048
67051
67052
67053
67054
67055
67057
67058
67148
68411
68412
68413
68414
68418
68423
68425
68426
68432
68435
68436
68437
68438
68439
68440
68441
68442
68447
68448
68449
68450
68451
68452
68453
68454
68460
68461
68842
68848
68851
68853
68854
68855
68856
68857
68858
68859
68861
68862
68863
68864
68865
68866
68867
68868
68869
68870
68888
68889
68891
68892
68893
68894
68895
68897
68898
68900
68903
68904
68905
68906
68907
68908
68909
68910
68911
68912
68913
68914
68916
68917
68999
69000
69001
69002
69003
69005
69006
69007
69008
69009
69010
69011
69012
69013
69014
69030
69048
69051
69052
69053
69054
69055
69057
69058
69063
69065
69066
69072
69075
69077
69078
69079
69080
69081
69082
69086
69087
69088
69089
69090
69091
69092
69093
69094
69099
69100
69101
69102
69195
69196
69197
69198
69202
69628
69639
69640
69641
69642
69643
69645
69646
69647
69648
69649
69650
69651
69652
69653
69654
69667
69669
69670
69751
69752
69753
69754
69755
69757
69758
69759
69760
69761
69762
69763
69764
69765
69766
69783
69784
69785
69787
69788
69789
69790
69791
69792
69793
69794
69796
69800
69803
69804
69805
69806
69807
69809
69810
69812
69832
69835
69836
69837
69838
69839
69842
71675
71676
71677
71687
71688
71689
71690
71691
71693
71694
71695
71696
71697
71698
71699
71700
71701
71702
71703
71705
71706
71712
71715
71716
71717
71718
71750
71751
71752
71753
71754
71755
71756
71757
71759
71760
71761
71762
71763
71764
71765
71766
71768
