1375
1380
1381
1382
1384
1385
1386
1387
3482
3483
3484
3489
3493
3495
3496
5626
5627
5628
5629
5641
5642
5643
7703
7704
7705
7706
7707
7716
7731
9827
9828
9829
9830
9842
9843
9847
73139
73158
73247
73319
73322
73324
73400
73405
73429
73447
73450
73451
73452
73788
74108
74109
74110
74176
74177
74178
74180
74182
74187
74195
74199
74200
74202
74223
74499
74503
74504
74505
74506
74524
74525
74526
74531
74537
74540
74541
74620
74622
74689
74692
74693
74694
74704
74706
74711
74715
74735
74773
76041
76060
76062
76067
76072
76073
77360
77361
77362
77364
77366
77367
77370
77371
77631
77632
77633
77634
77636
77637
77638
77639
77642
77643
77650
77651
77655
77656
77657
77658
77676
77677
77678
77679
77699
77704
77705
77708
77709
77710
77724
77725
77726
77727
77731
77735
77736
77737
77738
77811
77816
77817
77820
77821
77822
78924
78925
78926
78927
78940
78942
78943
78944
78945
78946
78947
78948
78949
78950
78951
78952
78953
78954
78955
78991
79008
79009
79012
79013
79014
79024
79025
79026
79028
79029
79030
79031
79035
79055
79072
79073
79076
79077
79078
79083
79088
79089
79090
79092
79093
79094
79095
79099
79410
79411
79415
79416
79417
79418
79420
79421
79680
79681
79684
79685
79686
79691
79696
79697
79698
79700
79701
79702
79703
79706
79707
79727
79744
79746
79747
79750
79751
79752
79753
79754
79755
79763
79767
79768
79769
79770
79772
79773
79774
79779
79784
79785
79788
79789
79790
79868
79869
79870
79871
80005
80016
80017
80018
80020
80021
80022
80027
85071
85088
85089
85092
85093
85094
85099
85105
85108
85109
85110
85170
85171
85175
85176
85177
85178
85198
85199
85215
85216
85217
85218
85220
85221
85222
85227
90239
90321
90324
90325
90326
90368
90369
90370
90371
90372
90373
90374
90375
90376
90377
90378
90379
90384
90385
90386
90387
90388
90389
90390
90391
90392
90393
90394
90395
90396
90397
90412
90413
90414
90415
91440
91442
91443
91447
91448
91449
91450
91451
91452
91453
91454
91455
91459
91463
91464
91465
91466
91468
91469
91470
91471
91475
91480
91481
91484
91485
91486
91487
91488
91489
91490
91491
91492
91493
91494
91495
91496
91497
91498
91499
91500
91501
91502
91532
91533
91534
91535
91551
91552
91553
91554
91556
91557
91558
91559
91562
91563
91568
91569
91570
91572
91573
91574
91575
91579
91599
91616
91617
91620
91621
91622
91627
91632
91633
91634
91635
91636
91637
91638
91639
91640
91641
91642
91643
91749
91760
91761
91762
91763
91764
91765
91766
91767
91768
91769
91770
91771
91773
91827
91831
91832
91833
91834
91836
91837
91838
91839
91842
91843
91847
91848
91849
91850
91852
91853
91854
91859
91864
91865
91866
91868
91869
91870
91871
91872
91874
91875
91879
91880
91881
91882
91883
91884
91885
91886
92172
92173
92174
92175
92190
92191
92192
92193
92194
92195
92196
92197
92198
92199
92200
92201
92202
92203
92208
92209
92210
92212
92213
92214
92219
95645
95648
95649
95650
95651
95664
95666
95667
95668
95669
95670
95671
95672
95673
95674
95675
95676
95677
95678
95679
95684
95685
95686
95687
95688
95689
95690
95691
95692
95694
95695
95715
95733
95736
95737
95738
95748
95749
95750
95751
95752
95753
95754
95755
95756
95757
95758
95759
95760
95761
95762
95767
95772
95773
95774
95776
95777
95778
95779
95792
95793
95794
95795
95796
95797
95798
95799
95800
95801
95802
95803
95804
95805
95806
95807
95809
95812
95813
95814
95816
95817
95818
95819
95823
95931
95933
95934
95936
96027
96030
96069
96070
96071
96072
96073
96074
96075
96076
96077
96078
96079
96080
96081
96082
96084
96085
96086
96087
96090
96091
96092
96093
96094
96095
96096
96097
96098
96099
96100
96101
96102
96103
96106
96107
96108
96109
96110
96111
96112
96113
96114
96115
97183
97200
97201
97202
97204
97205
97206
97211
97216
97217
97218
97219
97220
97221
97222
97223
97224
97225
97226
97227
97228
97229
98273
98276
98277
98320
98321
98322
98324
98325
98326
98331
98336
98337
98338
98339
98340
98341
98342
98343
98344
98345
98346
98347
98366
98367
98447
98512
98513
98514
98515
98516
98517
98518
98519
98520
98521
98522
98523
98525
98528
98529
98530
98531
98532
98533
98534
98535
98536
98537
98538
98539
98540
98541
98542
98547
98552
98553
98554
98556
98557
98558
98559
98576
98577
98578
98579
98582
98583
98584
98585
98586
98587
98588
98589
98590
98591
98595
98599
98600
98601
98602
98604
98605
98606
98607
98608
98609
98610
98611
98612
98613
98614
98615
98616
98617
98618
98619
98620
98621
98622
98629
98688
98690
98691
98695
98696
98697
98698
98699
98700
98701
98702
98703
99020
99021
99022
99023
99349
99360
99361
99362
99364
99365
99366
99371
99536
99537
99538
99540
99541
99542
99543
99546
99547
99552
99553
99554
99555
99556
99557
99558
99559
99560
99561
99562
99563
99580
99582
99583
99600
99601
99602
99603
99604
99605
99606
99607
99608
99609
99610
99611
99612
99613
99616
99617
99618
99619
99620
99622
99623
99624
99625
99626
99627
99628
99629
99630
99635
99639
99640
99641
99642
99644
99645
99646
99647
99721
99724
99725
99726
99727
100047
119697
119698
119764
119767
119768
119769
119779
119780
119781
119783
119784
119785
119790
119810
119827
119828
119829
119831
119832
119833
119838
119843
119844
119845
119846
119847
119848
119849
119850
119851
119852
119853
119854
119873
119874
120092
120095
120096
120097
120098
120111
120113
120114
120115
120116
120117
120118
120119
120120
120121
120122
120123
120124
120125
120126
120197
120198
120202
120203
120204
120205
120207
120208
120209
120271
120272
120273
120274
120275
120276
120277
120278
120279
120281
120282
120283
120284
120285
120286
120288
120294
120298
120299
120300
120301
120303
120304
120305
120310
120315
120316
120317
120319
120320
120321
120322
