1472
1473
1474
1475
1483
1484
1485
1490
3589
3590
3592
3598
3603
3604
3605
5793
5794
5795
5807
5808
5809
5810
7627
7632
7859
7876
7885
7886
7887
7888
7889
10045
10049
10050
10051
10052
10053
10054
73278
73634
73827
73836
73838
73925
73955
73964
73966
73967
74002
74013
75403
75425
75432
75435
75444
75446
76116
76118
76119
76224
76226
76227
76233
76236
76238
76261
76273
76280
76282
76285
76628
76630
76735
76739
76748
76750
76751
76773
76784
76786
76793
76797
76929
76936
76938
76939
76941
76961
76964
76967
76971
76980
76982
76983
82501
82515
82524
82526
82527
82528
82531
82537
82540
82542
82543
82629
82630
82656
82658
82659
82665
82668
82670
82671
82677
82705
82706
82712
82714
82715
82717
85392
85394
85395
85401
85402
85404
85405
85406
85824
85826
85827
85833
85834
85836
85837
85838
85839
85860
85861
85862
85863
85873
85874
85880
85882
85883
85885
85969
85972
85974
85975
85976
85979
86017
86020
86022
86023
86024
86027
86049
86056
86058
86059
86061
86068
86069
86070
86071
86165
87441
87442
87444
87447
87448
87450
87451
87453
87823
87856
87858
87859
87865
87868
87870
87871
87872
87875
87881
87884
87886
87887
87909
87920
87922
87923
87929
87930
87932
87933
87934
87935
88020
88021
88022
88023
88064
88065
88066
88072
88073
88074
88075
88077
88078
88097
88100
88102
88103
88104
88107
88113
88116
88118
88119
88120
88122
88123
88125
88644
88645
88646
88647
88672
88673
88674
88675
88680
88681
88682
88683
88684
88685
88686
88687
88692
88693
88694
88773
88784
88786
88787
88793
88796
88797
88798
88799
88800
88803
88809
88812
88814
88815
88837
88848
88850
88851
88857
88860
88861
88862
88863
88864
88867
88876
88878
88879
109416
109417
109459
109461
109462
109468
109471
109473
109474
109496
109497
109507
109508
109509
109510
109515
109516
109517
109518
109519
109520
109521
109522
109526
109535
109537
109538
109560
109571
109573
109574
109580
109583
109585
109586
109924
109925
109927
109929
109930
109931
109933
109934
109936
110035
110036
110037
110038
110042
110043
110044
110045
110046
110047
110048
110049
110068
110071
110072
110073
110074
110075
110077
110078
110084
110087
110089
110090
110091
110093
110094
110096
110119
110120
110121
110122
110231
110232
110233
110234
110238
110259
110260
110261
110262
110267
110268
110269
110270
110271
110272
110273
110274
110279
110280
110281
120936
120979
120980
120981
120982
120987
120988
120989
120990
120991
120992
120993
120994
121015
121016
121017
121018
121027
121028
121029
121030
121031
121034
121035
121036
121037
121038
121039
121040
121041
121042
121094
121103
121105
121106
122708
122711
122712
122713
122714
122715
122717
122718
122720
122739
122740
122741
122742
122743
122745
122746
122747
122748
122749
122750
122751
122752
122753
122754
122756
122759
122760
122761
122762
122763
122766
122840
122851
122852
122853
122854
122859
122860
122861
122862
122863
122864
122865
122866
122867
122870
122876
122879
122881
122882
122903
122904
122905
122906
122915
122917
122918
122924
122927
122928
122929
122930
122931
122933
122934
122940
122941
122943
122944
122945
122946
122952
123287
123288
123289
123290
123299
123301
123302
123308
123311
123313
123314
123315
123316
123317
123318
123323
123324
123325
123326
123327
123328
123329
123330
123336
123337
123491
123492
123493
123494
123498
123499
123500
123501
123502
123503
123504
123505
123506
123522
123604
123605
123607
123609
123610
123611
123613
123614
123616
123635
123636
123637
123639
123641
123642
123643
123644
123645
123646
123648
123652
123655
123656
123657
123658
123659
123661
123662
123684
123687
123688
123689
123690
123691
123693
123694
123696
124067
124068
124069
124071
124072
124073
124074
124075
124076
124077
124078
124080
129026
129037
129038
129039
129040
129041
129044
129045
129046
129047
129048
129049
129050
129051
129052
129053
129055
129056
129062
129065
129067
129068
129932
129965
129967
129968
129974
129977
129979
129980
130322
130493
130495
130496
130502
130503
130505
130506
130507
130508
130529
130530
130531
130541
130542
130543
130544
130549
130550
130551
130552
130553
130554
130555
130556
130641
130642
130643
130644
130648
130685
130686
130687
130688
130689
130692
130693
130694
130695
130696
130697
130698
130699
130700
130718
130721
130722
130723
130724
130725
130727
130728
130730
130733
130734
130735
130736
130737
130739
130740
130741
130742
130743
130744
130745
130746
130747
130800
130809
130812
130898
130941
130943
130944
130950
130953
130955
130956
130978
130979
130989
130990
130991
130992
130997
130998
130999
131000
131001
131002
131003
131004
131345
131346
131347
131348
131517
131518
131519
131520
131524
131525
131526
131527
131528
131529
131530
131531
131532
131550
131553
131554
131555
131556
131557
131559
131560
131565
131566
131567
131568
131569
131571
131572
131573
131574
131575
131576
131577
131578
131579
131580
131661
131662
131663
131665
131666
131667
131668
131669
131670
131671
131672
131674
131709
131710
131711
131712
131713
131714
131715
131716
131717
131718
131719
131720
131722
131723
131740
131741
131742
131743
131744
131745
131747
131748
131749
131750
131751
131752
131753
131754
131755
131756
131758
131761
131762
131763
131764
131765
131767
131768
131770
133825
133826
133827
133828
133832
133837
133838
133839
133840
133845
133846
133847
133849
133850
133851
133852
133853
133854
133855
133856
133861
133862
133863
133864
133865
133866
133867
133868
133873
133874
133875
133950
133953
133954
133955
133956
133957
133959
133960
133965
133967
133968
133974
133977
133978
133979
133980
133981
133982
133983
133984
133988
133989
133990
133991
133992
133993
133994
133995
133996
134001
134002
134003
134004
134018
134029
134030
134031
134032
134033
134035
134036
134037
134038
134039
134040
134041
134042
134043
134044
134048
134057
134059
134060
134187
134188
134189
134190
134192
134193
134194
134195
134196
134197
134198
134199
134200
134201
134218
134219
134220
134221
134222
134223
134224
134225
134226
134227
134228
134229
134231
134232
134234
134235
134236
134237
134238
134239
134240
134241
134242
134243
134244
134245
134247
134248
134301
134308
134390
134393
134395
134396
