1722
1733
1734
1735
1736
1737
3827
3836
3837
3838
3839
3840
3841
4858
5997
5999
6000
6001
6002
6003
6004
6920
6926
8073
8074
8075
8076
8077
8078
8079
10217
10218
10220
10221
10222
10223
10224
24739
24743
24797
24799
24882
24884
24898
24900
25377
25398
25399
25400
25411
25414
25416
25417
25421
25477
25483
25487
25570
25571
25577
25581
25623
25634
25636
25637
25642
25643
25644
25665
25943
25957
25963
25967
25985
26050
26052
26058
26060
26114
26116
26122
26124
26245
26251
26255
28509
28514
28515
28516
28518
28519
28520
28602
28603
28604
28606
28608
28609
28610
28612
28613
28654
28655
28656
28666
28668
28669
28673
28674
28675
28676
28678
28679
28680
28694
28696
28697
28915
28918
28919
28920
28921
28939
28942
28943
28944
28945
28949
28955
28958
28959
28960
28961
28965
29290
29291
29292
29294
29296
29297
29301
29309
29315
29318
29319
29320
29321
29325
29331
29334
29335
29336
29502
29503
29504
29546
29548
29549
29554
29555
29556
29558
29559
29560
29578
29579
29580
29584
29585
29586
29588
29589
29599
29670
29672
29673
30782
30783
30784
30829
30835
30838
30839
30840
30859
30862
30864
30865
30869
30878
30879
30880
30950
30952
30953
31210
31211
31212
31213
31217
31218
31219
31220
31221
31223
31241
31242
31244
31245
31249
31250
31251
31252
31255
31337
31423
31466
31467
31468
31473
31474
31476
31477
31497
31498
31500
31501
31506
31507
31508
31511
32078
32081
32083
32088
32096
32102
32105
32106
32107
32121
32123
42170
42172
42173
42178
42179
42180
42182
42183
42184
42185
42201
42202
42203
42204
42206
42207
42208
42209
42210
42212
42213
42218
42219
42220
42221
42222
42223
42224
42225
42226
42227
42228
42229
42231
42511
42554
42555
42556
42557
42558
42559
42560
42561
42562
42563
42564
42565
42567
42570
42571
42572
42573
42577
42578
42579
42580
42581
42582
42583
42584
42585
42586
42587
42588
42589
42593
42594
42595
42596
42597
42598
42599
42600
42601
42607
42681
42762
42763
42764
42766
42767
42768
42769
42770
42772
42773
42810
42811
42812
42813
42817
42818
42819
42820
42821
42822
42823
42824
42825
42838
42840
42841
42842
42843
42844
42845
42846
42847
42848
42849
42850
42851
42852
42853
42854
42855
42856
42858
42859
42860
42862
42863
42864
42865
42866
42868
42869
42922
42924
42925
42930
42931
42932
42934
42935
42936
42937
43785
43807
43818
43819
43820
43821
43825
43826
43827
43828
43829
43830
43831
43832
43833
43902
43903
43904
43914
43915
43916
43917
43918
43919
43920
43921
43922
43923
43924
43925
43927
43944
43945
43962
43963
43964
43966
43967
43968
43969
43972
43973
43978
43979
43980
43981
43982
43984
43985
43986
43987
43988
43989
43990
43991
43992
43993
43997
44003
44006
44007
44008
44009
45307
45310
45311
45312
45313
45317
45322
45323
45324
45325
45326
45328
45329
45330
45331
45332
45333
45334
45335
45336
45337
45341
45347
45350
45351
45352
45353
45382
45383
45384
45385
45403
45406
45407
45408
45409
45413
45418
45419
45420
45421
45422
45423
45424
45425
45426
45427
45428
45429
45430
45431
45432
45446
45448
45449
45470
45471
45472
45482
45483
45484
45485
45486
45488
45489
45490
45491
45492
45493
45494
45495
45496
46142
46143
46144
46154
46155
46156
46157
46158
46159
46160
46161
46162
46163
46164
46165
46167
46182
46184
46185
46333
46339
46342
46343
46344
46345
46362
46363
46364
46366
46367
46368
46369
46370
46372
46373
46378
46379
46380
46381
46382
46383
46384
46385
46386
46387
46388
46389
46458
46459
46460
46462
46463
46464
46465
46466
46468
46469
46474
46476
46477
46482
46483
46484
46486
46487
46488
46489
46490
46492
46493
46498
46499
46500
46502
46503
46504
46505
46538
46539
46540
46542
46543
46544
46545
46546
46548
46549
46793
46815
46826
46827
46828
46829
46833
46834
46835
46836
46837
46838
46839
46840
46841
51263
51274
51275
51276
51277
51278
51280
51281
51282
51283
51284
51285
51305
51459
51462
51463
51464
51465
51483
51486
51487
51488
51489
51493
51498
51499
51500
51502
51503
51504
51505
51506
51508
51509
51578
51579
51580
51582
51583
51584
51585
51586
51588
51589
51594
51596
51597
51602
51603
51604
51606
51607
51608
51609
51613
51619
51622
51623
51624
51625
51659
51662
51663
51664
51665
51669
51946
51948
51949
51954
51955
51956
51958
51959
51960
52470
52472
52473
52814
52815
52816
52986
52987
52988
52989
52990
52992
52993
52994
52995
52996
52997
52998
52999
53000
53014
53015
53016
53017
53018
53019
53020
53021
53025
53026
53027
53028
53029
53030
53031
53032
53039
53101
53107
53110
53111
53112
53113
53114
53115
53116
53117
53121
53122
53123
53124
53125
53126
53127
53128
53129
53145
53146
53147
53148
53149
53150
53151
53152
53153
53154
53155
53156
53157
53159
53163
53166
53167
53168
53169
53173
53494
53496
53497
53838
53839
53840
54010
54011
54012
54013
54014
54016
54017
54018
54019
54020
54021
54023
54038
54040
54041
54042
54043
54044
54045
54049
54050
54051
54052
54053
54054
54055
54056
54063
54125
54131
54134
54135
54136
54137
54138
54140
54141
54146
54147
54148
54150
54151
54152
54153
54169
54170
54171
54172
54173
54174
54175
54176
54177
54178
54179
54180
54181
54187
54190
54191
54192
54197
56549
56550
56551
56561
56562
56563
56564
56568
56569
56570
56571
56572
56573
56574
56589
56591
56592
56624
56646
56657
56658
56659
56660
56661
56663
56664
56665
56666
56667
56668
56670
56688
56710
56721
56722
56723
56724
56728
56729
56730
56731
56732
56734
135611
135612
135613
135614
135615
135616
135617
