1923
1924
1925
1930
1934
1937
4022
4028
4029
4031
4032
4033
4034
6131
6132
6138
6142
6143
6144
6145
7617
8202
8207
8208
8209
8211
8212
8214
9720
10289
10290
10291
10292
10293
10295
10296
73198
73200
73566
73568
73656
73662
73684
73725
73727
73875
73881
73885
75137
75143
75144
75147
75168
75170
75176
75178
75181
75532
75534
75556
75558
75575
75644
75646
75647
75733
75777
75783
75787
75808
75810
75811
75817
75821
76373
76419
76425
76428
76430
76452
76454
76468
76470
76471
76540
76542
76543
81473
81476
81477
81478
81479
81483
81500
81502
81503
81504
81507
81513
81516
81517
81518
81519
81599
81600
81601
81602
81603
81608
81609
81610
81611
81613
81632
81633
81634
81639
81640
81642
81643
81652
81653
81654
81685
83023
83045
83056
83057
83058
83064
83066
83067
83069
83152
83153
83154
83159
83160
83162
83163
83205
83219
83225
83228
83229
83230
83247
83504
83506
83507
83513
83514
83517
83518
83857
83860
83862
83863
83867
84036
84037
84038
84060
84062
84063
84067
84073
84076
84078
84079
84159
84160
84162
84163
84168
84169
84170
84173
84193
84196
84198
84199
84200
84202
84203
84212
84213
84214
86417
86420
86422
86423
86427
86604
86606
86607
86628
86629
86630
86640
86641
86642
86647
86648
86649
86650
86651
86653
86736
86737
86738
86739
86743
86744
86745
86746
86747
86749
86767
86789
86790
86800
86802
86803
86808
86809
86810
86812
86813
86814
86828
86830
86831
87088
87090
87091
87096
87097
87098
87100
87101
87102
105304
105315
105316
105317
105318
105319
105320
105321
105322
105323
105324
105325
105326
105328
105346
105366
105372
105375
105376
105377
105378
105399
105400
105401
105411
105412
105413
105414
105415
105417
105418
105419
105420
105421
105422
105423
105424
105425
105426
105439
105441
105442
105463
105464
105465
105475
105476
105477
105478
105479
105481
105482
105483
105484
105485
105486
105487
105488
105489
105490
105798
105804
105807
105808
105809
105810
105811
105812
105813
105814
105818
105819
105820
105821
105822
105823
105824
105825
105826
105843
105844
105845
105847
105848
105849
105850
105851
105853
105854
105856
105859
105860
105861
105863
105864
105865
105866
105867
105869
105870
105940
105943
105944
105945
105946
105950
105955
105956
105957
105958
105963
105964
105965
105966
105967
105968
105969
105970
105971
105973
105974
105979
105980
105981
105983
105984
105985
105986
106008
106019
106020
106021
106022
106023
106024
106025
106026
106027
106028
106029
106030
106031
106032
106033
106050
106152
111491
111494
111500
111503
111504
111505
111506
111591
111592
111593
111594
111598
111635
111636
111637
111639
111641
111642
111643
111645
111646
111648
111663
111665
111666
111667
111668
111669
111670
111674
111675
111676
111677
111678
111679
111680
111681
111688
112019
112020
112021
112023
112025
112026
112027
112029
112030
112032
112047
112050
112051
112052
112053
112054
112058
112059
112060
112061
112062
112063
112064
112065
112072
112231
112232
112233
112234
112275
112277
112278
112284
112287
112288
112289
112290
112308
112311
112312
112313
112314
112318
112324
112327
112329
112330
112331
112333
112334
112390
112396
112399
112400
112401
112402
113427
113429
113430
113436
113437
113439
113440
113441
113442
113460
113463
113464
113465
113466
113470
113475
113476
113477
113479
113480
113481
113482
113483
113485
113486
114839
114840
114841
114851
114852
114853
114854
114859
114860
114861
114862
114863
114864
114865
114866
114879
114881
114882
115544
115555
115556
115557
115558
115559
115561
115562
115563
115564
115565
115566
115567
115568
115569
115586
115618
115640
115651
115653
115654
115659
115660
115661
115663
115664
115665
115666
115670
115676
115679
115680
115681
115682
115703
115704
115705
115706
115715
115716
115717
115718
115719
115721
115722
115723
115724
115725
115726
115728
116047
116049
116050
116051
116052
116053
116054
116055
116057
116058
116059
116060
116061
116062
116063
116064
116065
116082
116083
116084
116085
116086
116087
116089
116090
116091
116092
116093
116094
116095
116096
116097
116103
116104
116105
116106
116179
116180
116181
116183
116184
116185
116186
116187
116189
116190
116198
116204
116207
116208
116209
116210
116211
116212
116213
116214
116219
116220
116221
116222
116223
116224
116225
116226
116232
116259
116260
116261
116263
116264
116265
116266
116267
116269
116270
116391
116392
116393
116394
125076
125079
125080
125081
125082
125083
125085
125086
125091
125092
125093
125094
125099
125100
125101
125103
125104
125105
125106
125107
125109
125110
125115
125116
125117
125119
125120
125121
125122
125128
125830
125836
125839
125840
125841
125842
125924
125927
125928
125929
125930
125934
125971
125972
125973
125974
125975
125977
125978
125979
125980
125981
125982
125983
125984
125985
125986
125999
126001
126002
126003
126004
126005
126006
126007
126008
126009
126010
126011
126012
126013
126014
126015
126016
126017
126020
126023
126024
126025
126026
126030
126312
126355
126356
126357
126358
126359
126360
126361
126362
126363
126364
126365
126366
126368
126371
126373
126374
126379
126380
126381
126383
126384
126385
126386
126387
126388
126389
126390
126391
126394
126395
126396
126397
126398
126399
126400
126401
126402
126407
126408
126409
126482
126563
126564
126565
126567
126568
126569
126570
126571
126573
126574
126576
126611
126612
126613
126614
126619
126620
126621
126622
126623
126624
126625
126626
126643
126644
126645
126647
126648
126649
126650
126651
126653
126654
126659
126660
126661
126662
126663
126664
126665
126666
126667
126668
126669
126670
126672
126673
126690
126712
126723
126724
126725
126726
126730
126731
126732
126733
126734
126735
126736
126737
126738
127631
127633
127634
127719
127720
127721
127763
127764
127765
127766
127767
127769
127770
127771
127772
127773
127774
127775
127776
127777
127778
127794
127795
127796
127797
127798
127799
127800
127801
127802
127803
127804
127805
127806
127808
127811
127812
127813
127815
127816
127817
127818
127819
127821
127822
135676
135677
135678
135679
135680
135681
135682
