3
14
17
19
31
32
35
46
51
52
122
398
399
400
401
402
403
404
2145
2154
2155
2157
2167
2171
2172
2173
2175
2186
2198
2215
2216
2219
2221
2226
2227
2506
2507
2509
2510
2511
2512
2513
4250
4256
4264
4265
4268
4270
4271
4273
4274
4275
4277
4279
4280
4281
4282
4285
4286
4288
4292
4293
4294
4297
4402
4405
4406
4418
4419
4431
4433
4434
4435
4437
4438
4589
4590
4591
4592
4593
4594
4595
6341
6343
6344
6345
6368
6371
6372
6390
6391
6393
6394
6395
6396
6397
6398
6399
6400
6403
6409
6451
6460
6479
6480
6482
6483
6485
6487
6488
6489
6490
6491
6492
6493
6498
6499
6502
6503
6504
6505
6507
6508
6510
6511
6512
6514
6669
6670
6671
6672
6673
6674
6675
6676
8447
8450
8452
8453
8454
8456
8458
8459
8461
8462
8463
8464
8465
8466
8467
8468
8469
8470
8479
8484
8490
8495
8496
8497
8498
8499
8500
8501
8507
8508
8510
8511
8512
8513
8514
8515
8517
8518
8519
8520
8522
8524
8525
8527
8528
8529
8530
8531
8533
8534
8535
8541
8547
8548
8559
8728
8729
8730
8731
8732
8733
8734
8951
11856
11860
12884
12885
12886
12887
12890
12891
12892
12893
12894
12895
12897
12901
12902
12903
12904
12905
12906
12907
12908
12909
12910
12911
12913
12916
12917
12918
12928
12929
12930
12931
12932
12933
12934
12949
12950
12951
12967
12968
12969
12971
12972
12974
12979
13044
13045
13046
13047
13057
13058
13074
13076
13242
13285
13286
13287
13288
13289
13290
13291
13298
13299
13300
13302
13303
16916
16920
16921
16922
16923
16925
16926
16927
16928
16992
16993
16994
16995
16996
16997
16998
16999
17000
17001
17003
17004
17009
17010
17011
17012
17013
17014
17015
17016
17017
17018
17019
17020
17021
17022
17037
17038
17039
17040
17061
17068
17069
17070
17072
17073
17074
17079
17287
17292
17293
17294
17296
17297
17298
17299
17312
17313
17314
17315
17316
17317
17318
17319
17320
17321
17322
17323
17324
17325
17326
17327
17329
17333
17336
17337
17338
17376
17377
17378
17379
17383
17384
17385
17386
17387
17388
17389
17390
17409
17411
17412
17413
17414
17415
17416
17417
17418
17419
17420
17421
17422
17423
17424
17429
17430
17431
17432
17435
17436
17437
17438
17439
17440
17441
17442
17443
17448
17453
17454
17457
17458
17459
17460
17485
17488
17489
17490
17495
20223
20225
20228
20229
20230
20252
20253
20254
20255
20256
20257
20258
20259
20260
20286
20291
20292
20293
20295
20296
20297
20298
20336
20337
20340
20341
20342
20347
20352
20353
20354
20355
20356
20357
20358
20359
20360
20361
20362
20363
20382
20383
20399
20400
20401
20402
20403
20404
20405
20406
20407
20408
20409
20410
20415
20416
20417
20418
20419
20420
20421
20422
20423
20424
20425
20426
20427
20428
20429
20434
20440
20443
20444
20445
20446
20507
20525
20528
20529
20530
20535
20540
20541
20542
20543
20544
20545
20546
20547
20548
20549
20550
20551
20552
20553
20554
20565
20568
20569
20570
20571
20587
20588
20589
20590
20591
20592
20593
20594
20595
20596
20598
20599
20604
20605
20606
20607
20608
20609
20610
20611
20612
20613
20614
20615
20668
20669
20670
20671
20675
20676
20677
20678
20679
20680
20681
20682
20683
20684
20685
20686
20687
20691
20692
20693
20694
20695
20696
20697
20698
20699
20703
20709
20712
20713
20714
20715
20716
20717
20718
20719
20720
20721
20722
20723
20724
20725
20726
20727
20728
20729
20730
20733
20736
20737
20738
20743
21109
21133
21134
21135
21136
21137
21138
21139
21140
21141
21142
21143
21144
21145
21146
21147
21152
21156
21157
21158
21159
21161
21162
21163
21164
21165
21166
21167
21168
21172
21173
21174
21175
21176
21177
21178
21179
21180
21209
21210
21211
21212
21227
21228
21229
21230
21232
21233
21234
21235
21236
21238
21239
21244
21245
21246
21248
21249
21250
21251
21254
21255
21275
21293
21296
21297
21298
21308
21309
21310
21311
21312
21313
21314
21315
21316
21317
21318
21319
21320
21321
21631
21636
21637
21638
21640
21641
21642
21643
21920
21921
21964
21965
21966
21968
21969
21970
21971
21975
21980
21981
21982
21983
21984
21985
21986
21987
21988
21989
21990
21991
22008
22010
22011
22091
22156
22157
22158
22160
22161
22162
22167
22172
22173
22174
22175
22176
22177
22178
22179
22180
22181
22182
22183
22200
22202
22203
22215
22216
22217
22218
22219
22220
22221
22222
22223
22224
22225
22226
22227
22228
22229
22231
22233
22234
22238
22239
22240
22241
22243
22244
22245
22246
22247
22248
22249
22250
22253
22254
22255
22256
22257
22258
22259
22260
22261
22262
22317
22322
22323
22326
22327
22328
22329
23372
23376
23377
23378
23379
23381
23382
23383
23384
23392
23393
23394
23395
23396
23397
23398
23399
23400
23402
23403
23404
23405
23406
23407
23408
23409
23433
23434
23435
23436
23437
23438
23439
23440
23441
23442
23443
23444
23445
23446
23447
23448
23449
23450
23451
23458
23459
23463
23464
23468
23469
23470
23471
23473
23474
23475
23486
23489
23490
23491
23492
23493
23494
23495
23496
23500
23501
23502
23503
23504
23505
23506
23507
23531
23548
23549
23550
23552
23553
23554
23559
23564
23565
23566
23568
23569
23570
23571
23572
23574
23575
23587
23590
23592
23593
23594
23600
23601
23602
23603
23604
23605
23606
23607
23608
23609
23610
23611
23620
23622
23623
23625
23626
23627
23628
23890
23901
23902
23903
23905
23906
23907
23908
23912
23932
23949
23950
23951
23952
23953
23954
23955
23956
23957
23958
23959
23964
23966
23967
23968
23969
23970
23971
23976
23981
23982
23985
23986
23987
24064
24066
24067
