1351
1353
1354
1368
1369
1370
1371
1372
3458
3459
3460
3477
3478
3479
3480
3481
5540
5604
5617
5618
5619
5625
5638
5639
5640
7677
7678
7679
7692
7700
7701
7702
7715
9791
9792
9793
9794
9816
9817
9818
9819
73133
73140
73175
73300
73325
73387
73403
73462
73463
73468
73473
73790
74103
74106
74172
74173
74174
74185
74189
74204
74205
74206
74211
74216
74217
74367
74448
74449
74452
74453
74454
74459
74501
74512
74513
74514
74516
74517
74518
74523
74752
74753
74754
74758
74759
74763
74771
74775
74776
74777
74778
74798
76047
76064
76065
76066
76070
76075
77315
77320
77321
77324
77325
77326
77340
77341
77342
77347
77351
77352
77353
77354
77616
77617
77618
77620
77621
77622
77623
77627
77647
77664
77665
77668
77669
77670
77675
77680
77681
77684
77685
77686
77691
77744
77746
77747
77750
77751
77752
77753
77754
77755
77774
77775
77791
77792
77793
77794
77796
77797
77798
77803
78396
78397
78398
78399
78661
78672
78673
78674
78676
78677
78678
78683
78720
78721
78722
78724
78725
78726
78727
78731
78736
78737
78738
78739
78740
78741
78742
78743
78744
78745
78746
78747
78766
78767
78847
78929
78932
78933
78934
78976
78977
78978
78980
78981
78982
78987
78992
78993
78994
78995
78996
78997
78998
78999
79000
79002
79003
79022
79023
79103
79938
79939
79943
79944
79945
79946
79947
79949
79955
79959
79960
79961
79962
79964
79965
79966
79971
79976
79977
79980
79981
79982
80012
80013
80014
80015
80028
80030
80031
80032
80033
80034
80035
80038
80039
80040
80041
80042
80043
80115
80119
80120
80121
80122
80124
80125
85113
85116
85117
85118
85183
85184
85185
85186
85190
85191
85194
85195
85203
85207
85208
85209
85210
85228
85229
85230
90188
90189
90190
90191
90207
90208
90209
90210
90211
90212
90213
90214
90215
90218
90219
90224
90225
90226
90228
90229
90230
90235
90255
90272
90273
90276
90277
90278
90288
90289
90290
90291
90292
90293
90294
90295
90296
90297
90298
90299
90316
90318
90319
90335
90336
90337
90338
90340
90341
90342
90343
90347
90352
90353
90354
90356
90357
90358
90363
91260
91261
91262
91263
91327
91328
91329
91330
91332
91333
91334
91339
91344
91345
91346
91347
91348
91349
91350
91351
91354
91355
91375
91392
91393
91394
91396
91397
91398
91399
91403
91408
91409
91410
91411
91412
91413
91414
91415
91416
91417
91418
91419
91436
91438
91439
91519
91589
91600
91601
91602
91604
91605
91606
91611
91648
91649
91650
91651
91652
91653
91654
91655
91656
91657
91658
91659
91664
91665
91666
91667
91668
91669
91670
91671
91672
91673
91674
91675
91676
91677
91692
91693
91694
91695
91907
91912
91913
91914
91916
91917
91918
91919
91932
91933
91934
91935
91936
91937
91938
91939
91940
91941
91942
91943
91944
91945
91946
91947
91949
92016
92017
92018
92019
92022
92023
92024
92025
92026
92027
92028
92029
92030
92083
92088
92089
92090
92092
92093
92094
92095
92096
92097
92098
92099
92100
92102
92103
92104
92105
92106
92107
92108
92109
92110
92115
92119
92120
92121
92122
92124
92125
92126
92127
92131
92135
92136
92137
92138
92140
92141
92142
92143
94476
94477
94478
94479
94495
94496
94497
94498
94499
94500
94501
94502
94503
94506
94507
94512
94513
94514
94515
94516
94517
94518
94519
94520
94521
94522
94523
94753
94754
94755
94756
94757
94760
94761
94762
94763
94764
94765
94766
94767
94768
94769
94770
94771
94772
94773
94774
94779
94784
94785
94786
94788
94789
94790
94791
94868
94869
94870
94871
94872
94873
94874
94875
94876
94877
94878
94879
94880
94881
94882
94883
94884
94886
94887
94891
94892
94893
94894
94895
94896
94897
94898
94899
94900
94901
94902
94903
94904
94905
94906
94907
94908
94909
94910
94911
94912
94913
94914
94915
94935
94939
94940
94941
94942
94944
94945
94946
94947
94960
94961
94962
94963
94964
94965
94966
94967
94968
94969
94970
94971
94972
94973
94974
94975
94976
94977
94980
94981
94982
94984
94985
94986
94991
95011
95029
95032
95033
95044
95045
95046
95047
95048
95049
95050
95051
95052
95053
95054
95055
95056
95057
95058
95366
95367
95371
95372
95373
95374
95376
95377
95378
95379
95892
95893
95896
95897
95898
95903
95908
95909
95910
95927
99292
99294
99295
99311
99312
99313
99314
99316
99317
99318
99319
99323
99328
99329
99330
99331
99332
99333
99334
99335
99336
99337
99338
99339
99381
99392
99393
99394
99395
99396
99397
99398
99399
99400
99401
99402
99403
99404
99405
99406
99411
99416
99417
99418
99420
99421
99422
99423
99436
99437
99438
99439
99440
99441
99442
99443
99444
99445
99446
99447
99448
99449
99450
99451
99452
99453
99456
99457
99458
99460
99461
99462
99467
99587
99591
99592
99593
99594
99596
99597
99598
99599
99660
99661
99662
99663
99664
99665
99666
99667
99668
99669
99670
99671
99672
99673
99674
99675
99677
99680
99681
99682
99683
99684
99685
99686
99687
99688
99689
99690
99691
99692
99693
99694
99699
99704
99705
99706
99708
99709
99710
99711
99744
99745
99748
99749
99750
99984
99985
99986
99987
99990
99991
99992
99993
99994
99995
99996
99997
99998
99999
100003
100007
100008
100009
100010
100012
100013
100014
100015
100016
100017
100018
100019
100020
100022
100023
100024
100025
100026
100027
100028
100029
100030
100031
119864
119875
119876
119877
119878
119879
119880
119881
119882
119883
119884
119885
119886
120143
120144
120145
120146
120147
120148
120149
120150
120151
120153
120154
120155
120156
120157
120158
120165
120166
120170
120171
120172
120173
120175
120176
120177
120182
120187
120188
120191
120192
120193
120194
120214
120218
120219
120220
120221
120223
120224
120225
120226
120239
120240
120241
120242
120243
120244
120245
120246
120249
120250
120251
120252
120253
120254
120255
120256
120326
120330
120331
120332
120333
120335
120336
120337
