1466
1471
1476
1477
1478
1479
1480
1481
3579
3580
3586
3587
3588
3591
3593
3594
5779
5780
5781
5782
5783
5788
5789
5790
7625
7626
7858
7860
7861
7862
7863
7864
7866
7869
10034
10035
10036
10038
10039
10046
10047
10048
73267
73273
73280
73624
73799
73823
73839
73952
73954
73961
74001
74008
74010
75393
75400
75402
75405
75428
75431
75447
76211
76220
76222
76223
76239
76272
76274
76275
76281
76284
76286
76625
76631
76632
76635
76736
76738
76745
76746
76749
76772
76774
76775
76785
76792
76794
76795
76821
76932
76934
76935
76960
76962
76968
76969
76970
76973
76981
82500
82502
82503
82529
82530
82536
82538
82539
82541
82549
82550
82640
82642
82643
82649
82652
82654
82655
82704
82707
82713
82716
82718
82719
82735
85393
85396
85398
85399
85400
85403
85763
85769
85772
85774
85775
85797
85808
85810
85811
85817
85818
85820
85821
85822
85823
85872
85875
85881
85884
85886
85887
85973
86016
86018
86019
86025
86026
86028
86029
86030
86052
86053
86054
86055
86065
86072
86074
86075
86077
87429
87430
87440
87443
87449
87452
87454
87455
87456
87458
87459
87465
87468
87470
87471
87873
87874
87880
87882
87883
87885
87905
87908
87910
87911
87912
87914
87915
87921
87924
87926
87927
87928
87931
88016
88017
88018
88024
88025
88026
88027
88029
88068
88069
88070
88071
88095
88096
88098
88099
88105
88106
88108
88109
88110
88111
88117
88212
88213
88214
88215
88656
88657
88658
88659
88664
88665
88666
88667
88668
88669
88670
88671
88769
88772
88774
88775
88776
88778
88779
88781
88801
88802
88804
88807
88808
88810
88811
88813
88820
88821
88822
88823
88849
88852
88854
88855
88856
88858
88859
109411
109412
109413
109414
109415
109418
109419
109420
109421
109422
109423
109424
109425
109523
109524
109525
109527
109529
109530
109531
109532
109533
109534
109536
109556
109559
109561
109562
109563
109565
109566
109568
109572
109575
109576
109577
109578
109579
109581
109582
109584
109607
109608
109609
109610
109614
109928
109971
109973
109974
109980
109983
109984
109985
109986
110007
110008
110009
110019
110020
110021
110022
110027
110028
110029
110030
110031
110032
110033
110034
110050
110083
110085
110086
110092
110095
110097
110098
110184
110227
110228
110229
110230
110235
110236
110237
110239
110240
110241
110242
110263
110264
110265
110266
110275
110276
110277
110278
110282
110283
110284
110285
110286
110288
110289
110342
110351
110353
110354
120983
120984
120985
120986
120998
121007
121009
121010
121011
121012
121013
121014
121019
121020
121021
121022
121023
121024
121025
121026
121032
121033
122502
122511
122513
122514
122600
122643
122645
122646
122652
122655
122656
122657
122658
122679
122680
122681
122691
122692
122693
122694
122699
122700
122701
122702
122703
122704
122705
122706
122707
122709
122710
122716
122719
122721
122722
122744
122755
122757
122758
122764
122765
122767
122768
122769
122770
122855
122856
122857
122858
122899
122900
122901
122902
122907
122908
122909
122910
122911
122912
122913
122914
122932
122935
122936
122937
122938
122939
122942
122947
122948
122949
122950
122951
122953
122954
122955
122956
122957
122958
122959
122960
122961
123300
123303
123304
123305
123306
123307
123309
123310
123312
123476
123477
123479
123480
123481
123482
123483
123485
123486
123488
123507
123508
123509
123510
123511
123513
123514
123515
123516
123517
123518
123519
123520
123521
123527
123528
123529
123530
123531
123534
123608
123619
123620
123621
123622
123627
123628
123629
123630
123631
123632
123633
123634
123638
123647
123649
123650
123671
123672
123673
123683
123685
123686
123692
123695
123697
123698
123699
123701
123702
123708
123711
123712
123713
123714
123720
128978
129021
129022
129023
129024
129025
129027
129028
129029
129030
129031
129032
129033
129034
129035
129036
129054
129057
129058
129059
129060
129061
129063
129064
129066
129069
129070
129071
129072
129073
129074
129075
129076
129077
129078
129079
129080
129081
129082
129083
129084
129133
129136
129142
129145
129147
129148
130748
130749
130750
130751
130752
130753
130755
130756
130757
130758
130759
130760
130761
130762
130763
130764
130782
130785
130786
130787
130788
130789
130791
130792
130794
130797
130798
130799
130801
130802
130803
130804
130805
130806
130807
130808
130810
130811
130893
130894
130895
130896
130897
130899
130900
130901
130902
130903
130904
130905
130906
130907
130942
130945
130946
130947
130948
130949
130951
130952
130954
130960
130969
130971
130972
130973
130974
130975
130976
130977
130980
130981
130982
130983
130984
130985
130986
130987
130988
130993
130994
130995
130996
131329
131330
131331
131341
131342
131343
131344
131349
131350
131351
131352
131353
131354
131355
131356
131357
131359
131360
131366
131369
131370
131371
131372
131378
131521
131522
131523
131533
131534
131535
131536
131541
131542
131543
131544
131545
131546
131547
131548
131549
131551
131552
131558
131561
131562
131563
131564
131570
131646
131647
131649
131650
131651
131652
131653
131655
131656
131658
131664
131673
131675
131676
131677
131678
131679
131680
131681
131683
131684
131685
131686
131687
131688
131689
131690
131691
131692
131694
131697
131698
131699
131700
131701
131704
131725
131726
131727
131728
131729
131730
131731
131732
131733
131734
131735
131736
131737
131738
131739
132113
132114
132115
132116
132120
133841
133842
133843
133844
133848
133885
133886
133887
133888
133893
133894
133895
133897
133898
133899
133900
133921
133922
133923
133924
133933
133934
133935
133936
133937
133940
133941
133942
133943
133944
133945
133946
133947
133948
133949
133951
133952
133958
133961
133962
133963
133964
133985
133986
133987
133997
133998
133999
134000
134005
134006
134007
134008
134009
134010
134011
134012
134034
134178
134179
134246
134249
134250
134251
134252
134253
134254
134255
134256
134257
134258
134259
134260
134261
134262
134263
134264
134265
134281
134282
134283
134284
134285
134286
134287
134288
134289
134290
134291
134292
134293
134294
134295
134296
134297
134298
134299
134300
134302
134303
134304
134305
134306
134307
134326
134329
134330
134331
134332
134333
134335
134336
134338
