1288
1289
1290
1291
1293
1294
1296
1297
3391
3397
3398
3399
3400
3401
3402
3403
5527
5529
5533
5534
5535
5536
5537
5538
7598
7603
7605
7606
7607
7608
7609
7610
8952
9701
9703
9704
9705
9706
9707
9709
9710
24667
24672
24694
24966
24975
24978
25065
25067
25110
25117
25119
25120
25122
25145
25148
25165
25168
25769
26329
26332
26341
26344
26434
26441
26443
26444
26446
26485
26487
26488
26514
26521
26523
26524
26526
26533
26535
26536
26882
26891
26894
27062
27063
27091
27098
27099
27102
27103
27110
27201
27203
27204
27210
27213
27215
27216
27254
27281
27283
27284
27290
27293
27295
27296
27302
30074
30076
30077
30083
30086
30088
30089
30105
32418
32429
32432
32441
32443
32444
32445
32448
32457
32460
32546
32569
32572
32573
32575
32576
32582
32585
32587
32588
32594
32621
32623
32624
32630
32633
32635
32636
32994
32995
33021
33023
33024
33030
33031
33033
33034
33035
33036
33042
33197
33198
33199
33200
33205
33206
33207
33209
33210
33211
33212
33313
33314
33315
33316
33341
33342
33343
33349
33350
33351
33352
33354
33355
33361
33362
33363
33364
33390
33391
33397
33398
33399
33400
33402
34785
34787
34788
34789
34792
34814
34817
34820
34821
34823
34824
34826
34833
34835
34836
35502
35505
35507
35508
35509
35511
35512
35514
35614
35617
35619
35620
35621
35623
35624
35626
35646
35649
35651
35652
35653
35655
35656
35658
35662
35665
35667
35668
35669
35671
35672
35674
35694
35697
35699
35700
35701
35704
36061
36062
36063
36069
36070
36071
36072
36074
36075
36097
36098
36099
36100
36101
36104
36110
36111
36113
36116
36117
36119
36120
36122
36273
36274
36275
36276
36381
36382
36383
36384
36389
36390
36391
36392
36393
36394
36395
36396
36417
36418
36419
36420
36429
36430
36431
36432
36437
36438
36439
36440
36441
36442
36443
36444
36465
36466
36467
36468
48399
48442
48443
48444
48445
48451
48452
48454
48455
48456
48457
48478
48479
48480
48481
48490
48491
48492
48493
48498
48499
48500
48501
48502
48503
48504
48505
48521
48554
48557
48566
48569
58274
58275
58317
58319
58320
58326
58329
58331
58332
58354
58365
58367
58368
58374
58377
58379
58380
58381
58383
58384
58390
58393
58395
58396
58418
58429
58431
58432
58438
58439
58441
58442
58443
58444
58466
58785
58786
58787
58829
58831
58832
58838
58841
58843
58844
58866
58877
58879
58880
58886
58889
58891
58892
58893
58895
58896
58902
58905
58907
58908
58930
58931
58941
58942
58943
58944
58950
58951
58953
58954
58955
58956
58978
59042
59085
59086
59087
59088
59093
59094
59095
59096
59097
59098
59099
59100
59121
59122
59123
59124
59133
59134
59135
59136
59141
59142
59143
59144
59145
59146
59147
59148
59149
59152
59161
59164
59197
59200
59206
59209
59211
59212
60574
60577
60578
60579
60580
60581
60584
60684
60685
60686
60687
60688
60693
60694
60695
60696
60697
60698
60699
60700
60721
60722
60723
60724
60728
60733
60734
60735
60736
60737
60740
60741
60742
60743
60744
60745
60746
60747
60748
60769
60770
60771
60772
61389
61390
61391
61392
61393
61395
61396
61397
61398
61399
61400
61401
61402
61403
61404
61422
61425
61426
61427
61428
61429
61431
61432
61434
61437
61438
61439
61440
61441
61443
61444
61445
61446
61447
61448
61449
61450
61451
61452
61854
61855
61857
61858
61859
61860
61861
61862
61863
61864
61866
61867
61965
61966
61967
61968
61969
61971
61972
61973
61974
61975
61976
61978
61979
61998
62001
62002
62003
62004
62005
62007
62008
62010
62014
62015
62017
62018
62019
62020
62021
62022
62023
62024
62026
62027
62046
62049
62050
62051
62052
62053
62055
62056
62058
62158
62161
62162
62163
62164
62165
62167
62168
62170
62189
62190
62191
62192
62193
62195
62196
62197
62198
62199
62200
62201
62202
62203
62204
62206
62209
62210
62211
62212
62213
62215
62216
62218
67591
67592
67593
67594
67595
67597
67598
67599
67600
67601
67602
67603
67604
67605
67606
67610
67619
67622
67704
67707
67708
67709
67710
67711
67713
67714
67716
67735
67736
67737
67738
67739
67741
67742
67743
67744
67745
67746
67747
67748
67749
67750
67752
67755
67756
67757
67758
67759
67761
67762
67764
67783
67784
67785
67786
67787
67789
67790
67791
67792
67793
67794
67795
67796
67797
67798
70456
70459
70460
70461
70462
70463
70466
70471
70474
70483
70485
70486
70487
70488
70489
70490
70491
70494
70495
70496
70497
70498
70499
70500
70501
70502
70507
70508
70509
70510
70511
70514
70908
70909
70919
70920
70921
70922
70927
70928
70929
70930
70931
70932
70933
70934
70935
70937
70938
70944
70947
70949
70950
70956
71035
71036
71037
71038
71047
71049
71050
71056
71059
71061
71062
71063
71064
71065
71066
71071
71072
71073
71074
71075
71076
71077
71078
71083
71084
71085
71086
71100
71111
71112
71113
71114
71118
71119
71120
71121
71122
71123
71124
71125
71126
71127
71129
71130
71136
71139
71141
71142
71148
71227
71228
71229
71230
71239
71240
71241
71242
71248
71249
71251
71252
71253
71254
71255
71256
71257
71258
71263
71264
71265
71266
71267
71268
71269
71270
71275
71276
71277
71278
72131
72132
72133
72134
72135
72138
72143
72145
72146
72152
72155
72157
72158
72159
72160
72161
72162
72167
72168
72169
72170
72171
72172
72173
72174
72179
72180
72181
72182
72260
72261
72271
72272
72273
72274
72279
72280
72281
72282
72283
72284
72285
72286
72287
72288
72289
72290
72296
72297
72299
72300
72301
72302
72308
72309
72323
72324
72325
72326
72335
72336
72337
72338
72343
72344
72345
72346
72347
72348
72349
72350
72351
72352
72353
72354
72359
72360
72361
72362
72363
72364
72365
72366
72371
72372
72373
72374
72964
72975
72976
72977
72978
72979
72982
72983
72984
72985
72986
72987
72988
72989
72990
72991
72993
72994
73000
73003
73005
73006
73012
73111
73112
73113
73114
73115
73116
73117
