1524
1526
1527
1528
1529
1530
1558
1561
3638
3641
3642
3643
3644
3645
3673
3674
5548
5550
5555
5557
5841
5845
5846
5847
5849
5850
5867
5874
7924
7925
7926
7928
7929
7930
7952
7953
10112
10115
10116
10117
10118
10126
10129
73797
73803
73805
73828
73830
73831
73848
73851
73943
74027
74036
74039
75409
75416
75418
75419
76100
76102
76103
76129
76138
76141
76150
76242
76249
76293
76320
76322
76323
76329
76332
76334
76341
76688
76690
76691
76697
76700
76702
76703
76892
76895
76896
76899
76908
76911
76997
77024
77026
77027
77033
77036
77038
77039
77072
77074
77075
77081
77084
77086
77087
82565
82566
82592
82594
82595
82601
82602
82604
82605
82606
82613
85329
85330
85336
85337
85338
85339
85341
85444
85446
85447
85473
85480
85482
85483
85485
85492
85494
85495
85521
85527
85528
85530
85531
85533
85889
85892
85895
85896
85898
85899
85901
85921
85924
85926
85927
85928
85931
85937
85940
85942
85943
85944
85947
86100
86102
86103
86107
86208
86209
86210
86216
86217
86218
86219
86221
86222
86244
86245
86246
86247
86257
86264
86266
86267
86269
86292
86293
86294
86295
87680
87681
87682
87683
87689
87690
87692
87693
87694
87695
87717
87718
87728
87729
87730
87731
87736
87737
87738
87739
87740
87741
87742
87743
88405
88448
88451
88460
88463
88485
88496
88498
88499
88505
88508
88510
88511
88512
88514
88515
88521
88524
88526
88527
88549
88560
88562
88563
88569
88572
88574
88575
88597
88916
88917
88918
88963
88972
88975
89008
89011
89017
89020
89022
89023
89024
89026
89027
89033
89036
89038
89039
89061
89072
89073
89074
89075
89081
89082
89084
89085
89086
89087
89109
89216
89217
89218
89219
89224
89225
89226
89227
89228
89229
89230
89231
89252
89253
89254
89255
89264
89265
89266
89267
89272
89273
89274
89275
89276
89277
89278
89279
109668
109671
109673
109674
109675
109677
109678
109680
109779
109780
109781
109782
109783
109786
109787
109788
109789
109790
109791
109792
109793
109812
109815
109816
109817
109818
109819
109822
109828
109829
109831
109833
109834
109835
109836
109837
109838
109840
109841
109863
109864
109865
109866
120724
120727
120729
120730
120731
120733
120734
120736
120756
120759
120761
120762
120763
120765
120766
120768
120772
120775
120777
120778
120779
120781
120782
120784
121187
121188
121189
121190
121194
121195
121196
121197
121198
121199
121200
121201
121202
121300
121303
121304
121305
121306
121307
121309
121310
121312
121331
121332
121333
121334
121335
121338
121339
121340
121341
121342
121343
121344
121345
121346
121351
121352
121353
121354
121355
121358
121380
121381
121383
121385
121386
121387
121388
121389
121390
121392
121393
121495
121496
121497
121498
121519
121522
121523
121524
121525
121526
121531
121532
121533
121534
121535
121536
121537
121538
121543
121544
121545
121546
122968
122969
122979
122981
122982
122988
122989
122991
122992
122993
122994
122995
122997
122998
123004
123007
123009
123010
123016
123095
123096
123097
123098
123107
123109
123110
123116
123119
123121
123122
123123
123124
123125
123126
123131
123132
123133
123135
123136
123137
123138
123144
123145
123160
123171
123172
123173
123174
123179
123180
123181
123182
123183
123184
123185
123186
123187
123190
123196
123199
123201
123202
123800
123811
123812
123813
123814
123820
123821
123823
123824
123825
123826
123827
123829
123830
123836
123839
123841
123842
123848
124247
124248
124249
124250
124251
124254
124259
124262
124271
124274
124275
124276
124277
124278
124279
124282
124283
124284
124285
124286
124287
124288
124289
124290
124295
124296
124297
124298
124376
124387
124388
124389
124390
124395
124396
124397
124398
124399
124400
124401
124402
124403
124405
124406
124412
124415
124417
124418
124439
124440
124441
124442
124451
124453
124454
124460
124463
124465
124466
124467
124468
124469
124470
124475
124476
124477
124478
124479
124480
124481
124482
124487
124488
124489
124490
124579
124580
124581
124582
124583
124585
124586
124587
124588
124589
124590
124591
124592
124593
124594
129981
129982
129983
129984
129985
129986
129987
129988
129989
129990
129991
129992
129993
129994
129995
130013
130014
130015
130017
130018
130019
130020
130021
130022
130023
130024
130026
130027
130030
130031
130033
130034
130035
130036
130037
130038
130039
130040
130042
130125
130126
130127
130128
130129
130131
130132
130133
130134
130135
130136
130137
130138
130139
130140
130174
130177
130178
130179
130180
130181
130183
130184
130186
130205
130206
130207
130208
130209
130211
130212
130213
130214
130215
130216
130217
130218
130219
130220
130222
130225
130226
130227
130228
130229
130231
130232
130234
132878
132879
132881
132882
132883
132884
132885
132886
132887
132888
132890
133245
133248
133257
133260
133282
133293
133295
133296
133302
133305
133307
133308
133309
133310
133311
133312
133313
133316
133317
133318
133319
133320
133321
133322
133323
133324
133342
133345
133346
133347
133348
133349
133351
133352
133354
133357
133358
133359
133360
133361
133363
133364
133365
133366
133367
133368
133369
133370
133371
133372
133454
133457
133458
133459
133460
133461
133463
133464
133466
133501
133502
133503
133504
133505
133507
133508
133509
133510
133511
133512
133513
133514
133515
133516
133534
133537
133538
133539
133540
133541
133543
133544
133546
133549
133550
133551
133552
133553
133555
133556
133557
133558
133559
133560
133561
133562
133563
133564
133649
133650
133651
133652
133653
133656
134421
134422
134423
134424
134428
134533
134534
134535
134536
134542
134543
134545
134546
134547
134548
134569
134570
134571
134572
134581
134582
134583
134584
134589
134590
134591
134592
134593
134594
134595
134596
134681
134682
134683
134684
134725
134726
134727
134728
134733
134734
134735
134736
134737
134738
134739
134740
134761
134762
134763
134764
134773
134774
134775
134776
134781
134782
134783
134784
134785
134786
134787
134788
134789
134791
134792
134798
134801
134803
134804
134826
134837
134838
134839
134840
134846
134847
134849
134850
134851
134852
134937
134938
134939
134981
134982
134983
134984
134989
134990
134991
134992
134993
134994
134995
134996
135017
135018
135019
135020
135029
135030
135031
135032
135037
135038
135039
135040
135041
135042
135043
135044
135130
135386
135387
135512
135513
135514
135515
135516
135524
135525
