0
11
331
333
334
348
349
350
351
352
2122
2164
2438
2439
2440
2457
2458
2459
2460
2461
4213
4218
4519
4532
4533
4534
4540
4553
4554
4555
6305
6313
6323
6598
6599
6600
6613
6621
6622
6623
6636
8369
8372
8373
8377
8435
8436
8655
8656
8657
8658
8680
8681
8682
8683
10511
10513
10576
10577
10578
10585
10588
10596
10597
10598
10603
10608
10609
10695
10776
10777
10780
10781
10782
10787
10829
10839
10840
10841
10843
10844
10845
10850
10912
10913
10914
10918
10919
10923
10931
10935
10936
10937
10938
10958
10976
10977
10980
10981
11192
11197
11198
11201
11202
11203
11217
11218
11219
11224
11228
11229
11230
11231
11493
11494
11495
11497
11498
11499
11500
11504
11524
11541
11542
11545
11546
11547
11552
11557
11558
11561
11562
11563
11568
11621
11623
11624
11627
11628
11629
11630
11631
11632
11651
11652
11668
11669
11670
11671
11673
11674
11675
11680
12128
12129
12130
12131
12393
12404
12405
12406
12408
12409
12410
12415
12452
12453
12454
12456
12457
12458
12459
12463
12468
12469
12470
12471
12472
12473
12474
12475
12476
12477
12478
12479
12498
12499
12579
12661
12664
12665
12666
12708
12709
12710
12712
12713
12714
12719
12724
12725
12726
12727
12728
12729
12730
12731
12732
12734
12735
12754
12755
12835
13306
13307
13311
13312
13313
13314
13315
13317
13323
13327
13328
13329
13330
13332
13333
13334
13339
13344
13345
13348
13349
13350
13380
13381
13382
13383
13396
13398
13399
13400
13401
13402
13403
13406
13407
13408
13409
13410
13411
13483
13487
13488
13489
13490
13492
13493
13622
13625
13626
13627
13665
13666
13667
13668
13672
13673
13676
13677
13685
13689
13690
13691
13692
13710
13711
13712
14573
14574
14575
14576
14592
14593
14594
14595
14596
14597
14598
14599
14600
14603
14604
14609
14610
14611
14613
14614
14615
14620
14640
14657
14658
14661
14662
14663
14673
14674
14675
14676
14677
14678
14679
14680
14681
14682
14683
14684
14701
14703
14704
14720
14721
14722
14723
14725
14726
14727
14728
14732
14737
14738
14739
14741
14742
14743
14748
15645
15646
15647
15648
15712
15713
15714
15715
15717
15718
15719
15724
15729
15730
15731
15732
15733
15734
15735
15736
15739
15740
15760
15777
15778
15779
15781
15782
15783
15784
15788
15793
15794
15795
15796
15797
15798
15799
15800
15801
15802
15803
15804
15821
15823
15824
15904
15974
15985
15986
15987
15989
15990
15991
15996
16033
16034
16035
16036
16037
16038
16039
16040
16041
16042
16043
16044
16049
16050
16051
16052
16053
16054
16055
16056
16057
16058
16059
16060
16061
16062
16077
16078
16079
16080
16292
16297
16298
16299
16301
16302
16303
16304
16317
16318
16319
16320
16321
16322
16323
16324
16325
16326
16327
16328
16329
16330
16331
16332
16334
16401
16402
16403
16404
16407
16408
16409
16410
16411
16412
16413
16414
16415
16468
16473
16474
16475
16477
16478
16479
16480
16481
16482
16483
16484
16485
16487
16488
16489
16490
16491
16492
16493
16494
16495
16500
16504
16505
16506
16507
16509
16510
16511
16512
16516
16520
16521
16522
16523
16525
16526
16527
16528
18504
18505
18506
18507
18523
18524
18525
18526
18527
18528
18529
18530
18531
18534
18535
18540
18541
18542
18543
18544
18545
18546
18547
18548
18549
18550
18551
18781
18782
18783
18784
18785
18788
18789
18790
18791
18792
18793
18794
18795
18796
18797
18798
18799
18800
18801
18802
18807
18812
18813
18814
18816
18817
18818
18819
18896
18897
18898
18899
18900
18901
18902
18903
18904
18905
18906
18907
18908
18909
18910
18911
18912
18914
18915
18919
18920
18921
18922
18923
18924
18925
18926
18927
18928
18929
18930
18931
18932
18933
18934
18935
18936
18937
18938
18939
18940
18941
18942
18943
18963
18967
18968
18969
18970
18972
18973
18974
18975
18988
18989
18990
18991
18992
18993
18994
18995
18996
18997
18998
18999
19000
19001
19002
19003
19004
19005
19008
19009
19010
19012
19013
19014
19019
19039
19057
19060
19061
19072
19073
19074
19075
19076
19077
19078
19079
19080
19081
19082
19083
19084
19085
19086
19394
19395
19399
19400
19401
19402
19404
19405
19406
19407
19920
19921
19924
19925
19926
19931
19936
19937
19938
19955
22343
22345
22346
22362
22363
22364
22365
22367
22368
22369
22370
22374
22379
22380
22381
22382
22383
22384
22385
22386
22387
22388
22389
22390
22432
22443
22444
22445
22446
22447
22448
22449
22450
22451
22452
22453
22454
22455
22456
22457
22462
22467
22468
22469
22471
22472
22473
22474
22487
22488
22489
22490
22491
22492
22493
22494
22495
22496
22497
22498
22499
22500
22501
22502
22503
22504
22507
22508
22509
22511
22512
22513
22518
22638
22642
22643
22644
22645
22647
22648
22649
22650
22711
22712
22713
22714
22715
22716
22717
22718
22719
22720
22721
22722
22723
22724
22725
22726
22728
22731
22732
22733
22734
22735
22736
22737
22738
22739
22740
22741
22742
22743
22744
22745
22750
22755
22756
22757
22759
22760
22761
22762
22795
22796
22799
22800
22801
23035
23036
23037
23038
23041
23042
23043
23044
23045
23046
23047
23048
23049
23050
23054
23058
23059
23060
23061
23063
23064
23065
23066
23067
23068
23069
23070
23071
23073
23074
23075
23076
23077
23078
23079
23080
23081
23082
23858
23869
23870
23871
23872
23873
23874
23875
23876
23877
23878
23879
23880
24128
24129
24130
24131
24132
24133
24134
24135
24136
24138
24139
24140
24141
24142
24143
24150
24151
24155
24156
24157
24158
24160
24161
24162
24167
24172
24173
24176
24177
24178
24179
24199
24203
24204
24205
24206
24208
24209
24210
24211
24224
24225
24226
24227
24228
24229
24230
24231
24234
24235
24236
24237
24238
24239
24240
24241
24311
24315
24316
24317
24318
24320
24321
24322
