1238
1241
1242
1243
1244
1245
1248
3344
3345
3346
3347
3348
3349
3350
3351
5484
5485
5486
5487
5488
5490
5491
6908
7557
7558
7559
7560
7561
7562
7563
9658
9659
9660
9664
9665
9666
9667
9668
24671
24693
24716
24921
24924
24950
24957
24959
24971
25063
25114
25141
25144
25150
25153
25155
25777
25790
25793
26305
26307
26308
26314
26317
26319
26421
26423
26451
26459
26462
26470
26498
26505
26507
26508
26510
26866
26873
26875
26876
26901
26904
26908
26917
26920
27077
27079
27080
27185
27187
27188
27194
27197
27199
27200
27222
27223
27234
27235
27241
27243
27246
27270
30015
30073
30106
30109
30115
30118
30120
30121
30134
30137
30159
30170
30172
30173
30179
30182
30184
30185
32477
32479
32480
32486
32487
32489
32490
32491
32513
32514
32515
32516
32526
32527
32533
32535
32536
32538
32942
32943
32949
32951
32952
32954
33054
33057
33060
33061
33063
33064
33066
33086
33089
33092
33093
33095
33096
33098
33105
33107
33108
33112
33137
33139
33140
33249
33250
33251
33252
33277
33278
33279
33280
33285
33286
33287
33289
33290
33291
33292
33298
33299
34721
34722
34723
34748
34749
34751
34752
34758
34759
34761
34762
34763
34764
34770
34850
34861
34863
34864
34870
34873
34875
34876
34877
34880
34886
34889
34891
34892
34925
34927
34928
34934
34937
34939
34940
34953
34956
35565
35566
35567
35568
35573
35574
35575
35576
35577
35578
35579
35580
35997
35998
35999
36000
36005
36006
36007
36008
36009
36010
36011
36033
36034
36035
36036
36037
36040
36046
36049
36051
36052
36053
36055
36056
36058
36142
36145
36147
36148
36149
36151
36152
36154
36190
36193
36195
36196
36197
36199
36200
36222
36223
36225
36228
36229
36230
36231
36232
36234
36241
36242
36243
36244
36337
36338
36339
36340
48206
48207
48208
48209
48381
48390
48393
48415
48426
48428
48429
48435
48438
48440
48441
48527
48570
48572
48573
48579
48580
48582
48583
48584
48585
48606
48607
48608
48618
48619
48620
48621
48626
48627
48628
48629
48630
48631
48632
48633
48649
48682
48685
48691
48694
48696
48697
48783
48826
48828
48829
48835
48838
48840
48841
48863
48864
48874
48875
48876
48877
48882
48883
48884
48885
48886
48887
48888
48889
58509
58510
58511
58512
58517
58518
58519
58520
58521
58522
58523
58524
58545
58546
58547
58548
58549
58552
58557
58558
58559
58560
58561
58563
58564
58565
58566
58567
58568
58570
58571
58654
58657
58658
58659
58660
58661
58663
58664
58666
58702
58705
58707
58708
58709
58711
58712
58714
58734
58735
58737
58739
58740
58741
58742
58743
58744
58746
58750
58753
58754
58755
58756
58757
58759
58760
58762
60369
60370
60371
60372
60381
60383
60384
60390
60393
60395
60396
60397
60398
60399
60400
60405
60406
60407
60408
60409
60410
60411
60412
60418
60419
60817
60818
60819
60820
60824
60841
60844
60845
60846
60847
60848
60853
60854
60855
60856
60857
60858
60859
60860
60865
60866
60867
60868
60946
60957
60958
60959
60960
60965
60966
60967
60968
60969
60970
60971
60972
60973
60975
60976
60982
60985
60987
60988
61009
61010
61011
61021
61023
61024
61030
61033
61034
61035
61036
61037
61039
61040
61046
61047
61049
61050
61051
61052
61058
61149
61150
61151
61152
61153
61156
61157
61158
61159
61160
61161
61162
61163
61164
61586
61597
61598
61599
61600
61605
61606
61607
61608
61609
61610
61611
61612
61613
61616
61625
61627
61628
61710
61713
61714
61715
61716
61717
61719
61720
61722
61741
61742
61743
61744
61745
61747
61748
61749
61750
61751
61752
61753
61754
61755
61756
61761
61762
61763
61764
61765
61768
61789
61790
61791
61792
61793
61795
61796
61797
61798
61799
61800
61801
61802
61803
67339
67340
67341
67342
67383
67384
67385
67386
67392
67393
67395
67396
67397
67398
67419
67420
67421
67422
67431
67432
67433
67434
67439
67440
67441
67442
67443
67444
67445
67446
67447
67449
67450
67456
67459
67460
67461
67462
67484
67485
67495
67496
67497
67498
67503
67504
67505
67506
67507
67508
67509
67510
67532
67848
67851
67852
67853
67854
67855
67857
67858
67860
67907
67910
67943
67945
67946
67952
67955
67957
67958
67959
67960
67961
67962
67966
67967
67968
67969
67970
67971
67972
67973
67974
67992
67995
67996
67997
67998
67999
68002
68007
68008
68009
68010
68011
68013
68014
68015
68016
68017
68018
68019
68020
68021
68022
68043
68044
68045
68046
68151
68152
68153
68154
68155
68157
68158
68159
68160
68161
68162
68163
68164
68165
68166
68184
68185
68187
68188
68189
68190
68191
68193
68194
68196
68200
68201
68203
68204
68205
68206
68207
68208
68209
68210
68212
70668
70711
70712
70713
70714
70719
70720
70721
70722
70723
70724
70725
70726
70747
70748
70749
70750
70751
70754
70759
70760
70761
70762
70763
70765
70766
70767
70768
70769
70770
70771
70772
70773
70774
70775
70778
70784
70787
70789
70790
70812
70823
70825
70826
70832
70835
70837
70838
72055
72056
72057
72058
72066
72068
72069
72070
72071
72072
72073
72079
72080
72081
72082
72083
72086
72087
72088
72089
72090
72091
72092
72093
72094
72095
72097
72098
72104
72107
72108
72109
72110
72116
72448
72449
72451
72452
72453
72454
72455
72457
72458
72460
72463
72466
72472
72475
72477
72478
72479
72480
72481
72482
72483
72485
72486
72487
72488
72489
72490
72491
72492
72493
72494
72496
72499
72500
72501
72502
72503
72505
72506
72508
72655
72656
72657
72658
72659
72660
72661
72662
72663
72664
72665
72666
72667
72668
72669
72670
72766
72767
72768
72769
72770
72771
72773
72774
72775
72776
72777
72778
72779
72780
72781
72782
72799
72800
72801
72803
72804
72805
72806
72807
72808
72809
72810
72812
72813
72815
72816
72817
72818
72819
72820
72821
72822
72823
72824
72825
72826
72827
72828
72829
72848
72851
72852
72853
72854
72855
72857
72858
72860
