1883
1884
1885
1890
1895
1896
1897
3982
3987
3988
3989
3991
3994
6094
6095
6096
6097
6098
6100
6101
8164
8165
8166
8167
8168
8169
8170
9954
9955
9956
9957
9958
9959
9960
73213
73250
73263
73609
73615
73641
73643
73660
73856
73858
73869
73895
73908
73910
75157
75331
75337
75340
75342
75364
75366
75377
75383
75387
75472
75474
75480
75482
75485
75539
75545
75550
75567
75839
76352
76354
76360
76362
76365
76385
76391
76395
76404
76405
76406
76485
76499
76505
76508
76510
76524
76527
76560
76561
76562
76568
76570
76571
76573
81556
81557
81558
82243
82249
82252
82254
82255
82276
82277
82278
82288
82289
82290
82295
82296
82298
82299
82301
82384
82385
82386
82391
82392
82394
82395
82397
82437
82438
82451
82457
82460
82462
82463
82467
82476
82478
82479
82816
82817
82818
82824
82826
82827
82829
82849
82855
82856
82858
82859
82868
82869
82870
83029
83075
83081
83084
83086
83087
83108
83109
83110
83121
83127
83128
83130
83131
83196
83198
83199
84275
84281
84284
84286
84287
86336
86337
86338
86343
86344
86346
86347
86349
86368
86369
86370
86375
86376
86378
86379
86381
86388
86389
86390
86468
86469
86470
86483
86489
86492
86494
86495
86499
86505
86508
86510
86511
86544
86545
86546
86551
86552
86554
86555
86557
86868
86869
86870
86915
86921
86924
86926
86927
86948
86949
86950
86960
86961
86962
86967
86968
86969
86970
86971
86973
87024
87027
87033
87036
87037
87038
87039
87168
87169
87170
87172
87174
87175
87176
87178
87179
87181
87200
87201
87202
87203
87207
87208
87209
87210
87211
87213
87220
87221
87222
105639
105640
105641
105642
108371
108372
108373
108374
108379
108380
108381
108383
108384
108385
108386
108404
108407
108408
108409
108410
108414
108419
108420
108421
108422
108423
108425
108426
108427
108428
108429
108430
108432
108504
108515
108516
108517
108518
108519
108521
108522
108523
108524
108525
108526
108527
108528
108529
108546
108567
108568
108569
108570
108579
108581
108582
108587
108588
108589
108591
108592
108593
108594
108595
108597
108598
108604
108607
108608
108609
108610
108947
108948
108949
108950
108951
108953
108954
108955
108956
108957
108958
108960
108961
108979
108980
108981
108982
108983
108985
108986
108987
108988
108989
108990
108992
108996
108999
109000
109001
109002
109006
109074
109159
109160
109161
109162
109203
109205
109206
109212
109215
109216
109217
109218
109239
109240
109241
109242
109251
109252
109253
109254
109255
109257
109258
109259
109260
109261
109262
109264
109315
109317
109318
109324
109327
109328
109329
109330
110675
110676
110677
110678
110679
110681
110682
110683
110684
110685
110686
110688
110707
110708
110709
110710
110711
110713
110714
110715
110716
110717
110718
110720
110727
110728
110729
110730
110807
110808
110809
110810
110819
110821
110822
110828
110831
110832
110833
110834
110835
110837
110838
110844
110847
110848
110849
110850
110883
110884
110885
110886
110887
110889
110890
110891
110892
110893
110894
110896
111527
111528
111529
111530
111699
111702
111708
111711
111712
111713
111714
111735
111736
111737
111747
111748
111749
111750
111751
111754
111755
111756
111757
111758
111760
111843
111844
111845
111847
111849
111850
111851
111852
111853
111854
111856
111895
111896
111897
111898
111910
111916
111919
111921
111922
111923
111925
111926
111932
111935
111936
111937
111938
112195
112197
112198
112204
112207
112208
112209
112210
116547
116549
116550
116556
116559
116560
116561
116562
122024
124755
124756
124757
124758
124759
124761
124762
124763
124764
124765
124766
124767
124768
124769
124770
124787
124788
124789
124790
124791
124792
124793
124794
124795
124796
124797
124798
124800
124804
124807
124808
124809
124810
124811
124813
124814
124887
124888
124889
124890
124899
124900
124901
124902
124907
124908
124909
124910
124911
124912
124913
124914
124915
124917
124918
124924
124927
124928
124929
124930
124952
124963
124964
124965
124966
124967
124969
124970
124971
124972
124973
124974
124975
124976
124977
124978
124991
124993
124994
125287
125288
125289
125290
125294
125331
125332
125333
125334
125339
125340
125341
125342
125343
125344
125345
125346
125364
125367
125368
125369
125370
125371
125373
125374
125379
125380
125381
125382
125383
125384
125385
125386
125387
125388
125389
125390
125392
125443
125445
125446
125452
125455
125456
125457
125458
125544
125587
125588
125589
125590
125591
125593
125594
125595
125596
125597
125598
125599
125600
125601
125602
125618
125619
125620
125621
125622
125623
125624
125625
125626
125627
125628
125629
125630
125632
125633
125636
125637
125639
125640
125641
125642
125643
125645
125646
125711
125713
125714
126884
126887
126888
126889
126890
126891
126893
126894
127059
127060
127061
127062
127067
127068
127069
127070
127071
127072
127073
127074
127092
127095
127096
127097
127098
127099
127101
127102
127107
127108
127109
127110
127111
127112
127113
127114
127115
127116
127117
127118
127119
127120
127121
127192
127193
127203
127204
127205
127206
127207
127209
127210
127211
127212
127213
127214
127215
127216
127217
127218
127222
127231
127233
127234
127252
127255
127256
127257
127258
127262
127267
127268
127269
127270
127274
127275
127276
127277
127278
127279
127280
127281
127282
127283
127285
127286
127291
127292
127293
127295
127296
127297
127298
127522
127544
127555
127556
127557
127558
127563
127564
127565
127567
127568
127569
127570
127912
128083
128084
128085
128086
128087
128088
128089
128090
128091
128092
128093
128094
128095
128096
128097
128098
128111
128113
128114
128115
128116
128117
128118
128119
128120
128121
128122
128123
128124
128125
128126
128127
128128
128129
128130
128132
128135
128136
128137
128138
128139
128142
128198
128199
128201
128202
128203
128204
128205
128206
128207
128208
128210
128213
128215
128216
128221
128222
128223
128225
128226
128227
128228
128229
128230
128231
128232
128236
128237
128238
128239
128240
128241
128242
128243
128244
128249
128250
128251
128266
128277
128278
128279
128280
128281
128282
128283
128284
128300
128557
128559
128560
132793
132796
