636
638
1706
1707
1708
1710
1713
1717
2747
2749
2751
2753
3811
3816
3817
3818
3820
3821
4852
4854
5974
5975
5976
5981
5987
5988
6927
6929
8051
8054
8056
8057
8058
8063
8955
8956
8959
8961
8988
8990
10197
10200
10201
10202
10203
10204
24872
25425
25429
25435
25439
25459
25465
25469
25479
25555
25561
25565
25585
25589
25595
25599
25639
26065
26069
26075
26079
26099
26105
26109
26119
28701
28707
28710
28711
28712
28713
28717
28722
28723
28724
28726
28727
28728
28729
28746
28747
28748
28750
28751
28752
28753
28754
28756
28757
28763
28766
28767
28768
28769
28773
28843
28846
28848
28849
28853
28867
28870
28871
28872
28873
28874
28876
28877
28883
28886
28887
28888
28926
28927
28928
29226
29227
29228
29230
29232
29233
29237
29254
29256
29257
29261
29267
29270
29271
29272
29350
29352
29353
29354
29356
29357
29363
29366
29367
29368
29386
29387
29388
29390
29392
29393
29397
29406
29407
29408
29566
29567
29568
30762
30763
30764
30769
30773
30793
30797
30802
30803
30804
30807
30889
30890
30892
30893
30898
30899
30900
30903
30923
30929
30930
30932
30933
30943
31270
31272
31273
31274
31276
31277
31282
31283
31284
31286
31287
31288
31307
31310
31312
31313
31314
31316
31317
31326
31327
31328
31402
31403
31404
31406
31408
31409
31413
31430
31432
31433
31434
31436
31437
31442
31443
31444
31446
31447
31448
31486
31487
31488
32098
42950
42952
42953
42974
42975
42976
42986
42987
42988
42989
42990
42992
42993
42994
42995
42996
42997
42998
42999
43000
43001
43002
43004
43005
43011
43014
43015
43016
43017
43035
43038
43039
43040
43041
43045
43050
43051
43052
43053
43054
43055
43056
43057
43058
43059
43060
43061
43062
43063
43064
43130
43131
43132
43134
43135
43136
43137
43141
43146
43147
43148
43149
43150
43152
43153
43154
43155
43156
43157
43158
43159
43160
43161
43162
43164
43165
43170
43171
43172
43174
43175
43176
43177
43198
43199
43200
43210
43211
43212
43213
43214
43215
43216
43217
43218
43219
43220
43221
43222
43223
43224
43238
43240
43241
43515
43518
43519
43520
43521
43522
43524
43525
43530
43531
43532
43533
43534
43536
43537
43538
43539
43540
43541
43542
43543
43544
43545
43549
43554
43555
43556
43558
43559
43560
43561
43590
43592
43593
43614
43615
43616
43626
43627
43628
43629
43630
43632
43633
43634
43635
43636
43637
43638
43639
43640
43641
43645
43651
43654
43655
43656
43657
43675
43678
43679
43680
43681
43682
43684
43685
43690
43691
43692
43693
43694
43695
43696
43697
43698
43699
43700
43701
43702
43703
43704
43838
43839
43850
43851
43852
43853
43854
43855
43856
43857
43858
43859
43860
43861
43863
43881
45051
45054
45055
45056
45057
45061
45066
45067
45068
45069
45073
45074
45075
45076
45077
45078
45079
45080
45081
45082
45084
45085
45091
45094
45095
45096
45097
45129
45151
45162
45163
45164
45165
45169
45170
45171
45172
45173
45174
45175
45176
45177
45181
45186
45187
45188
45190
45191
45192
45193
45211
45214
45215
45216
45217
45221
45226
45227
45228
45229
45230
45231
45232
45233
45234
45235
45236
45237
45239
45513
45535
45546
45547
45548
45549
45553
45554
45555
45556
45557
45558
45559
45560
45561
45565
45571
45574
45575
45576
45577
45594
45595
45596
45598
45599
45600
45601
45605
45610
45611
45612
45613
45614
45615
45616
45617
45618
45619
45620
45621
45623
45691
45694
45695
45696
45697
45698
45700
45701
45706
45707
45708
45709
45713
45714
45715
45716
45717
45718
45719
45720
45721
45725
45730
45731
45732
45734
45735
45736
45737
45759
45770
45771
45772
45773
45774
45775
45776
45777
45778
45779
45780
45781
45783
45801
46399
46410
46411
46412
46413
46414
46415
46416
46417
46418
46419
46420
46421
46423
46441
51195
51198
51199
51200
51201
51202
51204
51205
51213
51219
51222
51223
51224
51225
51229
51235
51238
51239
51240
51241
51309
51315
51318
51319
51320
51321
51325
51330
51331
51332
51334
51335
51336
51337
51355
51358
51359
51360
51361
51362
51364
51365
51371
51374
51375
51376
51377
51381
51690
51692
51693
51698
51699
51700
51702
51703
51704
51705
51706
51708
51709
51715
51718
51719
51720
51721
51738
51739
51740
51742
51743
51744
51745
51749
51755
51758
51759
51760
51761
51765
51834
51835
51836
51838
51839
51840
51841
51845
51853
51859
51862
51863
51864
51865
51869
51874
51875
51876
51878
51879
51880
51881
51915
51918
51919
51920
51921
51925
53226
53228
53229
53233
53234
53235
53236
53238
53239
53240
53241
53242
53244
53245
53251
53254
53255
53256
53257
53274
53275
53276
53278
53279
53280
53281
53282
53284
53285
53290
53291
53292
53294
53295
53296
53297
53298
53300
53301
53370
53371
53372
53374
53375
53376
53377
53381
53386
53388
53389
53394
53395
53396
53398
53399
53400
53401
53402
53404
53405
53410
53411
53412
53414
53415
53416
53417
53450
53451
53452
53454
53455
53456
53457
53458
53460
53461
53754
53755
53756
53758
53759
53760
53761
53765
53770
53772
53773
53778
53779
53780
53782
53783
53784
53785
53786
53788
53789
53795
53798
53799
53800
53801
53866
53868
53869
53874
53875
53876
53878
53879
53880
53881
53882
53884
53885
53890
53891
53892
53894
53895
53896
53897
53914
53915
53916
53918
53919
53920
53921
53922
53924
53925
53930
53931
53932
53934
53935
53936
53937
53938
53940
53941
54090
54091
54092
54094
54095
54096
54097
54098
54100
54101
56626
56629
56630
56631
56632
56636
135592
135593
135594
135595
135596
135597
