646
647
1750
1753
1757
1762
1763
1764
3855
3856
3857
3858
3860
3861
3867
6014
6015
6016
6017
6021
6027
6028
6919
6921
6955
6960
8091
8093
8094
8096
8097
8098
8103
8992
10237
10238
10240
10241
10242
10243
10244
24731
24737
24741
24801
24802
24879
24881
25249
25319
25320
25321
25363
25366
25368
25373
25390
25391
25392
25406
25408
25621
25626
25627
25631
25650
25652
25657
25658
25660
25958
25959
25960
26005
26011
26015
26034
26035
26036
26041
26045
26129
26233
26235
26257
26271
26273
27933
27939
27942
27943
27944
28282
28283
28284
28286
28288
28289
28290
28292
28293
28462
28463
28464
28474
28476
28477
28481
28482
28483
28484
28485
28487
28502
28504
28505
28536
28537
28558
28559
28560
28570
28571
28572
28574
28576
28577
28578
28580
28581
28623
28634
28635
28636
28637
28641
28642
28643
28644
28645
28647
29485
29491
29494
29495
29496
29497
29514
29515
29518
29519
29520
29521
29525
29534
29535
29536
29609
29610
29611
29612
29613
29617
29618
29619
29620
29621
29638
29640
29641
29642
29644
29645
29650
29651
29652
29655
29695
30842
30843
30844
30848
30849
30852
30853
31030
31032
31033
31051
31054
31055
31056
31061
31070
31071
31072
31146
31147
31148
31153
31154
31156
31157
31174
31176
31177
31181
31186
31187
31188
31190
31191
31192
31231
31517
31523
31526
31527
31528
32018
32029
32031
32032
32036
32037
32038
32039
32060
32092
32114
32126
32129
32131
32132
32136
32189
32191
32192
32197
32198
32199
32202
39994
39999
40000
40001
40003
40004
40005
40006
40022
40023
40024
40025
40027
40028
40029
40030
40031
40033
40034
40039
40040
40041
40042
40043
40044
40045
40046
40047
40049
40050
41230
41231
41232
41274
41275
41276
41277
41278
41279
41280
41281
41282
41283
41284
41285
41286
41287
41288
41290
41292
41293
41298
41299
41300
41302
41303
41304
41305
41306
41307
41308
41309
41313
41314
41315
41316
41317
41318
41319
41320
41321
41327
41398
41400
41401
41995
41998
41999
42000
42001
42005
42042
42043
42044
42045
42046
42047
42048
42049
42050
42051
42052
42053
42054
42055
42056
42061
42067
42070
42071
42072
42073
42074
42075
42076
42077
42078
42080
42081
42082
42083
42084
42085
42086
42087
42088
42089
42094
42095
42096
42157
42163
42166
42167
42168
42169
42282
42284
42285
42289
42290
42291
42292
42294
42295
42296
42297
42367
42378
42379
42380
42381
42382
42383
42384
42385
42386
42387
42388
42389
42391
42409
42426
42427
42428
42429
42430
42431
42432
42433
42434
42435
42436
42437
42442
42443
42444
42445
42448
42449
42450
42451
42452
42453
42454
42455
42456
42457
42458
42460
42461
42466
42467
42468
42470
42471
42472
42473
42553
42639
42682
42683
42684
42685
42689
42690
42691
42692
42693
42694
42695
42696
42697
42710
42712
42713
42714
42715
42716
42717
42718
42719
42720
42721
42722
42723
42724
42725
42726
42727
42730
42731
42732
42734
42735
42736
42737
42738
42740
42741
46089
46111
46122
46123
46124
46125
46129
46130
46131
46132
46133
46134
46135
46136
46137
46206
46207
46208
46218
46219
46220
46221
46222
46223
46224
46225
46226
46227
46228
46229
46230
46231
46232
46246
46248
46249
46267
46270
46271
46272
46273
46277
46282
46283
46284
46285
46286
46287
46288
46289
46290
46291
46292
46293
46294
46295
46296
46310
46312
46313
46585
46586
46587
46588
46589
46590
46591
46592
46593
46594
46595
46596
46597
46599
46602
46604
46605
46610
46611
46612
46614
46615
46616
46617
46618
46620
46621
46625
46626
46627
46628
46630
46631
46632
46633
46665
46687
46698
46699
46700
46701
46702
46704
46705
46706
46707
46708
46709
46710
46711
46712
46713
46717
46723
46726
46727
46728
46729
46746
46747
46748
46750
46751
46752
46753
46754
46756
46757
46762
46763
46764
46765
46766
46767
46768
46769
46770
46771
46772
46773
46923
46926
46927
46928
46929
46933
51514
51515
51516
51518
51519
51520
51521
51524
51525
51530
51532
51533
51538
51539
51540
51542
51543
51544
51545
51549
51555
51558
51559
51560
51561
52233
52255
52266
52267
52268
52269
52270
52272
52273
52274
52275
52276
52277
52278
52279
52280
52347
52350
52351
52352
52353
52357
52362
52363
52364
52365
52369
52370
52371
52372
52373
52374
52375
52376
52390
52391
52392
52393
52415
52426
52427
52428
52430
52431
52432
52433
52434
52436
52437
52457
52726
52727
52728
52729
52730
52731
52732
52733
52734
52736
52737
52738
52739
52740
52741
52742
52743
52744
52758
52759
52760
52761
52762
52763
52764
52765
52766
52768
52769
52770
52771
52772
52773
52774
52775
52776
52783
52842
52844
52845
52850
52851
52852
52854
52855
52856
52857
52858
52860
52861
52866
52867
52868
52870
52871
52872
52873
52889
52890
52891
52892
52893
52894
52895
52896
52897
52898
52899
52900
52901
52907
52910
52911
52912
52913
52917
53070
53071
53072
54214
54216
54217
54238
54239
54240
54250
54251
54252
54253
54254
54255
54256
54257
54258
54259
54260
54261
56305
56306
56309
56310
56311
56312
56316
56353
56355
56356
56360
56361
56362
56363
56365
56366
56367
56384
56385
56386
56387
56388
56389
56391
56392
56393
56394
56395
56396
56398
56405
56406
56407
56474
56477
56478
56479
56480
56605
56606
56607
56608
56690
56693
56694
56695
56696
56700
56737
56738
56739
56741
56742
56743
56744
56748
56756
56761
56762
56763
56765
56766
56767
56772
56778
56781
56782
56783
56784
56993
56995
56996
57000
57001
57002
57003
57005
57006
57007
57024
57025
57026
57027
57028
57029
57031
57032
57033
57034
57035
57036
57038
57045
57046
135631
135632
135633
135634
135635
135636
135637
