1322
1323
1324
1325
1326
1327
1328
3433
3434
3435
3436
3437
3438
3439
5569
5587
5588
5589
5590
5591
5592
7644
7645
7646
7664
7665
7666
7667
9760
9761
9762
9763
9764
9765
9766
73135
73146
73147
73150
73151
73286
73287
73290
73291
73292
73302
73303
73304
73308
73313
73333
73352
73356
73361
73368
73372
73377
73397
73477
74050
74054
74059
74066
74095
74115
74119
74122
74131
74135
74138
74158
74307
74311
74312
74313
74314
74323
74327
74328
74329
74330
74348
74349
74350
74371
74375
74376
74377
74378
74387
74391
74392
74393
74394
74412
74413
74414
74492
74493
74494
74812
74814
76095
77123
77127
77128
77129
77130
77139
77143
77144
77145
77146
77149
77164
77165
77166
77187
77191
77192
77193
77194
77196
77197
77203
77207
77208
77209
77210
77212
77213
77224
77225
77228
77229
77230
77304
77305
77308
77309
77310
77379
77384
77385
77388
77389
77390
77400
77401
77404
77405
77406
77411
77415
77416
77417
77418
77420
77421
77448
77449
77452
77453
77454
77464
77465
77468
77469
77470
77475
77479
77480
77481
77482
77484
77485
77555
77559
77560
77561
77562
77564
77565
77875
77879
77880
77881
77882
77884
77885
77886
78153
78156
78157
78158
78172
78173
78174
78175
78178
78179
78183
78184
78185
78186
78220
78221
78222
78223
78236
78237
78238
78239
78240
78242
78243
78246
78247
78248
78249
78250
78251
78322
78323
78326
78327
78328
78329
78330
78331
78412
78413
78414
78415
78428
78429
78430
78431
78432
78433
78434
78435
78436
78437
78438
78439
78440
78441
78442
78443
78476
78477
78478
78479
78492
78493
78494
78495
78496
78497
78498
78499
78500
78501
78502
78503
78504
78505
78506
78507
78576
78577
78578
78579
78580
78581
78582
78583
78584
78585
78586
78587
78896
78897
78898
78899
78900
78901
78902
78903
78904
78905
78906
78907
80179
80183
80184
80185
80186
80188
80189
85308
85309
85310
89420
89421
89422
89423
89436
89437
89438
89439
89440
89441
89442
89443
89444
89445
89446
89447
89448
89449
89450
89451
89461
89484
89485
89486
89487
89500
89501
89502
89503
89504
89505
89506
89507
89508
89509
89510
89511
89512
89513
89514
89515
89520
89521
89524
89525
89568
89569
89572
89573
89584
89585
89586
89587
89588
89589
89590
89591
89592
89593
89594
89595
89678
89679
89694
89695
89696
89697
89698
89699
89700
89701
89702
89703
89706
89707
89712
89713
89714
89716
89717
89718
89723
89742
89743
89758
89759
89760
89761
89762
89763
89764
89765
89766
89767
89770
89771
89776
89777
89778
89780
89781
89782
89787
89807
89823
89824
89825
89826
89828
89829
89830
89835
89840
89841
89842
89843
89844
89845
89846
89847
89850
89851
90127
90143
90144
90145
90146
90148
90149
90150
90155
90160
90161
90162
90163
90164
90165
90166
90167
90168
90169
90170
90171
90446
90447
90463
90464
90465
90466
90468
90469
90470
90471
90475
90480
90481
90482
90484
90485
90486
90491
90511
90527
90528
90529
90530
90532
90533
90534
90539
90544
90545
90546
90547
90548
90549
90550
90551
90554
90555
90574
90575
90591
90592
90593
90594
90595
90596
90597
90598
90599
90602
90603
90608
90609
90610
90612
90613
90614
90619
90703
90719
90720
90721
90722
90724
90725
90726
90731
90736
90737
90738
90739
90740
90741
90742
90743
90744
90745
90746
90747
90767
90783
90784
90785
90786
90788
90789
90790
90795
90800
90801
90802
90803
90804
90805
90806
90807
90808
90809
90810
90811
90828
90829
90830
90831
90844
90845
90846
90847
90848
90849
90850
90851
90852
90853
90854
90855
90856
90857
90858
90859
90864
90865
90866
90868
90869
90870
90875
91148
91149
91150
91151
91166
91167
91168
91169
91170
91171
91172
91173
91174
91175
91176
91178
91179
91184
91185
91186
91188
91189
91190
91195
92431
92447
92448
92449
92450
92452
92453
92454
92459
92464
92465
92466
92467
92468
92469
92470
92471
92474
92475
93519
93535
93536
93537
93538
93540
93541
93542
93547
93552
93553
93554
93555
93556
93557
93558
93559
93560
93561
93562
93563
93583
93599
93600
93601
93602
93604
93605
93606
93611
93616
93617
93618
93619
93620
93621
93622
93623
93624
93625
93626
93627
93628
93629
93644
93645
93646
93647
93660
93661
93662
93663
93664
93665
93666
93667
93668
93669
93670
93671
93672
93673
93674
93675
93680
93681
93682
93684
93685
93686
93691
93775
93791
93792
93793
93794
93796
93797
93798
93803
93808
93809
93810
93811
93812
93813
93814
93815
93816
93817
93818
93819
93820
93821
93856
93857
93860
93861
93872
93873
93874
93875
93876
93877
93878
93879
93880
93881
93882
93883
93884
93885
93886
93891
93895
93896
93897
93898
93900
93901
93902
93903
93907
93911
93912
93913
93914
93916
93917
93918
93919
93920
93921
93922
93923
93924
93925
93926
93927
93928
93929
93930
93931
93932
93933
93934
93936
93937
93940
93941
93942
93947
94216
94217
94220
94221
94222
94223
94232
94233
94236
94237
94238
94239
94240
94241
94242
94243
94244
94245
94246
94247
94248
94249
94250
94251
94252
94253
94256
94257
94258
94260
94261
94262
94267
94560
94561
94564
94565
94576
94577
94578
94579
94580
94581
94582
94583
94584
94585
94586
94587
94588
94589
94590
94612
94613
94614
94615
94616
94619
94623
94624
94625
94626
94628
94629
94630
94631
94635
94639
94640
94641
94642
94644
94645
94646
94647
94648
94649
94650
94651
94652
94653
94654
94655
94656
94657
94658
94659
94660
94661
94662
94664
94665
94668
94669
95575
95579
95580
95581
95582
95584
95585
95586
95587
95591
95595
95596
95597
95598
95600
95601
95602
95603
95604
95605
95606
95607
95608
95609
95610
95611
95612
95613
95614
95615
95616
95617
95618
95620
95621
95624
95625
100252
100253
100254
100255
100268
100269
100270
100271
100272
100273
100274
100275
100276
100277
100278
100279
100280
100281
100282
100283
100288
100289
100290
100292
100293
100294
100299
120643
120644
120645
120646
120647
120648
120649
120650
120651
120652
120653
120654
