1219
1223
1224
1225
1226
1229
1230
3326
3327
3328
3330
3331
3332
3333
5464
5465
5466
5467
5468
5469
5470
5471
6906
7537
7538
7539
7540
7541
7542
7543
9637
9638
9639
9640
9642
9643
9644
24666
24712
24822
24829
24831
24949
24951
24958
24970
25073
25076
25125
25128
25134
25137
25139
25750
25752
25753
25788
25791
25799
26306
26313
26316
26418
26425
26427
26430
26453
26455
26456
26476
26502
26822
26877
26880
26902
26913
26915
26916
26922
26925
26927
26980
26989
26991
26992
27121
27123
27124
27130
27133
27135
27158
27159
27170
27177
27179
27180
27182
30010
30011
30012
30018
30019
30020
30023
30123
30126
30129
30130
30133
30155
30162
30164
30165
30167
30174
30176
30177
30206
30208
30209
32482
32508
32509
32511
32512
32518
32521
32523
32524
32530
32926
32929
32931
32932
32933
32936
32958
32959
32965
32967
32968
32970
32977
32978
32979
32980
33069
33071
33072
33078
33079
33081
33082
33083
33084
33122
33136
33145
33148
33149
33151
33152
33158
33161
33163
33164
33262
33265
33267
33268
33269
33271
33272
34546
34547
34717
34720
34729
34731
34732
34754
34765
34767
34768
34774
34777
34779
34780
34866
34867
34909
34910
34911
34912
34917
34918
34919
34920
34921
34922
34923
34945
34946
34947
34948
34958
34964
34965
34967
34968
34970
35168
35177
35180
35202
35213
35215
35216
35222
35225
35227
35228
35741
35742
35743
35744
35749
35750
35751
35752
35753
35754
35755
35756
35777
35778
35779
35780
35789
35790
35791
35796
35797
35798
35799
35800
35802
35886
35889
35891
35892
35893
35895
35896
35934
35937
35939
35940
35941
35943
35944
35946
35966
35967
35969
35972
35973
35974
35975
35976
35978
35985
35986
35987
35988
35992
48187
48190
48191
48192
48193
48194
48196
48197
48199
48218
48219
48220
48221
48222
48225
48226
48227
48228
48229
48230
48231
48232
48238
48239
48240
48241
48638
48639
48640
48641
48650
48653
48659
48662
48664
48665
48666
48668
48669
48675
48676
48678
48679
48680
48681
48687
48766
48767
48768
48778
48780
48781
48787
48790
48792
48793
48794
48796
48797
48803
48806
48807
48808
48809
48815
48842
48843
48844
48845
48850
48851
48852
48853
48854
48855
48856
48857
48870
48873
48970
48971
48972
48973
48978
48979
48980
48981
48982
48983
48984
48985
58526
58529
58531
58532
58533
58535
58536
58538
58637
58638
58639
58640
58644
58645
58646
58647
58648
58649
58650
58651
58652
58670
58673
58674
58675
58676
58677
58679
58680
58685
58686
58687
58689
58691
58692
58693
58694
58695
58696
58698
58721
58722
58723
58724
60317
60318
60319
60320
60321
60323
60324
60325
60326
60327
60328
60329
60330
60331
60332
60429
60430
60431
60432
60433
60435
60436
60437
60438
60439
60440
60441
60442
60443
60462
60463
60465
60466
60467
60468
60469
60471
60472
60474
60478
60481
60482
60483
60484
60485
60487
60488
60490
60510
60513
60514
60515
60516
60517
60519
60520
60834
60877
60878
60879
60880
60885
60886
60887
60888
60889
60890
60891
60892
60913
60914
60915
60916
60925
60926
60927
60928
60929
60932
60933
60934
60935
60936
60937
60938
60939
60940
60956
60989
60991
60992
60998
61001
61003
61004
61089
61090
61091
61133
61135
61136
61142
61145
61146
61147
61148
61169
61170
61171
61181
61182
61183
61184
61189
61190
61191
61192
61193
61194
61195
61196
61197
61200
61206
61209
61211
61212
61234
61245
61247
61248
61254
61257
61258
61259
61260
61646
61649
61650
61651
61652
61653
61655
61656
61664
61673
61675
61676
61677
61678
61679
61680
61684
61685
61686
61687
61688
61689
61690
61691
61692
61697
61698
61699
61700
66636
66637
67319
67320
67321
67322
67326
67327
67328
67329
67330
67331
67332
67333
67334
67352
67355
67356
67357
67358
67359
67361
67362
67367
67368
67369
67370
67371
67373
67374
67375
67376
67377
67378
67379
67380
67381
67382
67464
67467
67468
67469
67470
67471
67473
67474
67476
67511
67512
67513
67514
67515
67516
67517
67518
67519
67520
67521
67522
67523
67524
67525
67543
67544
67545
67546
67547
67548
67549
67550
67551
67552
67553
67554
67555
67556
67557
67560
67563
67564
67565
67566
67567
67569
67570
67572
67911
67912
67913
67914
67915
67917
67918
67919
67920
67921
67922
67923
67924
67925
67926
67942
68088
68091
68092
68093
68094
68095
68098
68103
68105
68106
68112
68115
68117
68118
68119
68120
68121
68122
68126
68127
68128
68129
68130
68131
68132
68133
68134
68139
68140
68141
68142
68219
68220
68221
68231
68232
68233
68234
68239
68240
68241
68243
68244
68245
68246
68247
68249
68250
68256
68259
68260
68261
68262
68268
68284
68285
68295
68296
68297
68298
68303
68304
68305
68306
68307
68308
68309
68310
68311
68313
68314
68320
68323
68325
68326
68332
69315
69318
69340
69351
69353
69354
69360
69363
69365
69366
70731
70732
70733
70734
71415
71416
71417
71418
71423
71424
71425
71427
71428
71429
71430
71451
71452
71453
71454
71463
71464
71465
71466
71470
71471
71472
71473
71474
71475
71476
71477
71478
71560
71563
71564
71565
71566
71567
71569
71570
71607
71608
71609
71610
71611
71613
71614
71615
71616
71617
71618
71619
71620
71621
71622
71639
71640
71641
71643
71644
71645
71646
71647
71648
71649
71650
71652
71655
71656
71657
71658
71659
71660
71661
71662
71663
71664
71665
71666
71667
71668
71669
71670
71785
71796
71797
71798
71799
71800
71801
71802
71803
71804
71805
71806
71807
71808
71809
71810
71811
71824
71827
71968
71969
71971
71972
71973
71974
71975
71977
71978
71980
71983
71985
71986
71988
71991
71992
71993
71994
71995
71997
71998
71999
72000
72001
72002
72003
72004
72005
72006
72010
72011
72690
72699
72701
72702
72788
72831
72833
72834
72840
72843
72845
72846
72868
72869
72879
72880
72881
72882
72887
72888
72889
72890
72891
72892
72893
72894
