2030
2031
2032
2033
2034
2044
2045
4128
4129
4130
4131
4132
4133
4142
6235
6236
6237
6238
6239
6240
8306
8307
8308
8309
8310
8311
10389
10390
10391
10392
10393
10396
73181
73187
73237
73490
73492
73514
73516
73531
73603
73692
73696
73749
73751
74864
74866
74867
74872
74873
74874
74949
74960
74962
74963
74968
74969
74970
74991
75025
75028
75030
75031
75035
75279
75301
75313
75316
75318
75323
75649
75655
75659
75676
75678
75692
75693
75694
75861
75904
75906
75912
75914
75935
75939
75944
75945
76031
80386
80387
80392
80393
80394
80396
80397
80398
80415
80416
80417
80418
80419
80423
80424
80425
80426
80427
80437
80720
80721
80722
80724
80725
80726
80727
80731
80771
80776
80777
80778
80780
80781
80782
80799
80800
80801
80802
80804
80806
80807
80808
80810
80811
80821
80883
80889
80892
80893
80894
80895
81025
81028
81029
81030
81035
81040
81042
81043
81047
81048
81049
81050
81051
81052
81053
81068
81070
81071
82044
82046
82047
82129
82132
82133
82134
82139
82177
82180
82181
82182
82187
82195
82200
82201
82202
82204
82205
82206
82220
82222
82223
83521
83524
83525
83526
83527
83531
83539
83545
83548
83549
83550
83564
83566
83567
83621
83632
83633
83634
83639
83640
83642
83643
83663
83685
83696
83697
83698
83702
83703
83704
83706
83707
84372
84373
84374
84546
84547
84552
84553
84554
84557
84575
84576
84578
84579
84583
84584
84586
84668
84669
84670
84681
84684
84685
84686
84704
84705
84706
84708
84710
84711
84715
84725
85054
85055
100559
100901
101072
101073
101074
101075
101078
101079
101080
101081
101082
101083
101084
101085
101086
101087
101100
101101
101102
101103
101104
101105
101106
101107
101108
101109
101110
101111
101112
101113
101114
101115
101116
101117
101118
101121
101124
101125
101126
101184
101186
101187
101192
101193
101194
101196
101197
101198
101199
101200
101201
101202
101203
101207
101208
101209
101210
101211
101212
101213
101214
101215
101228
101230
101231
101232
101233
101234
101235
101236
101237
101238
101239
101240
101241
101242
101243
101245
101249
101252
101253
101254
101255
101259
102247
102248
102249
102291
102292
102293
102294
102295
102296
102297
102298
102299
102300
102301
102302
102304
102307
102308
102309
102310
102314
102315
102316
102317
102318
102319
102320
102321
102322
102323
102325
102326
102330
102331
102332
102333
102335
102336
102337
102338
102418
102495
102497
102498
102519
102520
102521
102531
102532
102533
102534
102535
102536
102537
102538
102539
102540
102541
102542
102543
102544
102545
102611
102612
102613
102615
102616
102617
102618
102619
102621
102622
102627
102628
102629
102630
102631
102633
102634
102635
102636
102637
102638
102639
102640
102641
102642
102646
102652
102655
102656
102657
102658
102679
102680
102681
102691
102692
102693
102694
102695
102696
102697
102698
102699
102700
102701
102702
102704
102722
102934
102940
102943
102944
102945
102946
102963
102964
102965
102967
102968
102969
102970
102974
102979
102980
102981
102982
102983
102984
102985
102986
102987
102988
102989
102990
102991
102992
103512
103523
103524
103525
103527
103528
103529
103530
103531
103533
103534
103554
103571
103572
103573
103574
103575
103577
103578
103579
103580
103581
103582
103583
103584
103585
103586
103590
103596
103599
103600
103601
103602
103603
103604
103605
103606
103607
103608
103609
103610
103611
103612
103613
103614
103615
103616
103617
103620
103623
103624
103625
103626
103630
103685
103686
103691
103692
103693
103695
103696
103697
103698
107590
107595
107596
107599
107600
107601
107602
107928
107939
107940
107941
107943
107944
107945
107946
107947
107949
107950
107970
108115
108116
108117
108119
108120
108121
108122
108123
108125
108126
108131
108132
108133
108134
108138
108139
108140
108141
108142
108143
108144
108145
108146
108150
108155
108156
108159
108160
108161
108162
108191
108193
108194
108212
108215
108216
108217
108222
108227
108228
108229
108230
108231
108232
108233
108234
108235
108236
108237
108238
108240
108257
108258
108279
108280
108281
108291
108292
108293
108294
108295
108296
108297
108298
108299
108300
108301
108302
108303
108304
108305
113495
113496
113497
113507
113508
113509
113510
113511
113512
113513
113514
113515
113516
113517
113518
113520
113538
113558
113563
113564
113567
113568
113569
113570
113586
113587
113588
113589
113591
113592
113593
113594
113595
113597
113598
113603
113604
113607
113608
113609
113610
113614
113667
113669
113670
113674
113675
113676
113677
113679
113680
113681
113682
113807
113808
113809
113810
113891
113892
113895
113896
113897
113898
113902
113939
113940
113941
113942
113943
113944
113945
113946
113947
113948
113949
113950
113955
113957
113958
113962
113963
113964
113965
113967
113968
113969
113970
113973
113974
113979
113980
113981
113983
113984
113985
113986
114066
114152
114195
114196
114197
114198
114199
114201
114202
114203
114204
114205
114206
114207
114208
114209
114223
114224
114225
114226
114227
114228
114229
114230
114233
114234
114235
114236
114237
114238
114239
114240
114241
114248
116887
116888
116889
116899
116900
116901
116902
116903
116905
116906
116907
116908
116909
116910
116912
116929
116930
117590
117596
117599
117600
117601
117602
117619
117620
117621
117623
117624
117625
117626
117629
117630
117635
117636
117639
117640
117641
117642
117646
117711
117713
117714
117715
117716
117717
117718
117719
117721
117722
117723
117724
117725
117726
117728
117743
117744
117745
117746
117747
117748
117749
117750
117754
117755
117756
117757
117758
117759
117760
117761
117800
118072
118083
118084
118085
118086
118090
118091
118092
118093
118094
118096
118111
118113
118114
118135
118136
118137
118147
118148
118149
118151
118152
118153
118154
118155
118157
118158
118226
118227
118228
118229
118231
118232
118233
118234
118235
118237
118238
118246
118252
118255
118256
118257
118258
118262
118267
118268
118269
118271
118272
118273
118274
118311
118312
118313
119619
119621
119622
119626
119627
119628
119629
119631
119632
119633
135775
135776
135777
135778
135779
135780
135781
