1939
1940
1941
1943
1944
1945
1946
4038
4041
4042
4043
4044
4045
4047
6147
6148
6149
6150
6151
6154
6161
8218
8219
8220
8221
8223
8224
8225
10302
10303
10304
10305
10306
10307
10308
73216
73220
73547
73561
73567
73571
73589
73665
73667
73681
73683
73873
75092
75093
75094
75148
75150
75172
75174
75188
75190
75191
75260
75262
75263
75568
75570
75576
75578
75632
75634
75640
75642
75645
75729
75735
75739
75781
75795
75801
75805
75823
76417
76420
76422
76423
76427
76447
76451
76457
76461
81296
81297
81298
81300
81302
81303
81304
81306
81307
81487
81509
81520
81521
81522
81523
81527
81528
81529
81530
81531
81533
81616
81617
81618
81623
81624
81626
81627
81629
81669
81680
81682
81683
81688
81689
81690
81692
81693
81694
81708
81711
81935
81957
81968
81970
81971
81976
81977
81978
81980
81981
81982
83071
83157
83200
83202
83208
83210
83213
83232
83233
83234
83239
83240
83242
83243
83253
83456
83458
83459
83464
83465
83466
83469
83488
83489
83490
83495
83496
83498
83499
83509
83841
83844
83846
83847
83851
83868
83870
83871
83875
83881
83884
83885
83886
84052
84053
84054
84055
84108
84110
84111
84132
84133
84134
84145
84148
84150
84151
84152
84155
84211
84217
84220
84221
84222
84223
86596
86597
86598
86608
86610
86611
86617
86620
86621
86622
86623
86627
86636
86638
86639
86707
86713
86716
86718
86719
86720
86722
86723
86729
86732
86733
86734
86735
86753
86756
86757
86758
86759
86763
86769
86772
86773
86774
86775
86779
104596
104599
104600
104601
104602
104603
104606
104611
104612
104613
104614
104618
104619
104620
104621
104622
104623
104624
104625
104626
104627
104629
104630
104635
104636
104637
104639
104640
104641
104642
105347
105349
105350
105355
105356
105357
105359
105360
105361
105362
105444
105447
105448
105449
105450
105451
105453
105454
105491
105492
105493
105494
105495
105496
105497
105498
105499
105500
105501
105502
105504
105510
105516
105519
105520
105521
105522
105523
105524
105525
105526
105530
105531
105532
105533
105534
105535
105536
105537
105538
105543
105544
105545
105831
105832
105833
105875
105876
105877
105878
105879
105881
105882
105883
105884
105885
105886
105887
105888
105889
105903
105905
105906
105907
105908
105909
105910
105911
105913
105914
105915
105916
105917
105918
105919
105920
105921
105927
105928
105929
105930
105934
105999
106001
106002
106087
106088
106089
106090
106131
106132
106133
106134
106138
106139
106140
106141
106142
106143
106144
106145
106146
106162
106163
106164
106165
106166
106167
106168
106169
106170
106171
106172
106173
106174
106176
106180
106183
106184
106185
106186
106190
106246
106252
106255
106256
106257
106258
107154
107240
107283
107284
107285
107286
107291
107292
107293
107294
107295
107296
107297
107298
107315
107316
107317
107319
107320
107321
107322
107323
107325
107326
107331
107332
107333
107334
107335
107336
107337
107338
107339
107340
107341
107342
107344
111695
111697
111698
112039
112040
112041
112211
112212
112213
112214
112215
112217
112218
112219
112220
112221
112222
112224
112242
112243
112244
112245
112246
112250
112251
112252
112253
112254
112256
112264
112265
112339
112340
112341
112343
112345
112346
112347
112349
112350
112367
112369
112370
112371
112372
112373
112374
112379
112380
112381
112382
112383
112384
112385
112392
112423
112424
112425
112722
113064
113235
113236
113237
113238
113243
113244
113245
113247
113248
113249
113267
113268
113269
113271
113272
113273
113274
113275
113277
113278
113284
113287
113288
113289
113290
113294
113364
113367
113368
113369
113370
113374
113379
113382
113388
113391
113392
113393
113394
113395
113397
113398
113403
113404
113405
113407
113408
113409
113410
113443
113444
113445
113447
113448
113449
113450
113451
113453
113454
114775
114776
114777
114787
114788
114789
114790
114794
114795
114796
114797
114798
114799
114800
114801
114815
114817
114818
114850
114872
114883
114885
114886
114891
114892
114893
114895
114896
114897
114898
114902
114908
114911
114912
114913
114914
114935
114936
114937
114938
114947
114948
114949
114950
114951
114953
114954
114955
114956
114957
114958
114960
115607
115608
115609
115619
115620
115621
115622
115626
115627
115628
115629
115630
115631
115632
115633
115647
115649
115650
115810
115832
115843
115844
115845
115846
115851
115852
115853
115854
115855
115856
115857
115858
115939
115940
115941
115943
115944
115945
115946
115947
115949
115950
115987
115988
115989
115991
115992
115993
115994
115995
115997
115998
116003
116005
116006
116011
116012
116013
116015
116016
116017
116018
116019
116021
116022
116027
116028
116029
116031
116032
116033
116034
116040
116246
116252
116255
116256
116257
116258
116276
116279
116280
116281
116282
116286
116291
116292
116293
116294
116295
116297
116298
116299
116300
116301
116302
116304
125784
125795
125796
125797
125798
125799
125800
125801
125802
125803
125804
125805
125806
125807
125808
125809
125823
125826
125846
125852
125855
125856
125857
125858
125876
125879
125880
125881
125882
125886
125891
125892
125893
125894
125895
125897
125898
125899
125900
125901
125902
125903
125904
125905
125906
125910
125916
125919
125921
125922
125943
125944
125945
125955
125956
125957
125958
125959
125961
125962
125963
125964
125965
125966
125967
125968
125969
125970
126239
126241
126242
126264
126275
126276
126277
126278
126282
126283
126284
126285
126286
126287
126288
126289
126290
126291
126293
126294
126299
126300
126301
126303
126304
126305
126306
126323
126324
126325
126327
126328
126329
126330
126331
126333
126334
126339
126340
126341
126342
126343
126344
126345
126346
126347
126348
126349
126350
126351
126352
126353
126420
126423
126424
126425
126426
126430
126435
126436
126437
126438
126439
126441
126442
126443
126444
126445
126446
126447
126448
126449
126450
126451
126453
126454
126460
126463
126464
126465
126466
126487
126488
126489
126499
126500
126501
126502
126503
126504
126505
126506
126507
126508
126509
126510
126511
126512
126513
126527
126529
126530
135690
135691
135692
135693
135694
135695
