1515
1531
1532
1533
1534
1535
1536
1537
3630
3631
3632
3646
3647
3648
3649
3650
5833
5834
5835
5836
5837
5838
5839
5840
7916
7917
7918
7919
7920
7921
7922
7923
10097
10105
10106
10107
10108
10109
10110
10111
73852
73855
73984
73987
73996
73999
74032
74035
74044
74047
76096
76099
76108
76111
76144
76147
76153
76156
76158
76159
76245
76288
76290
76291
76297
76300
76302
76303
76325
76336
76338
76339
76345
76348
76350
76351
76693
76864
76866
76867
76873
76876
76878
76879
76901
76912
76914
76915
76921
76924
76926
76927
77013
77056
77058
77059
77065
77068
77070
77071
77093
77104
77106
77107
77113
77116
77118
77119
82581
85312
85314
85315
85321
85324
85326
85327
85349
85360
85362
85363
85369
85372
85374
85375
85461
85504
85506
85507
85513
85516
85518
85519
85541
85552
85554
85555
85561
85564
85566
85567
85909
86080
86082
86083
86089
86090
86092
86093
86094
86095
86117
86118
86128
86129
86130
86131
86137
86138
86140
86141
86142
86143
86229
86230
86272
86273
86274
86275
86281
86282
86284
86285
86286
86287
86309
86310
86320
86321
86322
86323
86329
86330
86332
86333
86334
86335
87701
87702
88384
88385
88386
88387
88392
88393
88394
88396
88397
88398
88399
88420
88421
88422
88423
88432
88433
88434
88435
88440
88441
88442
88443
88444
88445
88446
88447
88532
88533
88534
88535
88576
88577
88578
88579
88584
88585
88586
88587
88588
88589
88590
88591
88612
88613
88614
88615
88624
88625
88626
88627
88632
88633
88634
88635
88636
88637
88638
88639
88980
88981
88982
88983
89152
89153
89154
89155
89160
89161
89162
89163
89164
89165
89166
89167
89188
89189
89190
89191
89200
89201
89202
89203
89208
89209
89210
89211
89212
89213
89214
89215
89300
89301
89302
89303
89344
89345
89346
89347
89352
89353
89354
89355
89356
89357
89358
89359
89380
89381
89382
89383
89392
89393
89394
89395
89400
89401
89402
89403
89404
89405
89406
89407
109735
109736
109737
109738
120659
120660
120661
120662
120667
120668
120669
120670
120671
120672
120673
120674
120695
120696
120697
120698
120707
120708
120709
120710
120715
120716
120717
120718
120719
120720
120721
120722
120807
120808
120809
120810
120851
120852
120853
120854
120859
120860
120861
120862
120863
120864
120865
120866
120887
120888
120889
120890
120899
120900
120901
120902
120907
120908
120909
120910
120911
120912
120913
120914
121255
121256
121257
121258
121427
121428
121429
121430
121431
121434
121435
121436
121437
121438
121439
121440
121441
121442
121463
121464
121465
121466
121467
121470
121475
121476
121477
121478
121479
121482
121483
121484
121485
121486
121487
121488
121489
121490
121575
121576
121577
121578
121579
121582
121619
121620
121621
121622
121623
121626
121627
121628
121629
121630
121631
121632
121633
121634
121655
121656
121657
121658
121659
121662
121667
121668
121669
121670
121671
121674
121675
121676
121677
121678
121679
121680
121681
121682
123047
123048
123049
123050
123051
123054
123731
123732
123733
123734
123735
123738
123739
123740
123741
123742
123743
123744
123745
123746
123764
123767
123768
123769
123770
123771
123773
123774
123779
123780
123781
123782
123783
123785
123786
123787
123788
123789
123790
123791
123792
123793
123794
123876
123879
123880
123881
123882
123883
123885
123886
123888
123923
123924
123925
123926
123927
123929
123930
123931
123932
123933
123934
123935
123936
123937
123938
123956
123959
123960
123961
123962
123963
123965
123966
123968
123971
123972
123973
123974
123975
123977
123978
123979
123980
123981
123982
123983
123984
123985
123986
124324
124327
124328
124329
124330
124331
124333
124334
124336
124499
124500
124501
124502
124503
124505
124506
124507
124508
124509
124510
124511
124512
124513
124514
124532
124535
124536
124537
124538
124539
124541
124542
124544
124547
124548
124549
124550
124551
124553
124554
124555
124556
124557
124558
124559
124560
124561
124562
124644
124647
124648
124649
124650
124651
124653
124654
124656
124691
124692
124693
124694
124695
124697
124698
124699
124700
124701
124702
124703
124704
124705
124706
124724
124727
124728
124729
124730
124731
124733
124734
124736
124739
124740
124741
124742
124743
124745
124746
124747
124748
124749
124750
124751
124752
124753
124754
130062
130065
130066
130067
130068
130069
130071
130072
130074
132797
132798
132799
132800
132801
132803
132804
132805
132806
132807
132808
132809
132810
132811
132812
132830
132833
132834
132835
132836
132837
132839
132840
132842
132845
132846
132847
132848
132849
132851
132852
132853
132854
132855
132856
132857
132858
132859
132860
132942
132945
132946
132947
132948
132949
132951
132952
132954
132989
132990
132991
132992
132993
132995
132996
132997
132998
132999
133000
133001
133002
133003
133004
133022
133025
133026
133027
133028
133029
133031
133032
133034
133037
133038
133039
133040
133041
133043
133044
133045
133046
133047
133048
133049
133050
133051
133052
133390
133393
133394
133395
133396
133397
133399
133400
133402
133565
133566
133567
133568
133569
133571
133572
133573
133574
133575
133576
133577
133578
133579
133580
133598
133601
133602
133603
133604
133605
133607
133608
133610
133613
133614
133615
133616
133617
133619
133620
133621
133622
133623
133624
133625
133626
133627
133628
133710
133711
133713
133714
133715
133716
133717
133719
133720
133722
133757
133758
133759
133760
133761
133762
133763
133764
133765
133766
133767
133768
133769
133770
133771
133772
133790
133791
133793
133794
133795
133796
133797
133798
133799
133800
133802
133803
133805
133806
133807
133808
133809
133810
133811
133812
133813
133814
133815
133816
133817
133818
133819
133820
134614
134615
134617
134618
134619
134620
134621
134622
134623
134624
134626
134627
135301
135302
135303
135304
135305
135306
135307
135308
135309
135310
135311
135312
135313
135314
135315
135316
135334
135335
135337
135338
135339
135340
135341
135342
135343
135344
135346
135347
135349
135350
135351
135352
135353
135354
135355
135356
135357
135358
135359
135360
135361
135362
135363
135364
135440
135441
135443
135444
135445
135446
135447
135448
135449
135450
135452
135453
135487
135488
135489
135490
135491
135492
135493
135494
135495
135496
135497
135498
135499
135500
135501
135507
135508
135509
135510
135511
