1644
1645
1646
1647
1648
1649
1650
3749
3750
3751
3752
3753
3754
4837
5910
5911
5912
5913
5914
5915
5917
6924
7987
7988
7989
7990
7991
7992
7993
10130
10132
10133
10134
10135
10136
10138
10139
24647
24766
24768
24820
24861
24863
24904
24988
25016
25022
25026
25506
25508
25514
25516
25519
25742
25744
25875
25881
25885
25906
25908
25916
25919
26142
26144
26145
26167
26179
26185
26189
26550
26564
26570
26574
26592
26672
26673
26676
26682
26685
26686
26687
26709
26711
26712
26725
26727
26728
29034
29035
29036
29041
29042
29044
29045
29047
29066
29067
29068
29073
29074
29076
29077
29079
29087
29945
29967
29978
29980
29981
29986
29987
29988
29991
30331
30334
30337
30338
30341
30510
30511
30512
30534
30536
30537
30541
30547
30550
30552
30553
30634
30635
30636
30642
30644
30647
30667
30673
30674
30676
30677
30687
30688
30719
31578
31580
31581
31586
31587
31588
31590
31591
31592
31675
31678
31680
31681
31685
31726
31727
31728
31729
31750
31752
31753
31754
31756
31757
31763
31766
31767
31768
33457
33458
33459
33501
33504
33510
33513
33514
33515
33516
33537
33538
33539
33540
33550
33553
33555
33556
33557
33559
33560
33616
33625
33627
33628
33936
33945
33947
33948
33949
33951
33952
33958
33959
33961
33962
33963
33964
33982
33985
33986
33987
33988
33992
33998
34001
34003
34004
34005
34007
34008
34082
34093
34095
34096
34101
34102
34103
34105
34106
34107
34124
34146
34157
34158
34159
34160
34165
34166
34167
34168
34169
34170
34171
34188
44283
44286
44287
44288
44289
44293
44298
44299
44300
44301
44306
44307
44308
44309
44310
44311
44312
44313
44314
44316
44317
44323
44324
44326
44327
44328
44329
44406
44408
44409
44410
44411
44412
44413
44414
44417
44418
44419
44420
44421
44422
44423
44424
44425
44442
44443
44444
44445
44446
44447
44448
44449
44450
44451
44452
44453
44455
44459
44462
44463
44464
44465
44466
44468
44469
44494
44495
44496
47914
47916
47917
47923
47924
47926
47927
47928
47929
48011
48014
48015
48016
48017
48021
48058
48059
48060
48061
48062
48064
48065
48066
48067
48068
48069
48071
48089
48090
48091
48092
48093
48094
48097
48098
48099
48100
48101
48102
48103
48104
48110
48111
48112
49467
49470
49471
49472
49473
49474
49476
49477
49485
49491
49494
49496
49497
49498
49500
49501
49506
49507
49508
49510
49511
49512
49513
49519
50187
50188
50190
50191
50192
50193
50194
50196
50197
50246
50248
50249
50271
50282
50283
50284
50285
50289
50290
50291
50292
50293
50294
50295
50296
50313
50335
50346
50347
50348
50349
50354
50355
50356
50357
50358
50359
50360
50361
50682
50683
50684
50685
50689
50690
50691
50692
50693
50695
50714
50715
50716
50717
50718
50720
50721
50722
50723
50724
50725
50727
50734
50735
50736
50811
50814
50815
50816
50817
50821
50829
50835
50838
50839
50840
50841
50842
50844
50845
50851
50854
50855
50856
50857
50890
50891
50892
50894
50896
50897
50898
50900
50901
50903
51022
51023
51024
54458
54460
54461
54467
54468
54470
54471
54472
54473
54491
54494
54495
54496
54497
54501
54506
54507
54508
54509
54510
54512
54513
54514
54515
54516
54517
54519
54847
54858
54859
54860
54861
54862
54864
54865
54866
54867
54868
54869
54870
54871
54872
54886
54889
55038
55039
55040
55050
55051
55052
55053
55058
55059
55060
55061
55062
55063
55064
55065
55069
55075
55078
55079
55080
55081
55149
55155
55158
55160
55161
55162
55163
55164
55165
55169
55170
55171
55172
55173
55174
55175
55176
55177
55194
55195
55196
55198
55199
55200
55201
55202
55204
55205
55207
55211
55212
55214
55215
55216
55217
55218
55220
55221
55246
55247
55248
62418
62429
62430
62431
62432
62433
62435
62436
62437
62438
62439
62440
62441
62442
62443
62457
62460
62617
62620
62642
62653
62654
62655
62656
62661
62662
62663
62664
62665
62666
62667
62668
62749
62750
62751
62753
62754
62755
62756
62757
62759
62760
62797
62798
62799
62800
62801
62802
62803
62804
62805
62806
62807
62808
62810
62816
62822
62825
62826
62827
62828
62829
62830
62831
62832
62833
62835
62836
62837
62838
62839
62840
62841
62842
62843
62844
62849
62850
62851
63053
63055
63056
63061
63062
63063
63065
63066
63067
63068
63086
63089
63090
63091
63092
63096
63101
63102
63103
63104
63105
63107
63108
63109
63110
63111
63112
63113
63114
63115
64348
64370
64381
64383
64384
64389
64390
64391
64393
64394
64395
64396
64397
64398
64399
64400
64404
64405
64406
64407
64408
64409
64410
64411
64412
64429
64430
64431
64433
64434
64435
64436
64437
64438
64439
64440
64442
64445
64446
64447
64448
64449
64450
64451
64452
64453
64454
64455
64456
64458
64526
64529
64530
64531
64532
64536
64541
64542
64543
64544
64545
64547
64548
64549
64550
64551
64552
64553
64554
64555
64556
64557
64559
64560
64566
64567
64569
64570
64571
64572
64593
64594
64595
64605
64606
64607
64608
64609
64611
64612
64613
64614
64615
64616
64617
64618
64619
64620
64624
64630
64633
64635
64636
64925
64926
64927
64929
64930
64931
64932
64933
64935
64936
64973
64975
64976
64981
64982
64983
64985
64986
64987
64988
65006
65009
65010
65011
65012
65013
65015
65016
65021
65022
65023
65024
65025
65026
65027
65028
65029
65030
65031
65032
65033
65034
65035
65049
65051
65052
65074
65085
65086
65087
65088
65092
65093
65094
65095
65096
65097
65098
65099
65100
65186
65229
65230
65231
65232
65233
65234
65235
65236
65237
65238
65239
65240
65242
65248
65254
65257
65258
65259
65260
65261
65262
65263
65264
65265
65267
65268
65269
65270
65271
65272
65273
65274
65275
65276
65281
65282
65283
65356
65762
135526
135527
135528
135529
135530
135531
