1633
1634
1635
1637
1638
1639
1651
1652
3736
3740
3741
3742
3743
3744
3745
3748
3755
4833
4841
5902
5903
5904
5905
5906
5907
5908
5909
5916
7979
7980
7981
7982
7983
7984
7985
7986
9523
9524
9525
9526
9527
9528
10131
24657
24681
24683
24842
24854
24913
24915
24982
24992
25013
25015
25021
25023
25507
25513
25517
25730
25733
25739
25743
25830
25832
25833
25878
25880
25909
25915
26178
26180
26186
26188
26191
26549
26551
26573
26575
26576
26580
26589
26591
26674
26675
26681
26683
26684
26706
26713
26715
26716
26726
26758
29038
29039
29040
29053
29059
29062
29064
29065
29069
29075
29078
29080
29081
29930
29932
29933
29939
29942
29943
29944
29966
29968
29969
29979
29982
29984
29985
29989
30319
30330
30332
30333
30339
30340
30342
30343
30344
30361
30522
30524
30525
30530
30531
30532
30535
30630
30632
30633
30637
30643
30646
30648
30670
30671
30672
30683
30686
30689
30693
31593
31679
31722
31723
31724
31725
31730
31731
31732
31733
31735
31755
31758
31761
31762
31764
31765
31774
31775
31776
33453
33454
33455
33460
33461
33463
33464
33466
33549
33551
33552
33558
33561
33562
33563
33564
33577
33579
33580
33602
33603
33613
33614
33615
33620
33621
33622
33623
33624
33626
33950
33953
33954
33955
33956
33957
33960
33977
33979
33980
33981
33983
33984
33989
33990
33991
33993
33994
33995
34002
34078
34081
34083
34084
34085
34087
34088
34108
34109
34110
34111
34112
34117
34118
34119
34120
34121
34122
34123
34130
34161
34162
34163
34164
34286
34289
34290
34291
34292
34296
44302
44303
44304
44305
44346
44347
44348
44349
44354
44355
44356
44357
44358
44359
44360
44361
44379
44382
44383
44384
44385
44386
44388
44389
44394
44395
44396
44397
44398
44399
44400
44401
44402
44403
44404
44405
44407
44458
44460
44461
44467
44470
44471
44472
44473
47341
47347
47350
47352
47353
47694
47695
47696
47866
47867
47868
47869
47873
47874
47875
47876
47877
47878
47879
47880
47881
47898
47899
47900
47902
47903
47904
47905
47906
47908
47909
47911
47915
47918
47919
47920
47921
47922
47925
47998
47999
48000
48010
48012
48013
48018
48019
48020
48022
48023
48024
48025
48029
48035
48038
48040
48041
48063
48074
48075
48076
48077
48078
48081
48082
48083
48084
48085
48086
48087
48088
48105
49422
49423
49424
49425
49466
49468
49469
49475
49478
49479
49480
49481
49499
49502
49503
49504
49505
49509
49514
49515
49516
49518
49520
49521
49522
49523
49524
49525
49527
49578
49580
49581
49587
49590
49591
49592
49593
50234
50235
50236
50237
50238
50240
50241
50242
50243
50244
50245
50247
50266
50267
50268
50269
50270
50272
50273
50274
50275
50276
50277
50279
50286
50287
50288
50633
50655
50666
50668
50669
50674
50675
50676
50678
50679
50680
50681
50694
50696
50697
50719
50730
50731
50732
50733
50737
50738
50739
50740
50741
50742
50743
50744
50826
50827
50828
50830
50832
50833
50834
50836
50837
50875
50878
50879
50880
50881
50885
50893
50899
50902
50904
50905
50906
50908
50909
50915
50916
50918
50919
50920
50921
54518
54520
54521
54863
55034
55035
55036
55037
55041
55042
55043
55044
55045
55046
55047
55048
55049
55066
55067
55068
55070
55071
55072
55073
55074
55076
55077
55083
55084
55086
55087
55088
55089
55090
55092
55093
55166
55167
55168
55178
55179
55180
55181
55185
55186
55187
55188
55189
55190
55191
55192
55193
55197
55203
55206
55208
55209
55231
55242
55243
55244
55245
55249
55250
55251
55252
55253
55254
55255
55256
55257
55270
55272
55273
62370
62413
62414
62415
62416
62417
62419
62420
62421
62422
62423
62424
62425
62426
62427
62428
62444
62445
62446
62447
62448
62449
62450
62451
62452
62453
62454
62455
62456
62458
62459
62462
62465
62466
62467
62468
62469
62472
62537
62539
62540
62809
62811
62812
62834
62845
62846
62847
62848
62852
62853
62854
62855
62856
62857
62858
62859
62860
62861
62863
62864
62869
62870
62871
62873
62874
62875
62876
62894
62897
62898
62899
62900
62904
62909
62910
62911
62912
62913
62915
62916
62917
62918
62919
62920
62921
62922
62923
62924
62994
63005
63006
63007
63008
63009
63010
63011
63012
63013
63014
63015
63016
63017
63018
63019
63036
63054
63057
63058
63059
63060
63064
63069
63071
63072
63077
63078
63079
63081
63082
63083
63084
63085
63087
63088
63093
63094
63095
63097
63098
63099
63100
63106
64401
64402
64403
64413
64414
64415
64416
64417
64418
64419
64420
64421
64422
64423
64424
64425
64426
64427
64428
64432
64441
64443
64444
64473
64475
64476
64498
64499
64509
64510
64511
64512
64516
64517
64518
64519
64520
64521
64522
64523
64524
64525
64527
64528
64533
64534
64535
64537
64538
64539
64540
64558
64561
64562
64563
64564
64565
64568
64573
64574
64575
64576
64577
64578
64579
64580
64581
64582
64583
64584
64585
64586
64587
64588
64610
64908
64909
64910
64911
64912
64913
64914
64915
64916
64917
64918
64919
64920
64922
64928
64934
64937
64938
64939
64940
64941
64942
64943
64944
64945
64947
64948
64949
64950
64951
64952
64953
64954
64955
64956
64961
64962
64963
64964
65036
65037
65038
65039
65040
65041
65042
65043
65044
65045
65046
65047
65048
65050
65053
65056
65062
65065
65066
65067
65068
65069
65070
65071
65072
65073
65075
65076
65077
65078
65079
65080
65081
65082
65083
65084
65089
65090
65091
65117
65118
65119
65121
65122
65123
65124
65125
65127
65128
65130
65245
65246
65247
65249
65250
65251
65252
65253
65255
65256
65742
65745
65746
65747
65748
65752
65757
65758
65759
65760
65761
65763
65764
65765
65766
65767
65769
65770
65775
65776
65777
65779
65780
65781
65782
