1610
1617
1621
1622
1623
1624
3720
3721
3722
3724
3725
3726
3727
5882
5883
5884
5885
5886
5887
5888
7958
7959
7960
7961
7962
7963
7964
9543
9544
9545
9546
9547
9548
24682
24805
24807
24818
24844
24857
24984
24990
25017
25019
25036
25682
25684
25692
25695
25721
25725
25734
25736
25829
25835
25890
25892
25903
26374
26548
26554
26557
26559
26581
26583
26594
26600
26604
26689
26691
26697
26699
26702
26742
26756
26762
26765
26767
26784
27056
29738
29739
29740
29745
29746
29748
29749
29751
29771
29777
29778
29780
29781
29790
29791
29792
29871
29885
29891
29894
29896
29897
29910
29912
29913
29946
29947
29948
29954
29956
29957
29959
30271
30317
30323
30326
30328
30329
30350
30351
30352
30363
30369
30370
30372
30373
30438
30440
30441
30570
30571
30572
30578
30580
30583
30603
30609
30610
30613
30622
30624
32754
32755
33440
33446
33449
33451
33452
33473
33474
33475
33485
33486
33487
33492
33493
33495
33496
33498
33581
33582
33583
33588
33589
33591
33592
33594
33633
33634
33635
33648
33654
33657
33659
33660
33664
33670
33673
33675
33676
34013
34014
34015
34017
34019
34020
34021
34023
34024
34026
34045
34046
34047
34052
34053
34054
34055
34056
34058
34065
34066
34067
34225
34226
34227
34228
34272
34278
34281
34283
34284
34305
34306
34307
34317
34318
34319
34320
34324
34325
34326
34327
34328
34330
34381
34383
34384
34390
34393
34394
34395
34396
35472
35478
35481
35483
35484
47102
47103
47104
47105
47109
47114
47116
47117
47123
47124
47126
47127
47128
47129
47130
47132
47133
47138
47139
47140
47142
47143
47144
47145
47151
47226
47227
47228
47229
47230
47232
47233
47234
47235
47236
47237
47239
47257
47258
47259
47260
47261
47262
47264
47265
47266
47267
47268
47269
47270
47271
47272
47278
47279
47280
47281
47285
47307
47310
47311
47312
47313
47317
47626
47627
47628
47630
47631
47632
47633
47634
47636
47637
47639
47686
47689
47711
47722
47724
47725
47730
47731
47732
47734
47735
47736
47737
47738
47740
47741
47747
47750
47751
47752
47753
47774
47775
47776
47786
47787
47788
47789
47793
47794
47795
47796
47797
47798
47799
47800
47931
47934
47935
47936
47937
47938
47940
47941
47949
47955
47958
47960
47961
47962
47963
47964
47965
47970
47971
47972
47973
47974
47975
47976
47977
47983
49227
49230
49231
49232
49233
49237
49414
49416
49417
49439
49450
49451
49452
49453
49458
49459
49460
49461
49462
49463
49464
49465
49547
49550
49551
49552
49553
49554
49556
49557
49595
49598
49599
49600
49601
49602
49604
49605
49622
49624
49625
49626
49627
49628
49629
49634
49635
49636
49637
49638
49639
49640
49641
49647
49648
49862
49864
49865
49887
49898
49899
49900
49901
49906
49907
49908
49910
49911
49912
49913
50427
50428
50430
50432
50433
50434
50436
50437
50457
50458
50459
50460
50461
50465
50466
50467
50468
50469
50470
50471
50472
50479
50480
50558
50559
50560
50561
50565
50573
50582
50584
50585
50586
50588
50589
50595
50596
50598
50599
50600
50601
50607
50634
50635
50636
50638
50640
50641
50642
50644
50645
50647
59602
59613
59614
59615
59616
59617
59619
59620
59621
59622
59623
59624
59625
59626
59627
59644
62397
62399
62400
62406
62409
62410
62411
62412
62497
62498
62499
62500
62541
62542
62543
62544
62545
62547
62548
62549
62550
62551
62552
62553
62554
62555
62556
62573
62574
62575
62576
62577
62578
62579
62580
62581
62582
62583
62584
62586
62590
62593
62594
62595
62596
62597
62599
62600
62929
62930
62931
62932
62941
62942
62943
62944
62948
62949
62950
62951
62952
62953
62954
62955
62956
62957
62959
62960
62966
62969
62970
62971
62972
63121
63122
63123
63133
63134
63135
63136
63137
63139
63140
63141
63142
63143
63144
63145
63146
63147
63148
63152
63158
63161
63163
63164
63229
63232
63238
63241
63242
63243
63244
63245
63246
63247
63248
63252
63253
63254
63255
63256
63257
63258
63259
63260
63277
63278
63279
63281
63282
63283
63284
63285
63287
63288
63290
63293
63294
63295
63296
63297
63298
63299
63300
63301
63302
63303
63304
63306
63329
63330
63331
64657
64658
64659
64660
64669
64670
64671
64672
64673
64675
64676
64677
64678
64679
64680
64681
64682
64683
64684
64685
64687
64688
64694
64697
64698
64699
64700
64765
64768
64774
64777
64778
64779
64780
64781
64782
64783
64784
64785
64788
64789
64790
64791
64792
64793
64794
64795
64796
64813
64814
64815
64817
64818
64819
64820
64821
64822
64823
64824
64826
64829
64830
64831
64833
64834
64835
64836
64837
64838
64839
64840
64842
64865
64866
64867
65489
65490
65491
65492
65501
65502
65503
65504
65505
65507
65508
65509
65510
65511
65512
65513
65514
65515
65516
65517
65519
65520
65526
65529
65530
65531
65532
65725
65727
65728
65734
65735
65737
65738
65739
65740
65808
65811
65812
65813
65814
65818
65855
65856
65857
65858
65859
65861
65862
65863
65864
65865
65866
65867
65868
65869
65870
65879
65880
65881
65882
65883
65884
65885
65886
65887
65888
65889
65890
65891
65892
65893
65895
65896
65897
65899
65901
65902
65950
65956
65959
65961
65962
66047
66048
66049
66091
66092
66093
66094
66095
66098
66099
66100
66101
66102
66103
66104
66105
66106
66123
66124
66125
66127
66128
66129
66130
66131
66132
66133
66134
66136
66139
66140
66141
66142
66143
66144
66145
66146
66147
66148
66149
66150
66152
70195
70197
70198
70284
70327
70328
70329
70330
70335
70336
70337
70338
70339
70340
70341
70342
70360
70363
70364
70365
70366
70367
70370
70375
70376
70377
70378
70379
70381
70382
70383
70384
70385
70386
70388
70389
