1350
1360
1361
1363
1364
1365
1366
1367
3469
3470
3471
3472
3473
3474
3475
3476
5605
5606
5607
5608
5609
5620
5622
5623
7613
7680
7681
7682
7683
7684
7693
7694
7695
9718
9796
9801
9802
9803
9807
9812
9813
9814
73149
73154
73176
73314
73315
73327
73381
73384
73465
73469
73472
73794
74084
74085
74101
74160
74162
74166
74171
74191
74208
74209
74212
74213
74214
74219
74355
74359
74360
74361
74362
74428
74429
74430
74435
74439
74440
74441
74442
74457
74460
74461
74473
74476
74477
74764
74765
74766
74782
74787
74791
74792
74794
76080
76081
76082
76084
76086
76091
77183
77248
77249
77252
77253
77264
77265
77266
77268
77269
77270
77275
77295
77317
77328
77329
77332
77333
77334
77339
77570
77571
77575
77576
77577
77578
77587
77591
77592
77593
77594
77596
77597
77609
77612
77613
77614
77692
77693
77694
77695
77759
77760
77761
77762
77764
77765
77766
77771
77776
77777
77778
77779
77780
77782
77783
77784
77786
77787
77806
77807
78348
78349
78350
78351
78366
78367
78368
78369
78370
78371
78372
78373
78374
78375
78378
78379
78640
78641
78642
78643
78644
78645
78646
78647
78648
78649
78650
78651
78668
78669
78670
78671
78687
78688
78689
78690
78691
78692
78693
78694
78695
78698
78699
78705
78708
78709
78735
78752
78753
78756
78757
78758
78768
78769
78770
78772
78773
78774
78779
78799
78816
78817
78818
78820
78821
78822
78827
78832
78833
78834
78836
78837
78838
78843
79984
79985
79986
79987
79988
79990
79991
79992
79993
79994
79995
80051
80055
80056
80057
80058
80060
80061
80062
80067
80072
80073
80076
80077
80078
80092
80093
80094
80095
80098
80099
80103
80104
80105
80106
80109
85248
85249
85250
85252
85254
85255
85259
85266
85267
85271
85272
85273
85274
85294
85295
89651
89656
89657
89660
89661
89662
89663
89919
89920
89921
89922
89924
89925
89926
89927
89931
89936
89937
89938
89939
89940
89941
89942
89943
89944
89946
89947
89966
89967
89984
89985
89986
89987
89988
89989
89990
89991
89992
89993
89994
89995
90000
90001
90002
90003
90004
90005
90006
90007
90008
90009
90010
90011
90013
90028
90029
90030
90031
90108
90109
90110
90111
90196
90197
90240
90241
90242
90244
90245
90246
90251
90256
90257
90258
90260
90261
90262
90267
90287
91200
91202
91203
91206
91207
91208
91209
91210
91211
91212
91213
91214
91219
91223
91224
91225
91226
91228
91229
91230
91231
91234
91235
91239
91240
91241
91242
91243
91244
91245
91246
91247
91267
91271
91272
91273
91274
91276
91277
91278
91279
91288
91289
91292
91293
91294
91295
91296
91297
91298
91299
91300
91301
91302
91303
91304
91305
91306
91307
91308
91309
91310
91317
91376
91377
91378
91379
91380
91381
91382
91383
91384
91385
91386
91387
91388
91389
91390
91699
91703
91704
91705
91706
91708
91709
91710
91711
91966
91967
91968
91969
91970
91971
91972
91973
91974
91975
91976
91978
91979
91984
91985
91986
91987
91988
91989
91990
91991
91992
91993
91994
91995
92012
92013
92014
92015
92032
92033
92034
92035
92036
92037
92038
92039
92040
92041
92042
92043
92045
92048
92049
92050
92051
92052
92053
92054
92055
92056
92057
92058
92059
92060
92061
92062
92067
92072
92073
92076
92077
92078
92079
92156
92157
92158
92159
92245
92288
92289
92292
92293
92294
92304
92305
92306
92308
92309
92310
92315
92335
94287
94304
94305
94308
94309
94310
94320
94321
94322
94323
94324
94325
94326
94327
94328
94329
94330
94331
94332
94333
94334
94384
94385
94386
94387
94388
94389
94390
94391
94392
94393
94394
94395
94396
94397
94398
94399
94402
94403
94407
94408
94409
94410
94412
94413
94414
94415
94419
94423
94424
94425
94426
94428
94429
94430
94431
94432
94433
94434
94435
94436
94437
94438
94439
94440
94441
94442
94443
94444
94445
94446
94453
94806
94807
94808
94809
94810
94811
94812
94813
94814
94815
94816
94817
94818
94827
94829
94830
94831
94832
94833
94834
94835
94836
94837
94838
94839
94852
95017
95060
95061
95062
95063
95064
95065
95066
95067
95068
95069
95070
95071
95072
95073
95074
95076
95077
95078
95079
95080
95082
95083
95084
95085
95086
95087
95088
95089
95090
95091
95092
95094
95095
95098
95099
95100
95101
95102
95103
95104
95105
95106
95107
95175
95179
95180
95181
95182
95184
95185
95186
95187
95248
95249
95250
95251
95252
95253
95254
95255
95256
95257
95258
95259
95260
95261
95262
95263
95264
95265
95268
95269
95270
95271
95272
95273
95274
95275
95276
95277
95278
95279
95280
95281
95282
95287
95292
95293
95294
95296
95297
95298
95299
95316
95317
95320
95321
95322
95327
95332
95333
95334
95336
95337
95338
95343
95363
99480
99481
99484
99485
99486
99487
99500
99501
99502
99503
99504
99505
99506
99507
99508
99509
99510
99511
99512
99513
99514
99515
99520
99521
99522
99524
99525
99526
99531
99743
99760
99761
99764
99765
99766
99771
99776
99777
99778
99779
99780
99781
99782
99783
99784
99785
99786
99787
99789
99804
99805
99806
99807
99820
99821
99822
99823
99824
99825
99826
99827
99828
99829
99830
99831
99832
99833
99834
99835
99840
99841
99842
99844
99845
99846
99851
99870
99871
99887
99888
99889
99890
99892
99893
99894
99895
99899
99904
99905
99906
99907
99908
99909
99910
99911
99912
99913
99914
99915
99932
99934
99935
99951
99952
99953
99954
99956
99957
99958
99959
99962
99963
99968
99969
99970
99971
99972
99973
99974
99975
99976
99978
99979
120403
120405
120406
120409
120410
120411
120412
120413
120414
120415
120416
120417
120422
120426
120427
120428
120429
120431
120432
120433
120438
120442
120443
120444
120445
120447
120448
120449
120470
120475
120476
120479
120480
120481
120482
120495
120496
120497
120498
120499
120500
120501
120502
120505
120506
120507
120508
120509
120510
120512
120581
120582
120586
120587
120588
120589
120591
120592
120593
