1790
1791
1792
1797
1802
1803
1804
2766
2773
2799
3895
3898
3900
3901
3902
3907
4843
4888
4890
6058
6059
6061
6062
6063
6064
6065
6932
6933
6935
6945
6948
6953
8135
8136
8137
8138
8139
8140
8141
8974
8976
9052
9060
9062
9430
9431
9432
9433
9434
9435
9436
25187
25189
25194
25195
25197
25214
25216
25217
25221
25227
25231
25283
25285
25286
25290
25291
25292
25293
25314
25335
25336
25348
25351
25353
25358
25681
26023
26195
26197
26199
26203
26208
26214
26218
26225
26227
26275
26278
26279
26281
26282
26284
27690
27692
27693
27697
27698
27699
27700
27703
27718
27720
27721
27722
27724
27725
27729
27730
27731
27732
27735
27802
27804
27805
27809
27810
27811
27812
27815
27830
27832
27833
27851
27854
27855
27856
27861
27867
27870
27871
27872
27877
28138
28140
28141
28145
28146
28147
28148
28150
28151
28152
28166
28168
28169
28170
28171
28172
28173
28177
28178
28179
28180
28181
28183
28262
28264
28265
28346
28347
28350
28351
28352
28353
28357
28395
28398
28399
28400
28405
28410
28412
28413
28417
28418
28419
28420
28421
28423
28438
28440
28441
29734
29736
29737
31099
31102
31103
31104
31109
31787
31790
31791
31792
31797
31802
31804
31805
31809
31810
31811
31812
31815
31830
31832
31833
31864
31865
31883
31886
31887
31888
31899
31902
31903
31904
31909
31962
31964
31965
31969
31970
31971
31972
31975
32076
32161
32162
32163
32206
32209
32210
32211
32216
32224
32229
32230
32231
32234
32249
32251
32252
32349
32351
32352
32356
32357
32358
32359
32377
32379
32380
32384
32389
32390
32391
32394
37097
38155
38156
39031
39032
39033
39034
39035
39036
39037
39038
39039
39040
39041
39042
39043
39044
39045
39050
39055
39056
39057
39059
39060
39061
39062
39063
39064
39065
39066
39070
39071
39072
39073
39074
39075
39076
39077
39078
39110
39131
39132
39133
39143
39144
39145
39146
39147
39148
39149
39150
39151
39152
39153
39154
39155
39156
39157
39171
39172
39173
39174
39191
39192
39193
39195
39196
39197
39198
39202
39207
39208
39209
39210
39211
39212
39213
39214
39215
39216
39217
39218
39350
39435
39436
39437
39479
39480
39481
39482
39483
39484
39485
39486
39487
39488
39489
39490
39491
39492
39493
39497
39498
39503
39504
39505
39507
39508
39509
39510
39511
39512
39513
39514
39517
39518
39519
39520
39521
39522
39523
39524
39525
39526
39532
39600
39603
39604
39605
39606
39687
39688
39689
39691
39692
39693
39694
39698
39735
39736
39737
39738
39739
39740
39741
39742
39743
39744
39745
39746
39751
39752
39753
39754
39758
39759
39760
39761
39762
39763
39764
39765
39766
39770
39775
39776
39777
39779
39780
39781
39782
40310
40555
40556
40557
40727
40728
40729
40730
40731
40732
40733
40734
40735
40736
40737
40738
40739
40740
40741
40742
40746
40751
40752
40755
40756
40757
40758
40759
40760
40761
40762
40763
40764
40765
40766
40767
40768
40769
40770
40771
40772
40773
40774
40779
40780
40781
40806
40820
40831
40832
40833
40834
40836
40837
40838
40839
40841
40842
40846
40847
40848
40849
40850
40851
40852
40853
40854
40867
40869
40870
40871
40872
40873
40874
40875
40876
40877
40878
40879
40880
40881
40882
40884
40887
40888
40889
40891
40892
40893
40894
40895
40897
40898
41197
41202
41203
41204
41206
41207
41208
41209
41535
41546
41547
41548
41549
41550
41551
41552
41553
41554
41556
41557
41577
41722
41723
41724
41725
41726
41727
41728
41729
41730
41731
41732
41733
41738
41739
41740
41741
41742
41744
41745
41746
41747
41748
41749
41750
41751
41752
41753
41757
41762
41763
41764
41766
41767
41768
41769
41789
41795
41798
41799
41800
41801
41818
41819
41820
41822
41823
41824
41825
41826
41828
41829
41834
41835
41836
41837
41838
41839
41840
41841
41842
41843
41844
41845
41847
41864
41865
41883
41886
41887
41888
41898
41899
41900
41901
41902
41903
41904
41905
41906
41907
41908
41909
41910
41911
41912
47094
47095
47096
47097
52554
52555
52556
52558
52559
52560
52561
52565
55290
55291
55292
55293
55294
55295
55296
55297
55298
55300
55301
55306
55307
55308
55309
55313
55314
55315
55316
55317
55318
55319
55320
55325
55331
55334
55335
55336
55337
55366
55367
55368
55369
55386
55387
55388
55390
55391
55392
55393
55397
55402
55403
55404
55406
55407
55408
55409
55410
55412
55413
55433
55455
55466
55467
55468
55469
55470
55472
55473
55474
55475
55476
55477
55478
55479
55480
55606
55607
55608
55609
55690
55691
55692
55694
55695
55696
55697
55701
55738
55739
55740
55742
55743
55744
55745
55749
55754
55755
55756
55757
55761
55762
55763
55764
55765
55766
55767
55768
55782
55783
55784
55785
55951
55994
55995
55996
55997
56000
56001
56002
56003
56004
56005
56006
56007
56008
56013
56019
56022
56023
56024
56025
56026
56027
56028
56029
56033
56034
56035
56036
56037
56038
56039
56040
56541
56542
56543
56544
56881
56882
56883
56885
56886
56887
56888
56892
57057
57058
57061
57062
57063
57064
57068
57073
57074
57075
57076
57080
57081
57082
57083
57084
57085
57086
57101
57103
57104
57133
57134
57135
57136
57153
57154
57155
57157
57158
57159
57160
57164
57170
57173
57174
57175
57180
57233
57235
57236
57240
57241
57242
57243
57244
57245
57246
57247
57980
57981
57982
57983
57987
57988
57989
57990
57991
57992
57993
57994
58008
58009
58010
58011
58012
58013
58014
58015
58019
58020
58021
58022
58023
58024
58025
58026
58092
58093
58094
58095
58099
58100
58101
58102
58103
58104
58105
58106
58120
58121
58122
58123
58140
58141
58142
58144
58145
58146
58147
58151
58156
58157
58158
58160
58161
58162
58163
58167
