18
23
27
29
30
33
34
39
60
63
64
114
115
405
406
407
408
409
410
411
2149
2150
2156
2166
2168
2169
2170
2178
2179
2180
2182
2183
2185
2187
2191
2192
2194
2195
2197
2199
2200
2209
2211
2212
2214
2217
2218
2222
2223
2319
2320
2321
2324
2327
2328
2332
2353
2355
2356
2357
2514
2515
2516
2517
2518
2519
2520
4260
4261
4262
4263
4266
4269
4287
4289
4290
4291
4311
4312
4313
4314
4315
4316
4317
4318
4319
4320
4322
4323
4327
4328
4330
4341
4343
4352
4353
4364
4365
4371
4372
4376
4378
4379
4381
4382
4384
4385
4396
4398
4399
4400
4403
4404
4407
4408
4410
4411
4412
4413
4414
4415
4417
4420
4421
4423
4424
4425
4426
4427
4429
4430
4432
4436
4596
4597
4598
4600
4601
4602
4603
6392
6401
6402
6404
6405
6406
6407
6408
6410
6411
6412
6413
6414
6415
6416
6418
6419
6420
6421
6422
6423
6424
6426
6427
6428
6429
6430
6431
6432
6433
6434
6435
6436
6437
6438
6440
6442
6443
6444
6445
6446
6447
6448
6449
6450
6452
6453
6454
6455
6457
6458
6459
6461
6462
6463
6464
6465
6466
6467
6468
6469
6470
6477
6478
6486
6494
6501
6506
6509
6677
6680
6681
6682
6683
6684
6827
6842
6843
6845
6846
6847
6848
6855
6856
6857
6858
6859
6861
6862
6868
6870
6871
6878
6881
6898
6899
6903
8472
8473
8474
8475
8476
8477
8478
8480
8481
8482
8483
8485
8486
8487
8488
8489
8491
8492
8493
8494
8502
8503
8504
8505
8506
8509
8516
8523
8526
8532
8571
8572
8573
8574
8576
8577
8579
8584
8598
8610
8612
8615
8737
8738
8739
8740
8741
8742
8744
8812
8835
8869
8870
8871
8872
8873
8875
8876
8877
8879
8883
8884
8885
8886
8887
8888
8889
8890
8891
8892
8893
8894
8895
8896
8897
8898
8899
8900
8901
8902
8903
8904
8905
8906
8907
8908
8909
8910
8911
8912
8913
8914
8915
8916
8917
8919
8923
8924
8925
8926
8927
8928
8929
8930
8935
8936
8938
8939
8940
8941
8942
8943
8944
8945
8946
8947
8948
8949
8950
12896
12898
12899
12900
17057
17058
17059
17060
17062
17063
17064
17065
17066
17067
17071
17075
17076
17077
17078
17080
17081
17082
17083
17084
17085
17086
17087
17088
17089
17090
17091
17332
17334
17335
17339
17340
17341
17342
17343
17344
17345
17346
17347
17348
17349
17350
17351
17352
17353
17354
17355
17358
17359
17360
17361
17362
17363
17364
17365
17366
17367
17368
17369
17370
17371
17372
17374
17380
17381
17382
17392
17394
17395
17398
17399
17400
17401
17402
17403
17404
17405
17406
17407
17408
17410
17425
17426
17427
17428
17444
17445
17446
17447
17449
17450
17451
17452
17455
17456
17461
17462
17463
17464
17465
17466
17467
20271
20272
20273
20274
20275
20276
20277
20278
20279
20280
20281
20282
20283
20284
20285
20287
20288
20289
20290
20294
20307
20313
20320
20321
20322
20323
20324
20326
20327
20328
20329
20330
20331
20332
20333
20334
20335
20338
20339
20343
20344
20345
20346
20348
20349
20350
20351
20364
20365
20366
20367
20368
20369
20370
20371
20372
20373
20374
20375
20376
20377
20378
20379
20380
20381
20384
20385
20386
20388
20389
20390
20391
20394
20395
20468
20470
20471
20480
20481
20483
20484
20485
20489
20492
20493
20494
20495
20496
20497
20498
20499
20500
20501
20502
20503
20504
20505
20506
20508
20509
20510
20511
20514
20515
20516
20517
20518
20519
20520
20521
20522
20523
20524
20526
20527
20531
20532
20533
20534
20536
20537
20538
20539
20616
20617
20618
20619
20688
20689
20690
20700
20701
20702
20704
20705
20706
20707
20708
20710
20711
20731
20748
20749
20750
20751
20752
20753
20754
20755
20756
20757
20758
20759
20763
20764
20765
20766
20767
20768
20769
20770
20771
20772
20773
20774
20775
20776
20777
20778
20782
20786
20787
20788
20790
20791
20792
20793
21061
21062
21063
21064
21065
21066
21067
21068
21069
21070
21071
21072
21073
21074
21075
21078
21081
21082
21083
21084
21085
21086
21087
21089
21090
21091
21092
21093
21094
21095
21096
21097
21098
21099
21100
21104
21105
21106
21107
21108
21110
21111
21112
21113
21114
21115
21116
21117
21118
21119
21121
21122
21123
21124
21125
21126
21127
21130
21131
21132
21149
21150
21151
21153
21154
21155
21160
21197
21198
21199
21200
21201
21202
21203
21204
21205
21206
21207
21208
21213
21214
21215
21216
21217
21218
21219
21220
21221
21222
21223
21224
21225
21226
21231
21237
21240
21241
21242
21243
21322
21323
22159
22163
22164
22165
22166
22168
22169
22170
22171
22184
22185
22186
22187
22188
22189
22190
22191
22192
22193
22194
22195
22196
22197
22198
22199
22201
22204
22205
22206
22207
22208
22209
22213
22230
22251
22252
22263
22264
22265
22266
22267
22268
22269
22270
22271
22272
22273
22274
22275
22276
22277
22281
22283
22284
22286
22287
22288
22289
22297
22298
22299
22300
22301
22302
22303
22304
22305
22306
22307
22308
22309
22310
22314
22315
22316
22318
22319
22320
22321
22324
22325
23359
23360
23361
23362
23363
23364
23365
23366
23367
23368
23369
23370
23371
23373
23374
23375
23380
23385
23386
23387
23388
23389
23390
23391
23410
23411
23428
23429
23430
23431
23432
23452
23453
23454
23455
23456
23457
23460
23476
23497
23498
23499
23509
23510
23511
23512
23513
23514
23515
23567
23573
23576
23577
23578
23579
23580
23581
23582
23583
23584
23585
23586
23588
23589
23591
23595
23596
23597
23598
23599
23616
23617
23618
23619
23621
23624
23965
