637
652
657
667
668
673
674
675
676
699
700
701
705
711
712
714
715
716
719
720
721
726
727
728
730
732
733
735
736
737
738
739
741
744
752
757
759
763
764
765
768
769
770
771
775
776
778
779
780
781
782
784
787
789
790
791
792
793
794
795
796
797
799
800
804
805
807
808
809
810
811
812
813
814
815
816
817
819
820
821
822
823
825
826
828
829
830
831
832
833
834
835
836
837
838
840
841
842
843
844
845
846
847
848
849
851
852
853
855
856
857
858
861
863
864
865
866
868
869
871
874
875
877
878
879
882
883
886
888
889
890
891
892
893
894
895
896
897
898
899
900
903
904
905
906
907
908
909
910
911
912
913
914
915
916
917
918
919
920
925
926
928
929
930
931
932
933
935
936
937
938
939
940
941
942
943
944
945
946
947
948
949
950
951
953
954
955
956
957
958
960
961
963
964
965
966
967
968
969
970
971
972
973
975
976
977
978
979
980
981
982
983
984
985
986
988
989
994
1011
1012
1013
1014
1015
1016
1020
1021
1023
1024
1025
1026
1027
1028
1029
1030
1031
1033
1034
1035
1036
1037
1038
1039
1040
1041
1042
1043
1044
1045
1046
1047
1048
1049
1050
1051
1052
1053
1054
1055
1056
1057
1059
1062
1063
1064
1065
1066
1067
1068
1069
1070
1071
1072
1073
1074
1078
1079
1080
1082
1083
1084
1085
1086
1087
1088
1089
1090
1091
1092
1094
1095
1096
1097
1098
1099
1100
1101
1102
1103
1105
1106
1107
1108
1110
1114
1115
1116
1117
1118
1119
1121
1122
1123
1124
1125
1126
1127
1128
1130
1131
1132
1134
1135
1136
1137
1138
1139
1140
1141
1142
1143
1144
1145
1147
1148
1149
1150
1151
1152
1153
1154
1157
1158
1159
1160
1161
1162
1163
1164
1165
1166
1167
1168
1169
2820
2823
2847
2870
2871
2872
2874
2882
2883
2884
2885
2887
2888
2899
2900
2901
2902
2903
2904
2905
2906
2907
2909
2910
2911
2912
2914
2926
2927
2928
2929
2930
2933
2942
2943
2944
2945
2946
2947
2950
2961
2977
2980
2981
2995
2998
2999
3000
3001
3002
3003
3004
3005
3006
3007
3008
3009
3010
3011
3012
3013
3014
3015
3016
3017
3018
3019
3022
3023
3024
3026
3027
3028
3029
3030
3031
3032
3033
3034
3035
3036
3037
3038
3039
3040
3041
3042
3043
3044
3045
3046
3047
3048
3049
3050
3051
3052
3053
3054
3055
3056
3057
3058
3059
3060
3061
3062
3063
3064
3065
3066
3067
3068
3069
3070
3071
3072
3073
3074
3075
3076
3077
3078
3079
3080
3081
3082
3083
3084
3091
3092
3093
3110
3111
3112
3113
3114
3115
3116
3117
3118
3119
3120
3121
3122
3123
3124
3125
3126
3127
3128
3129
3130
3131
3132
3133
3134
3135
3136
3137
3138
3139
3140
3141
3142
3143
3144
3145
3146
3147
3148
3149
3150
3151
3152
3153
3154
3155
3156
3157
3158
3159
3160
3161
3162
3163
3164
3165
3166
3167
3168
3169
3170
3171
3172
3173
3174
3175
3176
3177
3178
3179
3180
3181
3182
3183
3184
3185
3186
3187
3188
3189
3190
3191
3192
3193
3194
3195
3196
3197
3198
3199
3200
3201
3202
3203
3204
3208
3210
3211
3212
3214
3215
3216
3217
3218
3219
3220
3221
3222
3223
3224
3225
3226
3227
3229
3233
3234
3235
3236
3237
3238
3239
3240
3242
3243
3245
3246
3247
3249
3253
3254
3256
3261
3262
3263
3264
3265
3266
3267
3268
3269
3270
3271
3272
3273
3274
4987
4990
5086
5087
5088
5089
5092
5098
5109
5114
5115
5116
5117
5118
5119
5123
5125
5126
5127
5132
5133
5135
5136
5137
5138
5139
5140
5141
5142
5143
5144
5145
5146
5147
5148
5149
5150
5151
5152
5154
5155
5156
5163
5164
5165
5166
5167
5168
5169
5170
5171
5188
5189
5190
5191
5192
5193
5194
5195
5196
5198
5199
5200
5201
5202
5203
5204
5205
5206
5207
5208
5209
5212
5213
5214
5215
5216
5217
5218
5219
5220
5221
5230
5231
5232
5233
5234
5235
5236
5238
5239
5240
5241
5242
5243
5245
5246
5253
5254
5255
5256
5257
5258
5259
5260
5262
5263
5265
5266
5267
5268
5269
5270
5271
5272
5273
5274
5275
5276
5277
5278
5279
5332
5335
5336
5337
5340
5342
5346
5348
5349
5360
5377
7211
7212
7216
7232
7233
7235
7236
7253
7255
7260
7267
7268
7269
7270
7271
7274
7285
7287
7307
7320
7321
7322
7324
7343
