1935
1936
1938
1942
1947
1948
1949
4035
4036
4037
4039
4040
4046
6139
6140
6141
6146
6152
6153
8210
8213
8215
8216
8217
8222
10294
10297
10298
10299
10300
10301
73129
73254
73256
73558
73560
73706
73718
73724
73728
73872
73874
73880
73882
75136
75138
75139
75145
75146
75149
75169
75175
75179
75189
75535
75557
75569
75579
75635
75641
75732
75734
75780
75782
75804
75806
75807
75820
75822
76416
76418
76424
76426
76429
76448
76449
76450
76455
76456
76458
76459
76469
81301
81472
81474
81475
81480
81481
81482
81484
81485
81486
81505
81506
81508
81510
81511
81512
81514
81515
81524
81525
81526
81604
81605
81606
81607
81619
81625
81628
81630
81631
81635
81641
81644
81645
81646
81647
81681
81684
81686
81687
81691
81983
83059
83065
83068
83070
83156
83158
83201
83204
83206
83207
83211
83231
83235
83241
83244
83245
83246
83468
83470
83471
83492
83493
83494
83505
83508
83510
83511
83512
83515
83845
83856
83858
83859
83864
83865
83866
83869
83887
84048
84049
84050
84051
84056
84057
84058
84059
84061
84144
84146
84147
84153
84154
84156
84157
84158
84172
84174
84175
84197
84208
84209
84210
84215
84216
84218
84219
86421
86592
86593
86594
86595
86599
86600
86601
86602
86603
86605
86624
86625
86626
86631
86632
86633
86634
86635
86637
86644
86645
86646
86721
86724
86725
86726
86727
86728
86730
86731
86748
86750
86751
86752
86754
86755
86760
86761
86762
86764
86765
86766
86801
86804
86805
86806
86807
86811
87103
104615
104616
104617
105299
105300
105301
105302
105303
105305
105306
105307
105308
105309
105310
105311
105312
105313
105314
105327
105329
105330
105331
105332
105333
105334
105335
105336
105337
105338
105339
105340
105341
105342
105343
105344
105345
105348
105351
105352
105353
105354
105358
105427
105428
105429
105430
105431
105432
105433
105434
105435
105436
105437
105438
105440
105443
105445
105446
105452
105455
105456
105457
105458
105459
105460
105461
105462
105466
105467
105468
105469
105470
105471
105472
105473
105474
105480
105507
105508
105509
105511
105512
105513
105514
105515
105517
105518
105815
105816
105817
105827
105828
105829
105830
105834
105835
105836
105837
105838
105839
105840
105841
105842
105846
105852
105855
105857
105858
105890
105912
105923
105924
105925
105926
105931
105932
105933
105935
105936
105937
105938
105939
105941
105942
105947
105948
105949
105951
105952
105953
105954
105972
105975
105976
105977
105978
105982
105987
105988
105989
105990
105991
105992
105993
105994
105995
105996
105997
105998
106000
106135
106136
106137
106147
106148
106149
106150
106151
106153
106154
106155
106156
106157
106158
106159
106160
106161
106175
106177
106178
107343
107345
107346
111638
111644
111647
111649
111650
111671
111672
111673
111683
111684
111685
111686
111687
111689
111690
111691
111692
111693
111694
111696
112024
112035
112036
112037
112038
112042
112043
112044
112045
112046
112048
112049
112066
112216
112227
112228
112229
112230
112235
112236
112237
112238
112239
112240
112241
112255
112257
112258
112323
112325
112326
112332
112335
112336
112337
112338
112342
112348
112351
112352
112353
112354
112375
112376
112377
112378
112387
112388
112389
112391
112393
112394
112395
112397
112398
113250
113283
113285
113286
113291
113292
113293
113295
113296
113297
113298
113380
113381
113383
113384
113385
113386
113387
113389
113390
113428
113431
113432
113433
113434
113435
113438
113446
113452
113455
113456
113457
113458
113459
113461
113462
113467
113468
113469
113471
113472
113473
113474
114791
114792
114793
114835
114836
114837
114838
114842
114843
114844
114845
114846
114847
114848
114849
114867
114868
114869
114870
114871
114873
114874
114875
114876
114877
114878
114880
114884
114887
114888
114889
114890
114894
114959
114961
114962
115560
115603
115604
115605
115606
115610
115611
115612
115613
115614
115615
115616
115617
115634
115635
115636
115637
115638
115639
115641
115642
115643
115644
115645
115646
115648
115652
115655
115656
115657
115658
115662
115727
115729
115730
115990
115996
115999
116000
116001
116002
116020
116023
116024
116025
116026
116030
116035
116036
116037
116038
116039
116041
116042
116043
116044
116045
116046
116048
116066
116088
116099
116100
116101
116102
116107
116108
116109
116110
116111
116112
116113
116114
116195
116196
116197
116199
116200
116201
116202
116203
116205
116206
116243
116244
116245
116247
116248
116249
116250
116251
116253
116254
116262
116268
116271
116272
116273
116274
116275
116277
116278
116283
116284
116285
116287
116288
116289
116290
116296
125095
125096
125097
125098
125102
125779
125780
125781
125782
125783
125785
125786
125787
125788
125789
125790
125791
125792
125793
125794
125810
125811
125812
125813
125814
125815
125816
125817
125818
125819
125820
125821
125822
125824
125825
125827
125828
125829
125831
125832
125833
125834
125835
125837
125838
125907
125908
125909
125911
125912
125913
125914
125915
125917
125918
125920
125923
125925
125926
125931
125932
125933
125935
125936
125937
125938
125939
125940
125941
125942
125946
125947
125948
125949
125950
125951
125952
125953
125954
125960
125976
125987
125988
125989
125990
125991
125992
125993
125994
125995
125996
125997
125998
126000
126018
126292
126295
126296
126297
126298
126302
126307
126308
126309
126310
126311
126313
126314
126315
126316
126317
126318
126319
126320
126321
126322
126326
126332
126335
126336
126337
126338
126367
126369
126370
126392
126393
126403
126404
126405
126406
126410
126411
126412
126413
126414
126415
126416
126417
126418
126419
126421
126422
126427
126428
126429
126431
126432
126433
126434
126452
126455
126456
126457
126458
126459
126461
126462
126467
126468
126469
126470
126471
126472
126473
126474
126475
126476
126477
126478
126479
126480
126481
126615
126616
126617
126618
126627
126628
126629
126630
126631
126632
126633
126634
126635
126636
126637
126638
126639
126640
126641
126642
126646
126652
126655
126656
126657
126658
127814
127820
127823
127824
127825
127826
135683
135684
135685
135686
135687
135688
135689
