1306
1307
1309
1315
1316
1318
1319
1320
3418
3419
3420
3421
3422
3429
3430
3431
5571
5572
5573
5574
5575
5576
5578
5579
7649
7650
7651
7652
7653
7654
7655
7658
9716
9774
9775
9777
9778
9779
9780
9781
9782
73136
73141
73177
73305
73309
73312
73353
73357
73358
73359
73360
73374
73375
73394
73395
73474
73476
74076
74077
74088
74089
74124
74125
74126
74140
74141
74142
74147
74151
74152
74153
74154
74227
74231
74232
74233
74234
74318
74319
74335
74338
74342
74343
74346
74347
74383
74399
74400
74401
74402
74404
74405
74406
74411
74480
74481
74482
74484
74485
74486
74491
74803
74807
74810
76093
77135
77152
77153
77156
77157
77168
77169
77172
77173
77174
77232
77233
77234
77236
77237
77238
77243
77263
77279
77280
77281
77282
77284
77285
77286
77291
77300
77301
77424
77425
77426
77427
77428
77429
77430
77431
77432
77434
77435
77490
77491
77495
77496
77497
77498
77499
77516
77517
77518
77519
77532
77533
77534
77535
77536
77538
77539
77542
77543
77544
77545
77546
77547
77838
77839
77855
77856
77857
77858
77860
77861
77862
77863
77866
77867
78195
78199
78200
78201
78202
78204
78205
78206
78259
78264
78265
78268
78269
78270
78275
78279
78280
78281
78282
78284
78285
78286
78291
78295
78296
78297
78298
78300
78301
78302
78307
78311
78312
78313
78314
78316
78317
78318
78460
78461
78462
78463
78524
78525
78526
78527
78528
78529
78530
78531
78532
78533
78534
78535
78536
78537
78538
78539
78544
78545
78546
78547
78548
78549
78550
78551
78552
78553
78554
78555
78572
78573
78574
78575
78848
78850
78851
78854
78855
78856
78857
78858
78859
78866
78867
78871
78872
78873
78874
78876
78877
78888
78889
78892
78893
78894
78895
80136
80137
80140
80141
80142
80156
80157
80158
80163
80167
80168
80169
80170
80172
80173
85285
85296
85297
85298
85300
85301
85302
85307
89470
89471
89535
89536
89537
89538
89540
89541
89542
89547
89552
89553
89554
89556
89557
89558
89559
89562
89563
89583
89600
89601
89602
89604
89605
89606
89611
89616
89617
89618
89620
89621
89622
89627
89647
89727
89792
89793
89796
89797
89808
89809
89812
89813
89814
89819
89856
89857
89858
89859
89860
89861
89862
89863
89864
89865
89866
89867
89872
89873
89874
89875
89876
89877
89878
89879
89880
89881
89882
89883
89900
89901
89902
89903
89980
89982
89983
90047
90048
90049
90050
90052
90053
90054
90059
90064
90065
90066
90067
90068
90069
90070
90071
90074
90075
90094
90095
90112
90113
90114
90116
90117
90118
90123
90128
90129
90130
90132
90133
90134
90139
90159
90624
90625
90626
90627
90628
90629
90630
90631
90632
90633
90634
90635
90636
90637
90638
90640
90641
90642
90643
90644
90645
90646
90647
90648
90649
90650
90651
90652
90653
90654
90659
90663
90664
90665
90666
90668
90669
90670
90671
90883
90887
90888
90889
90890
90892
90893
90894
90895
90899
90903
90904
90905
90906
90908
90909
90910
90911
90912
90913
90914
90915
90916
90917
90918
90919
90920
90921
90922
90923
90924
90925
90926
90994
90995
90998
90999
91000
91001
91002
91003
91004
91005
91006
91007
91059
91063
91064
91065
91066
91068
91069
91070
91071
91072
91073
91074
91075
91078
91079
91080
91081
91082
91083
91084
91085
91086
91090
91091
91094
91095
91096
91097
91098
91099
91100
91101
91102
91103
91107
91111
91112
91113
91114
91116
91117
91118
91119
92275
92280
92281
92284
92285
92286
92287
92348
92349
92350
92351
92352
92353
92354
92355
92356
92357
92358
92359
92360
92361
92362
92363
92368
92369
92370
92371
92372
92373
92374
92375
92376
92377
92378
92379
92380
92381
92393
92396
92397
92398
92399
92437
93699
93704
93705
93708
93709
93710
93711
93720
93721
93724
93725
93726
93727
93728
93729
93730
93731
93732
93733
93734
93735
93736
93737
93738
93739
93740
93741
93744
93745
93748
93749
93750
93964
93965
93966
93967
93980
93981
93982
93983
93984
93985
93986
93987
93988
93989
93990
93991
93992
93993
93994
93995
94000
94001
94002
94003
94004
94005
94006
94007
94010
94011
94030
94031
94047
94048
94049
94050
94052
94053
94054
94059
94064
94065
94066
94067
94068
94069
94070
94071
94072
94073
94074
94075
94095
94111
94112
94113
94114
94116
94117
94118
94123
94128
94129
94130
94131
94132
94133
94134
94135
94136
94137
94138
94139
94141
94156
94157
94158
94159
94172
94173
94174
94175
94176
94177
94178
94179
94180
94181
94182
94183
94184
94185
94186
94187
94192
94193
94194
94196
94197
94198
94203
94695
94706
94707
94708
94709
94711
94712
94713
94718
94723
94724
94725
94726
94727
94728
94729
94730
94731
94732
94733
94734
94735
94736
94741
94742
94743
94744
94745
94746
94747
95388
95389
95392
95393
95394
95395
95408
95409
95410
95411
95412
95413
95414
95415
95416
95417
95418
95419
95420
95421
95422
95423
95428
95429
95430
95432
95433
95434
95439
95456
95457
95458
95459
95472
95473
95474
95475
95476
95477
95478
95479
95480
95481
95482
95483
95484
95485
95486
95487
95492
95493
95494
95495
95496
95497
95498
95499
95500
95501
95502
95503
95522
95523
95538
95539
95540
95541
95542
95543
95544
95545
95546
95547
95550
95551
95556
95557
95558
95559
95560
95561
95562
95563
95564
95565
95566
95567
100081
100084
100085
100096
100097
100098
100099
100100
100101
100102
100103
100104
100105
100106
100107
100108
100109
100110
100160
100161
100162
100163
100164
100165
100166
100167
100168
100169
100170
100171
100172
100173
100174
100179
100183
100184
100185
100186
100188
100189
100190
100191
100195
100199
100200
100201
100202
100204
100205
100206
100207
100208
100209
100210
100211
100212
100213
100214
100215
100216
100217
100218
100219
100220
100221
100222
120466
120536
120547
120548
120551
120552
120595
120596
120597
120598
120599
120600
120601
120602
120605
120606
120611
120612
120613
120614
120615
120616
120617
120618
120619
120620
120621
120622
120639
120640
120641
120642
