1926
1927
1928
1929
1931
1932
1933
4021
4023
4024
4025
4026
4027
4030
6123
6130
6133
6134
6135
6136
6137
8199
8200
8201
8203
8204
8205
8206
10282
10283
10284
10285
10286
10287
10288
73229
73231
73257
73559
73569
73666
73717
73719
73861
73884
73886
73903
75140
75142
75167
75171
75177
75180
75182
75523
75529
75533
75559
75572
75574
75776
75778
75784
75786
75809
75816
75818
75819
75829
76372
76374
76375
76431
76453
76464
76465
76466
76472
76474
76475
76531
76537
76541
81488
81489
81490
81491
81495
81496
81497
81498
81499
81501
81584
81586
81587
81593
81596
81597
81598
81612
81614
81615
81636
81637
81638
81648
81649
81650
81655
81656
81658
81659
81661
83008
83011
83017
83020
83021
83022
83044
83046
83047
83051
83060
83062
83063
83141
83155
83161
83164
83165
83166
83183
83216
83217
83218
83224
83226
83227
83516
83519
83861
84032
84033
84034
84039
84040
84042
84043
84064
84065
84066
84071
84072
84074
84075
84077
84085
84161
84164
84166
84167
84171
84188
84191
84192
84194
84195
84201
84204
84205
84206
84241
84244
84245
84246
84247
84251
86405
86416
86418
86419
86424
86425
86426
86428
86429
86430
86444
86446
86447
86643
86652
86654
86655
86740
86741
86742
86784
86785
86786
86788
86791
86792
86794
86795
86797
86815
86816
86817
86818
86819
86823
86824
86825
86826
86827
86829
86837
86838
87040
87042
87043
87049
87052
87053
87054
87055
87073
87076
87077
87078
87079
87083
87089
87092
87094
87095
87099
105363
105364
105365
105367
105368
105369
105370
105371
105373
105374
105379
105381
105382
105388
105389
105391
105392
105393
105394
105395
105396
105397
105398
105402
105403
105404
105405
105406
105407
105408
105409
105410
105416
105615
105617
105618
105704
105747
105748
105749
105750
105754
105755
105756
105757
105758
105759
105760
105761
105762
105779
105780
105781
105783
105784
105785
105786
105787
105789
105790
105792
105795
105796
105797
105799
105800
105801
105802
105803
105805
105806
105862
105868
105871
105872
105873
105874
105959
105960
105961
105962
106003
106004
106005
106006
106007
106009
106010
106011
106012
106013
106014
106015
106016
106017
106034
106035
106036
106037
106038
106039
106041
106042
106043
106044
106045
106046
106047
106048
106049
106052
106055
106056
106057
106058
106062
109394
110760
111443
111445
111446
111451
111452
111453
111455
111456
111457
111458
111476
111479
111480
111481
111482
111483
111486
111492
111493
111495
111496
111497
111498
111499
111501
111502
111575
111576
111577
111587
111588
111589
111590
111595
111596
111597
111599
111600
111601
111602
111615
111617
111618
111640
111651
111652
111653
111654
111658
111659
111660
111661
111662
111664
111682
111972
111975
111976
111977
111978
111982
112022
112028
112031
112033
112034
112055
112056
112057
112067
112068
112069
112070
112071
112073
112074
112075
112076
112077
112078
112080
112131
112133
112134
112139
112140
112141
112143
112144
112145
112146
112276
112279
112280
112281
112282
112283
112285
112286
112303
112305
112306
112307
112309
112310
112315
112316
112317
112319
112320
112321
112328
113478
113484
113487
113488
113489
113490
114855
114856
114857
114858
115539
115540
115541
115542
115543
115545
115546
115547
115548
115549
115550
115552
115570
115571
115572
115573
115574
115575
115577
115578
115579
115580
115581
115582
115583
115584
115585
115591
115592
115593
115667
115668
115669
115671
115672
115673
115674
115675
115677
115678
115686
115692
115695
115697
115698
115699
115700
115701
115702
115707
115708
115709
115710
115711
115712
115713
115714
115720
115748
115749
115751
115752
115753
115754
115755
115757
115758
116056
116067
116068
116069
116070
116071
116073
116074
116075
116076
116077
116078
116079
116080
116081
116098
116130
116152
116163
116164
116165
116166
116171
116172
116173
116174
116175
116176
116177
116178
116182
116188
116191
116192
116193
116194
116215
116216
116217
116218
116227
116228
116229
116230
116231
116233
116234
116235
116236
116237
116238
116239
116240
116241
116375
116376
116377
116378
116387
116388
116389
116390
116395
116396
116397
116398
116399
116400
116401
116402
116403
116406
116412
116415
116416
116417
116418
125027
125028
125029
125031
125032
125033
125034
125035
125036
125037
125038
125040
125075
125077
125078
125084
125087
125088
125089
125090
125108
125111
125112
125113
125114
125118
125123
125124
125125
125126
125127
125129
125130
125131
125132
125133
125134
125135
125136
125137
125138
125151
125153
125154
125175
125176
125177
125187
125188
125189
125190
125194
125195
125196
125197
125198
125199
125200
125201
125202
126019
126021
126022
126027
126028
126029
126031
126032
126033
126034
126372
126375
126376
126377
126378
126382
126547
126548
126549
126550
126551
126552
126553
126554
126555
126556
126557
126558
126559
126560
126561
126566
126572
126575
126577
126578
126579
126580
126581
126582
126583
126585
126586
126587
126588
126589
126590
126591
126592
126593
126594
126596
126599
126600
126601
126602
126606
126671
126674
126675
126676
126677
126678
126679
126680
126681
126682
126683
126684
126685
126686
126687
126688
126689
126691
126694
126700
126703
126704
126705
126706
126707
126708
126709
126710
126711
126713
126714
126715
126716
126717
126718
126719
126720
126721
126722
126727
126728
126729
126755
126756
126757
126759
126760
126761
126762
126763
126765
126766
127055
127057
127058
127400
127401
127571
127572
127573
127574
127578
127579
127580
127581
127582
127583
127584
127585
127586
127603
127604
127605
127606
127607
127608
127609
127610
127611
127612
127613
127614
127616
127619
127620
127621
127622
127623
127624
127625
127626
127627
127628
127629
127630
127632
127700
127703
127704
127705
127706
127710
127715
127716
127717
127718
127722
127723
127724
127725
127726
127727
127728
127729
127730
127731
127733
127734
127739
127740
127741
127743
127744
127745
127746
127768
127779
127780
127781
127782
127783
127784
127785
127786
127787
127788
127789
127790
127791
127792
127793
127807
127809
127810
135670
135671
135672
135673
135674
135675
