20
37
40
42
49
53
67
72
73
74
79
80
81
84
86
87
90
92
93
94
95
96
97
99
100
101
103
105
106
109
111
112
113
117
125
126
128
129
131
132
134
135
136
137
138
139
140
141
142
143
145
146
147
148
150
151
152
153
154
155
158
159
160
161
162
163
164
166
167
168
169
171
172
173
174
175
176
177
178
180
181
182
183
185
186
187
188
189
190
191
192
193
196
197
198
200
201
202
203
204
205
206
207
208
209
210
212
216
217
218
219
220
221
224
225
227
228
229
230
234
235
236
237
238
239
240
242
243
244
248
251
252
253
254
256
260
261
262
263
264
265
266
267
268
269
270
271
272
273
274
275
276
279
280
281
283
412
413
414
415
416
417
418
419
420
421
422
423
424
426
427
428
429
430
431
432
433
434
435
436
437
438
439
442
443
444
445
446
447
448
449
450
451
452
453
454
456
457
458
459
460
461
462
463
464
466
467
469
470
471
472
473
474
475
476
477
478
479
480
481
482
483
484
486
487
488
489
490
491
492
493
494
495
496
497
498
499
501
502
503
504
505
507
508
509
510
511
513
514
515
516
517
519
520
522
523
524
525
527
528
529
530
531
533
534
536
537
538
539
540
541
542
543
544
545
546
547
548
549
550
551
552
553
554
555
556
558
559
560
561
562
563
564
565
566
567
568
569
570
571
572
573
574
575
576
577
578
579
580
581
582
584
585
587
588
589
590
591
592
593
594
595
596
597
598
599
600
601
602
603
604
605
606
607
609
610
611
612
613
615
616
617
618
619
620
621
623
624
625
626
627
630
631
632
633
634
635
1562
1564
1565
1566
1567
1568
1570
1571
2188
2236
2237
2239
2240
2256
2257
2258
2259
2260
2265
2266
2267
2268
2272
2273
2274
2280
2281
2288
2295
2296
2297
2299
2303
2304
2305
2306
2307
2308
2309
2310
2312
2314
2333
2338
2341
2349
2350
2358
2359
2360
2361
2362
2363
2364
2365
2366
2367
2368
2369
2370
2371
2372
2373
2374
2375
2376
2377
2378
2379
2380
2381
2382
2383
2384
2385
2386
2387
2388
2389
2390
2391
2392
2521
2522
2523
2524
2525
2526
2527
2528
2529
2530
2531
2532
2533
2534
2535
2536
2537
2538
2539
2540
2541
2542
2543
2544
2545
2546
2547
2548
2549
2550
2551
2552
2553
2554
2555
2556
2557
2558
2559
2560
2561
2562
2563
2564
2565
2566
2567
2568
2569
2570
2571
2572
2573
2574
2575
2576
2577
2578
2579
2580
2581
2582
2583
2584
2585
2586
2587
2588
2589
2590
2591
2592
2593
2594
2595
2596
2597
2598
2599
2600
2601
2602
2603
2604
2605
2606
2607
2608
2609
2610
2611
2612
2613
2614
2615
2616
2617
2618
2619
2620
2621
2622
2623
2624
2625
2626
2627
2628
2629
2630
2631
2635
2636
2637
2638
2639
2640
2641
2642
2643
2644
2645
2646
2647
2648
2649
2650
2651
2652
2653
2654
2655
2656
2657
2660
2661
2662
2664
2665
2666
2667
2668
2670
2673
2674
2675
2676
2677
2678
2679
2680
2682
2683
2685
2689
2690
2692
2693
2694
2695
2696
2697
2698
2699
2700
2701
2702
2703
2705
2706
2708
2715
2716
2717
2719
2720
2721
2722
2723
2724
2725
2726
2727
2728
2729
2730
2731
2732
2733
2734
2735
2736
2737
2738
2739
2741
2742
2744
3675
3676
3677
3678
3679
3680
4394
4448
4449
4452
4453
4454
4456
4457
4459
4462
4463
4464
4465
4466
4467
4473
4474
4604
4605
4606
4607
4608
4609
4610
4611
4612
4613
4614
4616
4617
4618
4619
4621
4622
4623
4624
4625
4626
4627
4628
4629
4630
4631
4634
4637
4638
4639
4640
4641
4642
4643
4644
4645
4646
4648
4649
4652
4653
4654
4656
4657
4659
4660
4661
4662
4664
4665
4667
4672
4673
4681
4682
4685
4686
4687
4688
4689
4690
4692
4693
4694
4695
4696
4699
4700
4701
4703
4705
4706
4707
4708
4709
4710
4711
4712
4713
4714
4715
4716
4724
4725
4726
4727
4728
4729
4730
4731
4732
4733
4734
4735
4736
4737
4738
4739
4740
4741
4742
4746
4759
4764
4765
4808
4814
4815
4820
4821
4822
4831
6692
6693
6697
6706
6723
6724
6725
6775
6786
6788
6789
6791
6796
6797
6799
6807
6811
6812
6813
