1798
1799
1800
1801
1805
1812
2798
3903
3904
3905
3906
3908
3909
3910
4848
4865
4869
4879
4889
6066
6067
6068
6069
6070
6071
6072
6944
6946
6947
6949
8142
8143
8144
8145
8146
8147
8148
8975
9053
9054
9056
9061
9066
9424
9425
9426
9427
9428
9429
25173
25183
25188
25191
25193
25198
25206
25211
25215
25230
25232
25258
25273
25284
25287
25289
25294
25347
25349
25354
25355
25357
26194
26196
26200
26202
26217
26219
26223
26226
27388
27389
27570
27573
27574
27575
27580
27691
27694
27695
27696
27701
27706
27708
27709
27713
27714
27715
27716
27719
27734
27736
27737
27766
27768
27769
27787
27790
27791
27792
27797
27803
27806
27807
27808
27813
27866
27868
27869
27873
27874
27875
27876
27879
28006
28007
28008
28009
28090
28091
28092
28094
28095
28096
28097
28101
28139
28142
28143
28144
28149
28154
28155
28156
28157
28161
28162
28163
28164
28165
28167
28182
28184
28185
28394
28396
28397
28401
28402
28403
28404
28406
28407
28408
28422
28424
28425
28426
28428
28429
28433
28434
28435
28436
28437
28439
31786
31788
31789
31793
31794
31795
31796
31799
31814
31816
31817
31821
31826
31827
31828
31831
31898
31900
31901
31905
31906
31907
31908
31929
31950
31951
31952
31963
31966
31967
31968
31973
32205
32207
32208
32212
32213
32215
32233
32235
32240
32245
32246
32250
32288
32317
32318
32319
32350
32353
32354
32355
32360
32368
32373
32374
32375
32378
32393
32395
32396
37049
37071
37082
37083
37084
37085
37086
37088
37089
37090
37091
37092
37093
37094
37095
37096
38091
38092
38093
38135
38136
38137
38138
38139
38140
38141
38142
38143
38144
38145
38146
38151
38152
38153
38154
38157
38158
38159
38160
38161
38162
38163
38164
38165
38170
38175
38176
38179
38180
38181
38182
38262
39047
39048
39049
39051
39052
39053
39054
39058
39095
39096
39097
39098
39099
39100
39101
39102
39103
39104
39105
39106
39107
39108
39109
39114
39119
39120
39121
39123
39124
39125
39126
39127
39128
39129
39130
39134
39135
39136
39137
39138
39139
39140
39141
39142
39219
39220
39221
39222
39299
39301
39302
39320
39323
39324
39325
39330
39335
39336
39337
39338
39339
39340
39341
39342
39343
39344
39345
39346
39347
39348
39349
39411
39413
39414
39415
39416
39417
39418
39419
39420
39421
39422
39423
39424
39425
39426
39428
39431
39432
39433
39434
39438
39439
39440
39441
39442
39443
39444
39445
39446
39447
39449
39450
39454
39455
39456
39457
39459
39460
39461
39462
39495
39496
39499
39500
39501
39502
39506
39747
39748
39749
39750
39767
39768
39769
39771
39772
39773
39774
39778
39783
39784
39785
39786
39787
39788
39789
39790
39791
39792
39793
39794
39796
40259
40260
40261
40262
40279
40280
40281
40283
40284
40285
40286
40290
40295
40296
40297
40298
40299
40300
40301
40302
40303
40304
40305
40306
40307
40308
40309
40488
40491
40492
40493
40498
40535
40536
40537
40538
40539
40540
40541
40542
40543
40544
40545
40546
40547
40548
40551
40552
40553
40554
40558
40559
40560
40561
40562
40563
40564
40565
40566
40567
40569
40570
40574
40575
40576
40577
40578
40579
40580
40581
40582
40659
40661
40662
40743
40744
40745
40747
40748
40749
40750
40753
40754
40791
40792
40793
40794
40795
40796
40797
40798
40799
40800
40801
40802
40803
40804
40805
40807
40809
40810
40812
40813
40815
40816
40817
40818
40819
40821
40822
40823
40824
40825
40826
40827
40828
40829
40830
40835
40890
40896
40899
40900
40901
40902
41734
41735
41736
41737
41754
41755
41756
41758
41759
41760
41761
41765
41770
41771
41772
41773
41774
41775
41776
41777
41778
41779
41780
41781
41782
41783
41784
41846
41848
41849
41850
41851
41852
41853
41854
41855
41856
41857
41858
41859
41860
41861
41862
41863
41866
41868
41869
41873
41874
41875
41876
41877
41878
41879
41880
41881
41882
41884
41885
41889
41890
41891
41892
41893
41894
41895
41896
41897
41930
41931
41934
41935
41936
41937
41941
55299
55302
55303
55304
55305
55321
55322
55323
55324
55326
55327
55328
55329
55330
55332
55333
55338
55339
55340
55342
55343
55344
55345
55348
55349
55405
55411
55414
55415
55416
55417
55418
55419
55420
55421
55425
55426
55427
55428
55429
55430
55431
55432
55443
55446
55447
55448
55449
55450
55451
55452
55453
55454
55456
55457
55458
55459
55460
55461
55462
55463
55464
55471
55741
55746
55747
55748
55750
55751
55752
55753
55769
55770
55771
55772
55773
55774
55775
55776
55777
55778
55779
55780
55781
55787
55790
55791
55792
55797
55850
55852
55853
55857
55858
55859
55860
55862
55863
55864
55865
55930
55931
55932
55934
55935
55936
55937
55941
55946
55947
55948
55949
55950
55952
55953
55954
55955
55956
55957
55959
55974
55976
55977
55998
55999
56010
56011
56012
56014
56015
56016
56017
56018
56020
56021
56041
57059
57060
57065
57066
57067
57069
57070
57071
57087
57088
57089
57090
57091
57092
57093
57095
57096
57097
57098
57099
57100
57102
57110
57169
57171
57172
57176
57177
57178
57179
57181
57182
57183
57194
57197
57198
57199
57200
57216
57217
57218
57219
57221
57222
57223
57224
57227
57228
57234
57237
57238
57239
57543
57549
57552
57553
57554
57555
57793
57794
57795
57805
57806
57807
57808
57809
57810
57811
57812
57813
57815
57816
57836
57984
57985
57986
57996
57997
57998
57999
58000
58001
58002
58003
58004
58005
58006
58007
58027
58047
58052
58053
58054
58056
58057
58058
58059
58074
58075
58076
58077
58078
58079
58080
58081
58082
58083
58084
58085
58086
58087
58096
58097
58098
58159
58164
58165
58166
58168
58169
58170
58171
