1754
1755
1756
1758
1759
1760
1761
3859
3862
3863
3864
3865
3866
3868
4849
4855
4857
4884
6022
6023
6024
6025
6026
6029
6036
8099
8100
8101
8102
8104
8105
8106
8982
8983
8995
8997
10245
10246
10247
10248
10249
10250
10251
24721
24727
24734
24736
25246
25247
25248
25316
25322
25326
25367
25378
25380
25381
25386
25387
25388
25409
25630
25632
25651
25654
25656
25661
25671
26002
26004
26010
26012
26033
26037
26042
26043
26044
26230
26236
26240
26256
26258
26272
27897
27918
27919
27920
27930
27931
27932
27934
27936
27937
27938
27940
27941
28266
28267
28268
28270
28271
28272
28273
28277
28285
28291
28294
28295
28296
28301
28307
28310
28311
28312
28313
28475
28478
28479
28480
28522
28524
28525
28529
28530
28531
28532
28534
28535
28552
28553
28554
28555
28556
28557
28561
28562
28563
28564
28565
28567
28575
28646
28648
28649
29530
29531
29532
29533
29537
29538
29539
29540
29541
29543
29614
29615
29616
29626
29628
29629
29633
29634
29635
29636
29639
29654
29656
29657
29690
29691
29692
29694
29696
29697
29701
30846
30847
31018
31020
31021
31026
31027
31028
31031
31049
31050
31052
31053
31057
31058
31059
31060
31063
31133
31139
31142
31143
31144
31145
31149
31155
31158
31159
31160
31178
31179
31180
31182
31184
31185
31189
31198
31199
31529
32013
32014
32017
32019
32020
32024
32041
32042
32043
32054
32057
32058
32059
32125
32127
32128
32133
32134
32135
32156
32178
32190
32193
32195
32196
32200
39847
39849
39850
39854
39855
39856
39857
39858
39859
39860
39861
39862
39931
39932
39933
39943
39944
39945
39946
39947
39948
39949
39950
39951
39952
39953
39954
39956
39971
39973
39974
39991
39992
39993
39995
39996
39997
39998
40002
40007
40008
40009
40010
40011
40012
40013
40014
40015
40016
40017
40018
40019
40020
40021
40026
40032
40035
40036
40037
40038
41038
41039
41040
41210
41211
41212
41213
41214
41215
41216
41217
41218
41219
41220
41221
41223
41226
41227
41228
41229
41233
41234
41235
41236
41237
41238
41239
41240
41241
41242
41243
41244
41245
41249
41250
41251
41252
41253
41254
41255
41256
41257
41289
41310
41311
41312
41322
41323
41324
41325
41326
41328
41329
41330
41331
41332
41333
41334
41335
41336
41337
41341
41347
41350
41351
41352
41353
41370
41371
41372
41374
41375
41376
41377
41378
41380
41381
41386
41387
41388
41389
41390
41391
41392
41393
41394
41395
41396
41397
41399
41720
41721
42058
42059
42060
42062
42063
42064
42065
42066
42068
42069
42234
42235
42236
42237
42238
42240
42241
42242
42243
42244
42245
42246
42247
42248
42249
42253
42259
42262
42263
42264
42265
42266
42267
42268
42269
42270
42271
42272
42273
42274
42275
42276
42277
42278
42279
42280
42283
42286
42287
42288
42293
42346
42348
42349
42354
42355
42356
42358
42359
42360
42361
42362
42363
42364
42365
42366
42368
42369
42370
42371
42372
42373
42374
42375
42376
42377
42390
42392
42393
42394
42395
42396
42397
42398
42399
42400
42401
42402
42403
42404
42405
42406
42407
42408
42410
42411
42414
42415
42416
42417
42421
42446
42447
42733
42739
42742
42743
42744
42745
46266
46268
46269
46274
46275
46276
46278
46279
46280
46281
46297
46298
46299
46300
46301
46302
46303
46304
46305
46306
46307
46308
46309
46311
46314
46315
46316
46318
46319
46320
46321
46324
46325
46603
46606
46607
46608
46609
46613
46650
46651
46652
46653
46654
46656
46657
46658
46659
46660
46661
46662
46663
46664
46669
46675
46678
46679
46680
46681
46682
46683
46684
46685
46686
46688
46689
46690
46691
46692
46693
46694
46695
46696
46703
46774
46775
46776
46777
46862
46863
46864
46906
46907
46908
46909
46910
46911
46912
46913
46914
46915
46916
46917
46919
46922
46924
46925
46930
46931
46932
46934
46935
46936
46937
46938
46940
46941
46945
46946
46947
46948
46950
46951
46952
46953
47033
51531
51534
51535
51536
51537
51541
52218
52219
52220
52221
52225
52226
52227
52228
52229
52230
52231
52232
52246
52248
52249
52250
52251
52252
52253
52254
52256
52257
52258
52259
52260
52261
52262
52263
52264
52271
52332
52333
52338
52339
52340
52342
52343
52344
52345
52346
52348
52349
52354
52355
52356
52358
52359
52360
52361
52377
52378
52379
52380
52381
52382
52383
52384
52385
52386
52387
52388
52389
52395
52398
52399
52400
52405
52678
52679
52680
52681
52698
52699
52702
52703
52704
52705
52709
52714
52715
52716
52717
52718
52719
52720
52721
52722
52723
52724
52725
52745
52767
52778
52779
52780
52781
52782
52784
52785
52786
52787
52788
52789
52790
52791
52792
52859
52862
52863
52864
52865
52869
52874
52875
52876
52877
52878
52880
52881
52882
52883
52884
52885
52886
52887
52888
52902
52903
52904
52905
52927
52938
52939
52940
52941
52942
52943
52944
52945
52946
52947
52948
52949
52969
54262
54263
54264
54265
55631
56289
56290
56291
56293
56294
56295
56296
56297
56299
56300
56307
56308
56313
56314
56315
56317
56318
56319
56320
56324
56329
56330
56333
56334
56335
56336
56368
56390
56401
56402
56403
56404
56408
56409
56410
56411
56412
56414
56429
56431
56432
56453
56454
56455
56465
56466
56467
56468
56469
56470
56471
56472
56473
56475
56476
56740
56745
56746
56747
56749
56750
56751
56752
56768
56769
56770
56771
56773
56775
56776
56777
56779
56780
56789
56790
56791
56852
56858
56861
56862
56863
56864
56945
56946
56947
56949
56950
56951
56952
56953
56955
56956
56994
56997
56998
56999
57004
57009
57010
57011
57012
57016
57017
57018
57019
57020
57021
57022
57023
57037
57039
57040
58235
135638
135639
135640
135641
135642
135643
