1950
1951
1952
1953
1954
1965
4048
4049
4050
4051
4052
4053
4062
6155
6156
6157
6158
6159
6160
6162
8226
8227
8228
8229
8230
8231
8232
10309
10310
10311
10312
10313
10315
10316
73201
73226
73230
73570
73572
73705
73707
73721
73723
73879
73883
75089
75095
75099
75151
75173
75184
75185
75186
75192
75194
75195
75248
75251
75257
75261
75571
75577
75581
75599
75621
75633
75639
75643
75728
75730
75736
75738
75792
75794
75800
75802
76421
76435
76441
76444
76445
76446
76460
76462
76463
81284
81285
81286
81287
81291
81299
81305
81308
81309
81310
81311
81315
81321
81324
81325
81326
81327
81532
81534
81535
81620
81621
81622
81664
81665
81666
81668
81670
81671
81672
81674
81675
81695
81696
81698
81699
81704
81705
81706
81709
81710
81920
81922
81923
81929
81932
81933
81934
81953
81956
81958
81959
81963
81969
81972
81973
81974
81975
81979
83203
83209
83212
83214
83236
83238
83249
83252
83254
83255
83259
83324
83326
83327
83412
83413
83414
83457
83460
83462
83463
83467
83484
83486
83487
83491
83497
83500
83501
83502
83797
83840
83842
83843
83848
83849
83850
83853
83872
83873
83874
83879
83880
83882
83883
83893
83967
84096
84097
84098
84099
84103
84104
84105
84106
84107
84109
84128
84129
84130
84135
84136
84138
84139
84141
84149
86609
86612
86614
86615
86616
86618
86619
86668
86670
86671
86692
86693
86694
86704
86705
86706
86708
86710
86711
86712
86714
86715
86717
86768
86770
86771
86776
86777
86778
86780
86781
86782
104536
104547
104548
104549
104550
104551
104552
104553
104554
104555
104556
104557
104558
104560
104578
104595
104597
104598
104604
104605
104607
104608
104609
104610
104628
104631
104632
104633
104634
104638
104643
104644
104645
104646
104647
104648
104649
104650
104651
104652
104653
104654
104655
104656
104657
104671
104673
104674
104696
104697
104707
104708
104709
104710
104714
104715
104716
104717
104718
104719
104720
104721
104722
105503
105505
105506
105527
105528
105529
105539
105540
105541
105542
105546
105547
105548
105549
105550
105551
105552
105553
105554
105880
105891
105892
105893
105894
105895
105896
105897
105898
105899
105900
105901
105902
105904
105922
106068
106071
106072
106073
106074
106078
106083
106084
106085
106086
106091
106092
106093
106094
106095
106096
106097
106098
106099
106101
106102
106107
106108
106109
106111
106112
106113
106114
106179
106181
106182
106187
106188
106189
106191
106192
106193
106194
106195
106197
106198
106203
106204
106205
106207
106208
106209
106210
106227
106228
106229
106231
106232
106233
106234
106235
106237
106238
106243
106244
106245
106247
106248
106249
106250
106251
106253
106254
107094
107100
107103
107104
107105
107106
107124
107127
107128
107129
107130
107134
107139
107140
107141
107142
107143
107144
107145
107146
107147
107148
107149
107150
107151
107152
107153
107223
107224
107225
107235
107236
107237
107238
107239
107241
107242
107243
107244
107245
107246
107247
107248
107249
107263
107265
107266
107287
107288
107289
107290
107299
107300
107301
107302
107303
107305
107306
107307
107308
107309
107310
107311
107312
107313
107314
107318
107324
107327
107328
107329
107330
112223
112225
112226
112247
112248
112249
112259
112260
112261
112262
112263
112266
112267
112268
112269
112270
112272
112344
112355
112356
112357
112358
112362
112363
112364
112365
112366
112368
112386
112408
112419
112420
112421
112422
112426
112427
112428
112429
112430
112431
112432
112433
112450
112674
112696
112707
112708
112709
112710
112715
112716
112717
112718
112719
112720
112721
113059
113060
113061
113063
113065
113066
113067
113069
113070
113239
113240
113241
113242
113246
113251
113253
113254
113259
113260
113261
113263
113264
113265
113266
113270
113276
113279
113280
113281
113282
113350
113356
113359
113360
113361
113362
113363
113365
113366
113371
113372
113373
113375
113376
113377
113378
113396
113399
113400
113401
113402
113406
113411
113412
113413
113415
113416
113417
113418
113419
113421
113422
114599
114600
114601
114771
114772
114773
114774
114778
114779
114780
114781
114782
114783
114784
114785
114802
114803
114804
114805
114806
114807
114809
114810
114811
114812
114813
114814
114816
114823
114824
114825
114899
114900
114901
114903
114904
114905
114906
114907
114909
114910
114918
114924
114927
114929
114930
114931
114932
114933
114934
114939
114940
114941
114942
114943
114944
114945
114946
114952
114980
114983
114984
114985
114986
114990
115279
115281
115282
115623
115624
115625
115795
115796
115797
115798
115799
115801
115802
115803
115804
115805
115806
115807
115808
115809
115826
115827
115828
115829
115830
115831
115833
115834
115835
115836
115837
115838
115840
115847
115848
115849
115850
115923
115924
115925
115926
115927
115928
115929
115930
115931
115932
115933
115934
115936
115942
115948
115951
115952
115953
115954
115955
115956
115957
115958
115962
115963
115964
115965
115966
115967
115968
115969
115970
115976
116004
116007
116008
116009
116010
116014
116303
116305
116306
125843
125844
125845
125847
125848
125849
125850
125851
125853
125854
125859
125860
125861
125862
125866
125867
125868
125869
125870
125871
125872
125873
125874
125875
125877
125878
125883
125884
125885
125887
125888
125889
125890
125896
126083
126085
126086
126091
126092
126093
126095
126096
126097
126098
126179
126180
126181
126183
126184
126185
126186
126187
126189
126190
126227
126228
126229
126230
126231
126232
126233
126234
126235
126236
126237
126238
126240
126243
126245
126246
126251
126252
126253
126255
126256
126257
126258
126259
126260
126261
126262
126263
126265
126266
126267
126268
126269
126270
126271
126272
126273
126274
126279
126280
126281
126354
126440
126483
126484
126485
126486
126490
126491
126492
126493
126494
126495
126496
126497
126498
126514
126515
126516
126517
126518
126519
126520
126521
126522
126523
126524
126525
126526
126528
126531
126532
126533
126534
126535
126536
126537
126538
126539
126540
126541
126542
126544
135696
135697
135698
135699
135700
135701
135702
