1987
1998
1999
2000
2001
2002
4086
4095
4096
4097
4098
4099
4100
6202
6204
6205
6206
6207
6208
6209
8272
8273
8274
8275
8276
8277
8278
10354
10355
10357
10358
10359
10360
10361
73207
73224
73228
73535
73539
73594
73596
73697
73699
73713
73715
75023
75044
75045
75046
75057
75060
75062
75063
75067
75123
75129
75133
75216
75217
75223
75227
75269
75280
75282
75283
75288
75289
75290
75311
75589
75603
75609
75613
75631
75696
75698
75704
75706
75760
75762
75768
75770
75921
75927
75931
81011
81016
81017
81018
81020
81021
81022
81104
81105
81106
81108
81110
81111
81112
81114
81115
81156
81157
81158
81168
81170
81171
81175
81176
81177
81178
81180
81181
81182
81196
81198
81199
81417
81420
81421
81422
81423
81441
81444
81445
81446
81447
81451
81457
81460
81461
81462
81463
81467
81792
81793
81794
81796
81798
81799
81803
81811
81817
81820
81821
81822
81823
81827
81833
81836
81837
81838
82004
82005
82006
82048
82050
82051
82056
82057
82058
82060
82061
82062
82080
82081
82082
82086
82087
82088
82090
82091
82101
82172
82174
82175
83284
83285
83286
83331
83337
83340
83341
83342
83361
83364
83366
83367
83371
83380
83381
83382
83452
83454
83455
83712
83713
83714
83715
83719
83720
83721
83722
83723
83725
83743
83744
83746
83747
83751
83752
83753
83754
83757
83839
83925
83968
83969
83970
83975
83976
83978
83979
83999
84000
84002
84003
84008
84009
84010
84013
84609
84612
84614
84619
84627
84633
84636
84637
84638
84652
84654
103443
103445
103446
103451
103452
103453
103455
103456
103457
103458
103474
103475
103476
103477
103479
103480
103481
103482
103483
103485
103486
103491
103492
103493
103494
103495
103496
103497
103498
103499
103500
103501
103502
103504
103784
103827
103828
103829
103830
103831
103832
103833
103834
103835
103836
103837
103838
103840
103843
103844
103845
103846
103850
103851
103852
103853
103854
103855
103856
103857
103858
103859
103860
103861
103862
103866
103867
103868
103869
103870
103871
103872
103873
103874
103880
103954
104035
104036
104037
104039
104040
104041
104042
104043
104045
104046
104083
104084
104085
104086
104090
104091
104092
104093
104094
104095
104096
104097
104098
104111
104113
104114
104115
104116
104117
104118
104119
104120
104121
104122
104123
104124
104125
104126
104127
104128
104129
104131
104132
104133
104135
104136
104137
104138
104139
104141
104142
104195
104197
104198
104203
104204
104205
104207
104208
104209
104210
105058
105080
105091
105092
105093
105094
105098
105099
105100
105101
105102
105103
105104
105105
105106
105175
105176
105177
105187
105188
105189
105190
105191
105192
105193
105194
105195
105196
105197
105198
105200
105217
105218
105235
105236
105237
105239
105240
105241
105242
105245
105246
105251
105252
105253
105254
105255
105257
105258
105259
105260
105261
105262
105263
105264
105265
105266
105270
105276
105279
105280
105281
105282
106580
106583
106584
106585
106586
106590
106595
106596
106597
106598
106599
106601
106602
106603
106604
106605
106606
106607
106608
106609
106610
106614
106620
106623
106624
106625
106626
106655
106656
106657
106658
106676
106679
106680
106681
106682
106686
106691
106692
106693
106694
106695
106696
106697
106698
106699
106700
106701
106702
106703
106704
106705
106719
106721
106722
106743
106744
106745
106755
106756
106757
106758
106759
106761
106762
106763
106764
106765
106766
106767
106768
106769
107415
107416
107417
107427
107428
107429
107430
107431
107432
107433
107434
107435
107436
107437
107438
107440
107455
107457
107458
107606
107612
107615
107616
107617
107618
107635
107636
107637
107639
107640
107641
107642
107643
107645
107646
107651
107652
107653
107654
107655
107656
107657
107658
107659
107660
107661
107662
107731
107732
107733
107735
107736
107737
107738
107739
107741
107742
107747
107749
107750
107755
107756
107757
107759
107760
107761
107762
107763
107765
107766
107771
107772
107773
107775
107776
107777
107778
107811
107812
107813
107815
107816
107817
107818
107819
107821
107822
108066
108088
108099
108100
108101
108102
108106
108107
108108
108109
108110
108111
108112
108113
108114
112536
112547
112548
112549
112550
112551
112553
112554
112555
112556
112557
112558
112578
112732
112735
112736
112737
112738
112756
112759
112760
112761
112762
112766
112771
112772
112773
112775
112776
112777
112778
112779
112781
112782
112851
112852
112853
112855
112856
112857
112858
112859
112861
112862
112867
112869
112870
112875
112876
112877
112879
112880
112881
112882
112886
112892
112895
112896
112897
112898
112932
112935
112936
112937
112938
112942
113219
113221
113222
113227
113228
113229
113231
113232
113233
113743
113745
113746
114087
114088
114089
114259
114260
114261
114262
114263
114265
114266
114267
114268
114269
114270
114271
114272
114273
114287
114288
114289
114290
114291
114292
114293
114294
114298
114299
114300
114301
114302
114303
114304
114305
114312
114374
114380
114383
114384
114385
114386
114387
114388
114389
114390
114394
114395
114396
114397
114398
114399
114400
114401
114402
114418
114419
114420
114421
114422
114423
114424
114425
114426
114427
114428
114429
114430
114432
114436
114439
114440
114441
114442
114446
114767
114769
114770
115111
115112
115113
115283
115284
115285
115286
115287
115289
115290
115291
115292
115293
115294
115296
115311
115313
115314
115315
115316
115317
115318
115322
115323
115324
115325
115326
115327
115328
115329
115336
115398
115404
115407
115408
115409
115410
115411
115413
115414
115419
115420
115421
115423
115424
115425
115426
115442
115443
115444
115445
115446
115447
115448
115449
115450
115451
115452
115453
115454
115460
115463
115464
115465
115470
117847
117848
117849
117859
117860
117861
117862
117866
117867
117868
117869
117870
117871
117872
117887
117889
117890
117922
117944
117955
117956
117957
117958
117959
117961
117962
117963
117964
117965
117966
117968
117986
118008
118019
118020
118021
118022
118026
118027
118028
118029
118030
118032
135742
135743
135744
135745
135746
135747
135748
