5
13
16
28
56
389
392
393
394
395
396
397
2136
2144
2146
2147
2148
2151
2152
2158
2174
2220
2224
2228
2499
2500
2501
2502
2503
2504
2505
2508
4241
4247
4248
4249
4251
4254
4255
4258
4267
4272
4276
4278
4283
4284
4295
4296
4303
4304
4308
4579
4580
4581
4582
4583
4584
4588
6339
6342
6346
6347
6349
6350
6351
6352
6356
6358
6361
6365
6366
6369
6370
6373
6481
6484
6495
6496
6497
6500
6513
6515
6516
6517
6658
6659
6660
6661
6662
6663
6664
6665
8404
8406
8407
8426
8444
8445
8446
8448
8449
8451
8455
8457
8460
8471
8521
8536
8537
8538
8539
8540
8542
8543
8544
8545
8546
8549
8551
8552
8555
8556
8557
8558
8560
8561
8567
8568
8569
8570
8715
8716
8717
8718
8719
8720
8721
8722
11775
11790
11791
11792
11793
11794
11795
11837
11848
11849
11850
11851
11852
11853
11854
11855
11857
11858
11859
11861
11862
11863
11865
11866
11871
12848
12849
12850
12851
12867
12868
12869
12870
12872
12873
12874
12875
12876
12878
12879
12888
12889
12912
12914
12915
12919
12920
12921
12922
12923
12925
12935
12936
12937
12938
12939
12940
12941
12943
12944
12945
12946
12947
12948
12955
12959
12960
12961
12962
12964
12965
12966
12970
12973
12975
12976
12977
12978
13048
13049
13050
13051
13052
13053
13054
13059
13060
13061
13065
13069
13070
13071
13072
13075
13153
13154
13155
13156
13221
13222
13225
13226
13227
13232
13237
13238
13239
13240
13241
13243
13244
13245
13247
13248
13268
13292
13293
13294
13295
13296
13297
13301
13561
13562
13564
13569
13630
16877
16878
16879
16880
16896
16897
16898
16899
16901
16902
16903
16904
16905
16907
16908
16913
16914
16915
16917
16918
16919
16924
16977
16978
16979
16980
16981
16983
16984
16985
16986
16987
16988
16989
16990
16991
17002
17005
17006
17007
17008
17023
17024
17025
17026
17027
17028
17029
17030
17031
17032
17033
17034
17035
17036
17041
17042
17045
17046
17047
17052
17152
17153
17154
17155
17220
17221
17224
17225
17226
17231
17236
17237
17238
17239
17240
17241
17242
17243
17244
17246
17247
17267
17284
17285
17286
17288
17289
17290
17291
17295
17300
17301
17302
17303
17304
17305
17306
17307
17308
17309
17310
17311
17328
17330
17331
17391
17433
17434
17468
17469
17470
17471
17472
17473
17474
17475
17476
17477
17478
17479
17480
17481
17484
17486
17487
17491
17492
17493
17494
17496
17497
17498
17499
17503
17507
17508
17509
17510
17512
17513
17514
17515
20172
20174
20175
20192
20193
20194
20196
20197
20198
20199
20203
20208
20209
20210
20211
20212
20213
20214
20215
20216
20217
20218
20219
20220
20221
20222
20226
20227
20231
20232
20233
20234
20235
20236
20237
20238
20239
20240
20241
20242
20243
20244
20245
20411
20412
20413
20414
20430
20431
20432
20433
20435
20436
20437
20438
20439
20441
20442
20447
20448
20449
20450
20451
20452
20453
20454
20455
20456
20457
20458
20460
20555
20556
20557
20558
20559
20560
20561
20562
20563
20564
20566
20567
20572
20573
20574
20575
20576
20577
20578
20579
20580
20581
20582
20583
20584
20585
20586
20597
20600
20601
20602
20603
20620
20621
20622
20623
20624
20626
20627
20628
20629
20630
20631
20632
20633
20634
20635
20639
20644
20645
20646
20648
20649
20650
20651
20652
20653
20654
20655
20656
20657
20658
20659
20660
20661
20662
20663
20664
20665
20666
20667
20672
20673
20674
20732
20734
20735
20739
20740
20741
20742
20744
20745
20746
20747
20863
20864
20867
20868
20869
20874
20879
20880
20881
20882
20883
20884
20885
20886
20887
20888
20889
20890
20910
21148
21169
21170
21171
21181
21182
21183
21184
21185
21186
21187
21188
21189
21190
21191
21192
21193
21194
21195
21247
21252
21253
21256
21257
21258
21259
21260
21261
21262
21263
21264
21265
21266
21267
21268
21269
21270
21271
21272
21273
21274
21279
21283
21284
21285
21286
21288
21289
21290
21291
21292
21294
21295
21299
21300
21301
21302
21303
21304
21305
21306
21307
21589
21592
21593
21594
21595
21610
21611
21612
21613
21614
21615
21616
21617
21618
21619
21620
21621
21622
21623
21628
21629
21630
21632
21633
21634
21635
21639
21893
21896
21897
21898
21899
21900
21901
21902
21903
21904
21905
21906
21907
21908
21909
21910
21911
21912
21913
21914
21916
21917
21918
21919
21922
21923
21924
21925
21926
21927
21928
21929
21930
21931
21934
21935
21939
21940
21941
21942
21944
21945
21946
21947
21967
21972
21973
21974
21976
21977
21978
21979
21992
21993
21994
21995
21996
21997
21998
21999
22000
22001
22002
22003
22004
22005
22006
22007
22009
22012
22013
22014
22016
22017
22018
22023
22065
22076
22077
22078
22079
22080
22081
22082
22083
22084
22085
22086
22087
22088
22089
22090
22232
22235
22236
22237
22242
23401
23412
23413
23414
23415
23416
23417
23418
23419
23420
23421
23422
23423
23425
23461
23462
23465
23466
23467
23472
23477
23478
23479
23480
23481
23482
23483
23484
23485
23487
23488
23508
23516
23517
23518
23519
23520
23522
23523
23524
23525
23526
23527
23528
23529
23530
23535
23539
23540
23541
23542
23544
23545
23546
23547
23551
23555
23556
23557
23558
23560
23561
23562
23612
23613
23614
23615
23694
23697
23698
23699
23709
23710
23711
23713
23714
23715
23716
23719
23720
23740
23885
23886
23887
23888
23889
23891
23892
23893
23894
23895
23896
23898
23904
23909
23910
23911
23913
23914
23915
23920
23925
23926
23927
23929
23930
23931
23960
23961
23962
23963
23972
23973
23974
23975
23977
23978
23979
23980
23983
23984
23989
23992
23993
23994
23999
24052
24053
24054
24055
24056
24058
24059
24060
24061
24062
24063
24065
24384
24385
24386
24387
