4
24
368
369
370
371
372
373
374
379
2127
2128
2131
2138
2160
2474
2477
2478
2479
2480
2481
2487
2488
4219
4225
4228
4230
4232
4236
4237
4309
4560
4561
4562
4567
4568
4569
4570
4571
6321
6334
6377
6378
6379
6381
6387
6388
6641
6644
6646
6647
6648
6649
6650
6651
8386
8389
8390
8391
8392
8394
8395
8397
8398
8420
8423
8431
8700
8701
8703
8704
8705
8708
8709
8710
10631
10836
10837
10838
10854
10855
10857
10861
10862
10864
10865
10875
10877
10878
10881
10884
10885
10887
10891
10895
10900
10901
10902
10909
10910
11240
11245
11246
11249
11250
11251
11525
11526
11529
11530
11531
11536
11573
11574
11575
11577
11579
11580
11583
11584
11592
11596
11597
11598
11599
11617
11618
11619
11620
11700
11801
11804
11805
11806
11811
11816
11817
11818
11820
11821
11822
11823
11826
11827
11847
12692
12693
12694
12695
12696
12697
12698
12699
12700
12701
12702
12703
12759
12764
12765
12766
12768
12769
12770
12775
12779
12780
12781
12782
12784
12785
12786
12800
12801
12802
12803
12806
12807
12811
12812
12813
12814
12816
12817
12994
12995
13012
13013
13014
13016
13017
13018
13023
13028
13029
13032
13033
13034
13039
13089
13090
13091
13092
13095
13096
13100
13101
13102
13103
13112
13117
13118
13121
13122
13123
13128
13133
13134
13135
13137
13138
13139
13169
13170
13171
13172
13188
13189
13190
13191
13193
13194
13195
13196
13199
13200
13210
13269
13271
13272
13276
13277
13278
13279
13280
13582
13583
13584
13595
13596
13599
13600
13604
13605
13606
13607
13643
13650
13651
13654
13655
13656
13661
13714
13715
13716
13718
13719
13720
13725
14765
14766
14767
14768
14783
14784
14785
14786
14787
14788
14789
14790
14791
14792
14793
14794
14795
14796
14802
14805
14806
14807
15841
15842
15843
15845
15846
15847
15852
15857
15858
15859
15861
15862
15863
15864
15867
15868
15888
15905
15906
15907
15908
15909
15910
15911
15912
15913
15914
15915
15916
15921
15922
15923
15924
15925
15927
15928
15929
15930
15931
15932
15933
15934
15935
15940
15945
15946
15949
15950
15951
15952
16029
16030
16031
16032
16099
16100
16104
16105
16106
16107
16109
16110
16111
16112
16121
16122
16125
16126
16127
16128
16129
16130
16131
16132
16133
16135
16136
16137
16138
16139
16140
16141
16142
16143
16173
16175
16176
16192
16193
16194
16195
16197
16198
16199
16200
16204
16209
16210
16211
16213
16214
16215
16220
16240
16258
16261
16262
16263
16273
16274
16275
16276
16277
16278
16279
16280
16281
16282
16283
16284
16596
16600
16601
16602
16603
16605
16606
16607
16608
17109
17112
17113
17114
17156
17157
17158
17160
17161
17162
17163
17167
17172
17173
17174
17175
17176
17177
17178
17179
17180
17181
17182
17183
17200
17202
17203
17283
19721
19724
19725
19726
19727
19791
19792
19793
19794
19796
19797
19798
19799
19803
19808
19809
19810
19811
19812
19813
19814
19815
19816
19817
19818
19819
19836
19838
19839
19856
19857
19858
19859
19860
19861
19862
19863
19864
19866
19867
19872
19873
19874
19875
19876
19877
19878
19879
19880
19881
19882
19883
19884
19885
19900
19901
19902
19903
19972
19973
20025
20029
20030
20031
20032
20034
20035
20036
20037
20038
20039
20040
20041
20042
20043
20044
20045
20046
20047
20048
20049
20050
20051
20052
20053
20054
20056
20057
20059
20060
20061
20062
20063
20064
20065
20066
20067
20068
20069
20070
20071
20072
20073
20074
20075
20076
20077
20078
20079
20080
20086
20116
20117
20862
20943
20944
20947
20948
20949
20954
20991
20992
20993
20994
20995
20996
20997
20998
20999
21000
21001
21002
21003
21004
21005
21007
21008
21009
21010
21011
21012
21013
21014
21015
21016
21017
21018
21019
21020
21021
21022
21026
21030
21031
21032
21033
21035
21036
21037
21038
21381
21384
21385
21386
21387
21388
21389
21390
21391
21392
21393
21394
21395
21396
21397
21398
21399
21400
21401
21402
21404
21406
21407
21410
21411
21412
21413
21414
21415
21416
21417
21418
21419
21423
21427
21428
21429
21430
21432
21433
21434
21435
21455
21459
21460
21461
21462
21464
21465
21466
21467
21480
21481
21482
21483
21484
21485
21486
21487
21488
21489
21490
21491
21492
21493
21494
21495
21496
21497
21501
21504
21505
21506
21564
21565
21566
21567
21568
21570
21571
21572
21573
21574
21575
21576
21577
21578
21656
21658
21659
21675
21676
21677
21678
21680
21681
21682
21683
21687
21692
21693
21694
21695
21696
21697
21698
21699
21700
21701
21702
21703
21756
21757
21758
21759
21760
21762
21763
21764
21765
21766
21767
21768
21769
21770
21771
21774
21775
21779
21780
21781
21782
21784
21785
21786
21787
21791
21796
21797
21800
21801
21802
21803
21804
21805
21806
21807
21808
21809
21810
21811
21812
21813
21814
21815
21816
21817
21818
21821
21824
21825
21826
22104
22106
22107
22123
22124
22125
22126
22128
22129
22130
22131
22135
22140
22141
22142
22143
22144
22145
22146
22147
22148
22149
22150
22151
22672
23677
23678
23679
23680
23681
23683
23684
23685
23686
23687
23688
23689
23690
23750
23753
23754
23755
23756
23757
23759
23760
23764
23765
23766
23767
23768
23769
23770
23771
23776
23780
23781
23782
23783
23785
23786
23787
23788
23792
23796
23797
23798
23799
23801
23802
23803
23948
24021
24024
24025
24026
24068
24069
24070
24071
24072
24073
24074
24075
24076
24078
24079
24084
24085
24086
24087
24090
24091
24092
24093
24094
24095
24097
24112
24113
24114
24115
24195
24265
24276
24277
24278
24280
24281
24282
24287
24324
24325
24326
24328
24329
24330
24331
24335
24340
24341
24342
24343
24344
24345
24346
24347
24348
24349
24350
24351
24368
24370
24371
