1409
1412
1413
1414
1415
1416
1417
3406
3519
3520
3521
3522
3523
3524
3525
3528
5664
5665
5666
5667
5668
5669
5673
7737
7738
7739
7740
7741
7742
7743
7744
9851
9852
9853
9854
9855
9856
9857
9858
73123
73142
73161
73336
73341
73417
73422
73423
73424
73442
73444
73455
73770
73786
74243
74247
74248
74250
74268
74269
74270
74281
74285
74547
74552
74553
74557
74572
74573
74574
74591
74592
74593
74594
74599
74603
74672
74674
74679
74682
74703
74721
74724
74725
74726
74740
74741
75903
75985
75988
75990
75995
76048
76049
76054
76059
77897
77900
77901
77902
77918
77919
77920
77922
77923
77927
77928
77929
77930
77931
77989
78000
78001
78002
78004
78005
78006
78007
78010
78011
78031
78052
78053
78054
78064
78065
78066
78068
78069
78070
78075
79116
79117
79118
79119
79135
79136
79137
79138
79140
79141
79142
79143
79144
79146
79147
79156
79157
79216
79218
79219
79223
79224
79225
79226
79227
79229
79294
79295
79296
79297
79298
79299
79300
79302
79303
79304
79305
79306
79307
79315
79319
79320
79321
79322
79324
79325
79326
79331
79337
79340
79341
79342
79343
79619
79623
79624
79625
79626
79628
79629
79644
79645
79646
79647
79651
79655
79656
79657
79658
79661
79740
79741
79742
79743
79808
79809
79812
79813
79814
79819
79824
79825
79826
79827
79828
79830
79831
79832
79834
79835
79855
79888
79889
79890
79892
79893
79894
79899
84531
84537
84540
84541
84542
84864
84865
84866
84868
84869
84870
84875
84880
84882
84883
84887
84888
84889
84890
84910
84911
85076
85077
85120
85121
85122
85124
85126
85127
85131
85139
85144
85145
85146
85164
85166
85167
85247
92492
92493
92494
92495
92511
92512
92513
92514
92516
92517
92518
92519
92520
92522
92523
92528
92529
92530
92532
92533
92534
92539
92592
92593
92594
92595
92596
92598
92599
92600
92601
92602
92603
92604
92605
92606
92617
92620
92621
92622
92623
92638
92639
92640
92641
92642
92643
92644
92645
92646
92647
92648
92649
92650
92651
92656
92657
92660
92661
92662
92667
92796
92797
92798
92799
92864
92865
92868
92869
92870
92875
92880
92881
92882
92883
92884
92885
92886
92887
92888
92890
92891
92911
92928
92929
92930
92932
92933
92934
92935
92939
92944
92945
92946
92947
92948
92949
92950
92951
92952
92953
92954
92955
92972
92974
92975
93055
93140
93141
93184
93185
93186
93187
93188
93189
93190
93191
93192
93193
93194
93195
93196
93197
93200
93202
93203
93207
93208
93209
93210
93212
93213
93214
93215
93219
93223
93224
93225
93226
93228
93229
93230
93231
96144
96146
96147
96164
96165
96166
96168
96169
96170
96171
96175
96180
96181
96182
96183
96184
96185
96186
96187
96188
96189
96190
96191
96192
96193
96194
96198
96199
96203
96204
96205
96206
96207
96208
96209
96210
96211
96212
96213
96214
96215
96216
96217
96412
96413
96414
96415
96431
96432
96433
96434
96436
96437
96438
96439
96440
96442
96443
96448
96449
96450
96451
96452
96453
96454
96455
96456
96457
96458
96459
96461
96719
96720
96721
96722
96723
96724
96725
96726
96727
96728
96730
96731
96736
96737
96738
96739
96740
96741
96742
96743
96744
96745
96746
96747
96748
96749
96750
96761
96764
96765
96766
96767
96784
96785
96786
96787
96788
96790
96791
96792
96793
96794
96795
96796
96797
96798
96799
96803
96808
96809
96810
96812
96813
96814
96815
96816
96817
96818
96819
96820
96821
96822
96823
96824
96825
96826
96827
96828
96829
96830
96831
96836
96837
96838
96896
96898
96899
96903
96904
96905
96906
96908
96909
96910
96911
97040
97041
97044
97045
97046
97051
97056
97057
97058
97059
97060
97061
97062
97063
97064
97065
97066
97067
97087
98015
98036
98037
98038
98048
98049
98050
98051
98052
98053
98054
98055
98056
98057
98058
98059
98060
98061
98062
98115
98120
98121
98124
98125
98126
98127
98128
98129
98130
98131
98132
98133
98134
98135
98136
98137
98138
98139
98140
98141
98142
98147
98151
98152
98153
98154
98156
98157
98158
98159
98160
98162
98163
98167
98168
98169
98170
98171
98172
98173
98174
98175
98457
98460
98461
98462
98463
98478
98479
98480
98481
98482
98483
98484
98485
98486
98487
98488
98489
98490
98491
98496
98497
98498
98500
98501
98502
98503
98507
98761
98764
98765
98766
98767
98768
98769
98770
98771
98772
98773
98774
98775
98776
98777
98778
98779
98780
98781
98782
98784
98785
98786
98787
98790
98791
98792
98793
98794
98795
98796
98797
98798
98799
98802
98803
98807
98808
98809
98810
98812
98813
98814
98815
98835
98840
98841
98842
98844
98845
98846
98847
98860
98861
98862
98863
98864
98865
98866
98867
98868
98869
98870
98871
98872
98873
98874
98875
98877
98880
98881
98882
98884
98885
98886
98891
98933
98944
98945
98946
98947
98948
98949
98950
98951
98952
98953
98954
98955
98956
98957
98958
99105
99108
99109
99110
99115
117560
117571
117572
117573
117574
117575
117576
117577
117578
117579
117580
117581
117582
117584
118867
118868
118871
118872
118873
118878
118883
118884
118885
118886
118887
118888
118889
118890
118891
118893
118894
118914
118931
118932
118933
118934
118935
118937
118938
118939
118940
118941
118942
118943
118944
118945
118950
118954
118955
118956
118957
118959
118960
118961
118962
118966
118970
118971
118972
118973
118975
118976
118977
119055
119056
119057
119058
119700
119703
119704
119705
119715
119716
119717
119719
119720
119721
119722
119725
119726
119746
119891
119892
119893
119894
119895
119897
119898
119899
119900
119901
119902
119904
119910
119915
119916
119917
119919
119920
119921
119926
119931
119932
119933
119935
119936
119937
119967
119968
119969
119970
119986
119987
119988
119989
119991
119992
119993
119994
119997
119998
120004
120007
120008
120009
120014
120067
120068
120069
120070
120071
120073
120074
120075
120076
120077
120078
120080
120399
120400
120401
120402
