1907
1908
1918
1919
1920
1921
1922
4006
4015
4016
4017
4018
4019
4020
6124
6125
6126
6127
6128
6129
8193
8194
8195
8196
8197
8198
10274
10277
10278
10279
10280
10281
73214
73251
73261
73565
73653
73655
73726
73730
73860
73862
73887
73900
73902
75141
75155
75161
75164
75166
75183
75391
75477
75520
75522
75528
75530
75553
75560
75563
75573
75779
75785
75789
75812
75814
75815
75828
75830
76368
76369
76370
76376
76378
76379
76467
76473
76476
76477
76478
76495
76517
76528
76529
76530
76536
76538
76539
81492
81493
81494
81539
81545
81548
81550
81551
81572
81573
81574
81585
81588
81590
81591
81592
81594
81595
81651
81657
81660
81662
81663
82492
82494
82495
82837
82838
83009
83010
83015
83016
83018
83019
83040
83041
83042
83048
83050
83053
83061
83140
83142
83143
83147
83167
83168
83170
83171
83177
83180
83181
83182
83220
83222
83223
84035
84041
84044
84045
84046
84047
84068
84069
84070
84081
84084
84086
84087
84091
84165
84176
84178
84179
84184
84185
84186
84189
84190
84207
84240
84242
84243
84248
84249
84250
84253
84271
86401
86402
86404
86406
86407
86408
86410
86411
86431
86432
86433
86434
86435
86440
86441
86442
86443
86445
86453
86787
86793
86796
86798
86799
86820
86821
86822
86832
86833
86834
86836
86839
86840
86841
86842
86843
86845
86896
86898
86899
86905
86908
86909
86910
86911
86993
86996
86997
86998
86999
87003
87041
87044
87046
87047
87048
87050
87051
87071
87072
87074
87075
87080
87081
87082
87084
87085
87086
87093
105380
105383
105384
105385
105386
105387
105390
105555
105557
105558
105563
105564
105565
105567
105568
105569
105570
105588
105591
105592
105593
105594
105595
105598
105603
105604
105605
105606
105607
105608
105609
105610
105611
105612
105613
105614
105616
105688
105689
105699
105700
105701
105702
105703
105705
105706
105707
105708
105709
105710
105711
105712
105713
105714
105727
105729
105730
105751
105752
105753
105763
105764
105765
105766
105770
105771
105772
105773
105774
105775
105776
105777
105778
105782
105788
105791
105793
105794
106018
106040
106051
106053
106054
106059
106060
106061
106063
106064
106065
106066
109343
109345
109346
109368
109369
109379
109380
109381
109382
109386
109387
109388
109389
109390
109391
109392
109393
110755
110756
110757
110759
110761
110762
110763
110765
110766
110768
111444
111447
111448
111449
111450
111454
111459
111462
111468
111471
111472
111473
111474
111475
111477
111478
111484
111485
111487
111488
111489
111490
111570
111571
111572
111573
111574
111578
111579
111580
111581
111582
111583
111584
111585
111603
111604
111605
111606
111607
111609
111610
111611
111612
111613
111614
111616
111623
111624
111625
111626
111655
111656
111657
111959
111960
111961
111971
111973
111974
111979
111980
111981
111983
111984
111985
111986
111999
112001
112002
112079
112081
112082
112083
112085
112086
112091
112092
112093
112095
112096
112097
112098
112116
112119
112120
112121
112122
112123
112125
112126
112132
112135
112136
112137
112138
112142
112168
112291
112292
112293
112294
112298
112299
112300
112301
112302
112304
112322
115551
115553
115554
115576
115587
115588
115589
115590
115594
115595
115596
115597
115598
115599
115600
115601
115602
115683
115684
115685
115687
115688
115689
115690
115691
115693
115694
115696
115732
115735
115736
115737
115738
115739
115742
115747
115750
115756
115759
115760
115761
115762
115763
115765
115766
115771
115772
115773
115775
115776
115777
115778
115784
116072
116115
116116
116117
116118
116119
116121
116122
116123
116124
116125
116126
116127
116128
116129
116146
116147
116148
116149
116150
116151
116153
116154
116155
116156
116157
116158
116160
116161
116167
116168
116169
116170
116242
116327
116328
116329
116330
116371
116372
116373
116374
116379
116380
116381
116382
116383
116384
116385
116386
116404
116405
116407
116408
116409
116410
116411
116413
116414
116419
116420
116421
116423
116424
116425
116426
116427
116429
116430
116432
116483
116486
116492
116495
116496
116497
116498
124840
125011
125012
125013
125014
125015
125016
125017
125018
125019
125020
125021
125022
125024
125025
125030
125039
125041
125042
125043
125044
125045
125046
125047
125049
125050
125051
125052
125053
125054
125055
125056
125057
125058
125063
125064
125065
125066
125139
125140
125141
125142
125143
125144
125145
125146
125147
125148
125149
125150
125152
125158
125164
125167
125168
125169
125170
125171
125172
125173
125174
125178
125179
125180
125181
125182
125183
125184
125185
125186
125191
125192
125193
125219
125220
125221
125223
125224
125225
125226
125227
125229
125230
125522
126562
126584
126595
126597
126598
126603
126604
126605
126607
126608
126609
126610
126692
126693
126695
126696
126697
126698
126699
126701
126702
126739
126740
126741
126742
126743
126744
126745
126746
126747
126748
126749
126750
126751
126752
126753
126758
126764
126767
126768
126769
126770
126771
126772
126773
126774
126775
126777
126778
126779
126780
126781
126782
126783
126784
126785
126786
126788
126791
126792
126793
126794
126798
126863
126865
126866
126952
126995
126996
126997
126998
127002
127003
127004
127005
127006
127007
127008
127009
127010
127027
127028
127029
127031
127032
127033
127034
127035
127037
127038
127040
127043
127044
127045
127046
127047
127048
127049
127050
127051
127052
127053
127054
127056
127380
127383
127384
127385
127386
127390
127395
127396
127397
127398
127399
127402
127403
127404
127405
127406
127407
127408
127409
127410
127411
127413
127414
127420
127423
127424
127425
127426
127575
127576
127577
127587
127588
127589
127590
127591
127593
127594
127595
127596
127597
127598
127599
127600
127601
127602
127615
127617
127618
127647
127649
127650
127672
127683
127684
127685
127686
127690
127691
127692
127693
127694
127695
127696
127697
127698
127699
127701
127702
127707
127708
127709
127711
127712
127713
127714
127732
127735
127736
127737
127738
127742
127747
127748
127749
127750
127751
127752
127753
127754
127755
127756
127757
127758
127759
127760
127761
135663
135664
135665
135666
135667
135668
135669
