1705
1709
1711
1712
1714
1715
1716
2754
2755
3809
3810
3812
3813
3814
3815
3819
5966
5967
5973
5977
5978
5979
5980
8043
8048
8049
8050
8052
8053
8055
10192
10193
10194
10195
10196
10198
10199
24746
24748
24754
24756
24778
24780
24786
24788
24870
24886
24888
24894
24896
25426
25427
25428
25433
25434
25436
25437
25457
25458
25460
25461
25466
25467
25468
25471
25553
25554
25556
25557
25562
25563
25564
25567
25586
25587
25588
25593
25594
25596
25597
25607
25938
25940
25946
25948
25970
25972
25978
25980
26066
26067
26068
26073
26074
26076
26077
26097
26098
26100
26101
26106
26107
26108
26111
26151
26630
28714
28715
28716
28718
28719
28720
28721
28725
28733
28739
28742
28743
28744
28745
28749
28755
28758
28759
28760
28761
28838
28840
28841
28842
28844
28845
28850
28851
28852
28854
28855
28856
28875
28878
28880
28881
28882
28884
28885
28894
28895
28896
28897
28901
29222
29224
29225
29229
29234
29235
29236
29238
29239
29240
29258
29259
29260
29262
29264
29265
29266
29268
29269
29278
29279
29280
29355
29358
29360
29361
29362
29364
29365
29382
29384
29385
29389
29394
29395
29396
29398
29399
29400
29438
29439
29440
30761
30765
30770
30771
30772
30775
30794
30795
30796
30801
30805
30815
30891
30897
30901
30921
30922
30924
30925
30931
30935
30975
31275
31278
31280
31281
31285
31302
31304
31305
31306
31308
31309
31315
31318
31319
31320
31398
31400
31401
31405
31410
31411
31412
31414
31415
31416
31435
31438
31440
31441
31445
31454
31455
31456
31614
31615
31616
33774
33777
33778
33779
33780
33784
43003
43006
43007
43008
43009
43010
43012
43013
43018
43019
43020
43021
43022
43024
43025
43026
43027
43028
43029
43030
43031
43032
43033
43034
43036
43037
43042
43043
43044
43046
43047
43048
43049
43078
43080
43081
43102
43103
43104
43114
43115
43116
43117
43118
43120
43121
43122
43123
43124
43125
43126
43127
43128
43129
43133
43138
43139
43140
43142
43143
43144
43145
43163
43166
43167
43168
43169
43173
43178
43179
43180
43181
43182
43183
43184
43185
43186
43187
43188
43189
43190
43191
43192
43462
43465
43487
43498
43499
43500
43501
43505
43506
43507
43508
43509
43510
43511
43512
43513
43514
43516
43517
43523
43526
43527
43528
43529
43546
43547
43548
43550
43551
43552
43553
43557
43562
43563
43564
43565
43566
43567
43568
43569
43570
43571
43572
43573
43574
43575
43576
43642
43643
43644
43646
43647
43648
43649
43650
43652
43653
43658
43659
43660
43661
43662
43664
43665
43666
43667
43668
43669
43670
43671
43672
43673
43674
43676
43677
43683
43686
43687
43688
43689
43710
43711
43712
43722
43723
43724
43725
43726
43727
43728
43729
43730
43731
43732
43733
43734
43735
43736
43750
43752
43753
45001
45023
45034
45035
45036
45037
45041
45042
45043
45044
45045
45046
45047
45048
45049
45050
45052
45053
45058
45059
45060
45062
45063
45064
45065
45083
45086
45087
45088
45089
45090
45092
45093
45098
45099
45100
45101
45102
45103
45104
45105
45106
45107
45108
45109
45111
45178
45179
45180
45182
45183
45184
45185
45189
45194
45195
45196
45197
45201
45202
45203
45204
45205
45206
45207
45208
45209
45210
45212
45213
45218
45219
45220
45222
45223
45224
45225
45247
45258
45259
45260
45261
45262
45263
45264
45265
45266
45267
45268
45269
45271
45289
45562
45563
45564
45566
45567
45568
45569
45570
45572
45573
45578
45579
45580
45581
45585
45586
45587
45588
45589
45590
45591
45592
45593
45597
45602
45603
45604
45606
45607
45608
45609
45641
45663
45674
45675
45676
45677
45681
45682
45683
45684
45685
45686
45687
45688
45689
45690
45692
45693
45699
45702
45703
45704
45705
45722
45723
45724
45726
45727
45728
45729
45733
45738
45739
45740
45741
45742
45743
45744
45745
45746
45747
45748
45749
45751
45887
45898
45899
45900
45901
45902
45903
45904
45905
45906
45907
45908
45909
45911
45929
51181
51187
51190
51191
51192
51193
51194
51196
51197
51203
51206
51207
51208
51209
51226
51227
51228
51230
51231
51232
51233
51234
51236
51237
51243
51246
51247
51248
51249
51253
51322
51323
51324
51326
51327
51328
51329
51333
51341
51347
51350
51351
51352
51353
51354
51356
51357
51363
51366
51367
51368
51369
51403
51406
51407
51408
51409
51413
51707
51710
51711
51712
51713
51714
51716
51717
51725
51731
51734
51735
51736
51737
51741
51746
51747
51748
51750
51751
51752
51753
51821
51827
51830
51831
51832
51833
51837
51842
51843
51844
51846
51847
51848
51849
51866
51867
51868
51870
51871
51872
51873
51877
51883
51886
51887
51888
51889
51893
52042
52043
52044
52046
52047
52048
52049
52050
52052
52053
53243
53246
53247
53248
53249
53250
53252
53253
53258
53260
53261
53266
53267
53268
53270
53271
53272
53273
53277
53283
53286
53287
53288
53289
53354
53356
53357
53362
53363
53364
53366
53367
53368
53369
53373
53378
53379
53380
53382
53383
53384
53385
53403
53406
53407
53408
53409
53413
53418
53419
53420
53422
53423
53424
53425
53426
53428
53429
53738
53740
53741
53746
53747
53748
53750
53751
53752
53753
53757
53762
53763
53764
53766
53767
53768
53769
53787
53790
53791
53792
53793
53794
53796
53797
53802
53803
53804
53806
53807
53808
53809
53810
53812
53813
53883
53886
53887
53888
53889
53893
53898
53900
53901
53906
53907
53908
53910
53911
53912
53913
53917
53923
53926
53927
53928
53929
53962
53963
53964
53966
53967
53968
53969
53970
53972
53973
54602
54603
54604
54606
54607
54608
54609
54610
54612
54613
54615
63697
63698
63699
63709
63710
63711
63712
63713
63714
63715
63716
63717
63718
63719
63720
63721
63722
63723
63737
63739
63740
135585
135586
135587
135588
135589
135590
135591
