1448
1449
1450
1452
1453
1454
1455
3559
3562
3563
3564
3565
3567
3569
3570
5762
5763
5765
5766
5767
5768
5769
7622
7842
7843
7844
7845
7846
7850
7851
7852
9731
10023
10024
10025
10026
10027
10028
10029
10030
73279
73636
73652
73810
73821
73921
73928
73930
73931
73963
73972
73974
75349
75440
75443
75449
75454
75507
75513
75516
75518
76161
76168
76170
76173
76199
76203
76212
76214
76215
76612
76614
76615
76640
76642
76643
76649
76653
76661
76741
76764
76767
76771
76780
76782
76783
76816
76818
76826
76829
76945
76951
76952
76955
82321
82324
82326
82327
82331
82556
82559
82645
82688
82690
82691
82697
82700
82701
82702
82724
82725
82726
82737
82744
82746
82747
82944
82946
82947
82953
82956
82958
82959
82981
82982
82992
82993
82994
83000
83002
83003
83005
85572
85574
85575
85579
85600
85601
85602
85608
85609
85610
85611
85613
85621
85622
85701
85712
85714
85715
85721
85724
85726
85727
85740
85742
85743
85776
85778
85779
85785
85786
85788
85789
85790
85791
85807
87376
87377
87378
87383
87384
87385
87386
87387
87389
87488
87489
87490
87491
87496
87497
87498
87499
87500
87501
87502
87521
87524
87525
87526
87527
87531
87537
87540
87542
87543
87544
87546
87547
87549
87573
87574
87892
87893
87894
87895
87984
87986
87987
87993
87996
87998
87999
88000
88003
88009
88012
88014
88015
88037
88048
88049
88050
88051
88056
88057
88058
88060
88061
88062
88193
88196
88199
88200
88202
88203
88205
88225
88231
88232
88234
88235
88237
88244
88245
88246
88247
88708
88709
88710
88711
88732
88735
88736
88738
88739
88744
88745
88746
88748
88749
88750
88751
88757
108707
108708
108709
108710
108714
108715
108716
108717
108718
108719
108720
108721
108722
108738
109590
109599
109601
109602
109624
109635
109637
109638
109644
109645
109647
109648
109649
109650
109991
109992
109993
109994
110163
110164
110165
110166
110170
110171
110172
110173
110174
110175
110176
110177
110196
110199
110201
110202
110203
110205
110206
110212
110215
110217
110218
110219
110221
110222
110307
110308
110309
110310
110314
110315
110316
110317
110318
110319
110320
110321
110359
110360
110361
110362
110374
110380
110383
110385
110386
110387
110389
110390
110396
110397
110399
110400
110401
110402
110408
111187
111190
111196
111199
111201
111202
111224
111235
111236
111237
111238
111243
111244
111245
111247
111248
111249
111250
111335
111336
111337
111338
111379
111380
111381
111382
111383
111385
111386
111387
111388
111389
111390
111391
111392
111393
111412
111415
111417
111418
111419
111421
111422
111424
111428
111431
111432
111433
111434
111435
111437
111438
111440
121687
121688
121689
121690
121699
121701
121702
121708
121711
121713
121714
121715
121717
121718
121723
121724
121725
121727
121728
121729
121730
121736
121815
121816
121817
121818
121822
121827
121830
121836
121839
121841
121842
121843
121844
121845
121846
121851
121852
121853
121854
121855
121856
121857
121858
121864
121865
121891
121892
121893
121894
121895
121897
121898
121899
121900
121901
121902
121903
121904
121905
122216
122259
122260
122261
122262
122263
122266
122267
122268
122269
122270
122271
122272
122273
122274
122292
122295
122296
122297
122298
122299
122301
122302
122304
122307
122308
122309
122311
122312
122313
122314
122315
122317
122318
122320
122383
122386
122471
122472
122473
122474
122515
122517
122518
122524
122527
122528
122529
122530
122551
122552
122553
122563
122564
122565
122566
122571
122572
122573
122574
122575
122576
122577
122578
122579
122582
122588
122591
122593
122594
122616
122627
122628
122629
122630
122635
122636
122637
122639
122640
122641
122642
128769
128770
128771
128772
128781
128782
128783
128784
128788
128789
128790
128791
128792
128793
128794
128795
128796
128797
128799
128800
128805
128806
128807
128809
128810
128811
128812
128818
129149
129152
129158
129161
129163
129164
129186
129197
129198
129199
129200
129205
129206
129207
129208
129209
129210
129211
129212
129213
129214
129215
129216
129221
129222
129223
129225
129226
129227
129228
129249
129250
129251
129252
129256
129261
129262
129263
129264
129265
129267
129268
129269
129270
129271
129272
129273
129274
129275
129276
129357
129358
129359
129361
129362
129363
129364
129365
129367
129368
129370
129405
129406
129407
129408
129409
129410
129411
129412
129413
129414
129415
129416
129417
129418
129419
129433
129435
129436
129437
129438
129439
129440
129441
129442
129443
129444
129445
129446
129447
129448
129449
129450
129451
129452
129454
129457
129458
129459
129460
129461
129463
129464
129554
130817
130818
130819
130820
130824
130829
130831
130832
130838
130841
130842
130843
130844
130845
130846
130847
130848
130853
130854
130855
130856
130857
130858
130859
130860
130866
130867
131248
131254
131257
131259
131260
131261
131262
131263
131264
131265
131267
131268
131269
131270
131271
131272
131273
131274
131275
131276
131294
131295
131297
131298
131299
131300
131301
131303
131304
131306
131309
131310
131311
131312
131313
131314
131315
131316
131317
131318
131319
131320
131322
131323
131405
131406
131407
131408
131409
131411
131412
131413
131414
131415
131416
131417
131418
131419
131420
131436
131454
131457
131458
131459
131460
131461
131463
131464
131469
131471
131472
131478
131481
131483
131484
131485
131486
131487
131488
131492
131493
131494
131495
131496
131497
131498
131499
131500
131505
131506
131507
131508
131601
131602
131603
131604
131608
132034
132045
132046
132047
132048
132049
132051
132052
132053
132054
132055
132056
132057
132058
132059
132060
132073
132075
132076
132157
132158
132159
132160
132161
132163
132164
132165
132166
132167
132168
132169
132170
132171
132172
132189
132190
132191
132193
132194
132195
132196
132197
132198
132199
132200
132202
132206
132209
132210
132211
132212
132213
132215
132216
132218
132238
132241
132242
132243
132244
132245
132248
134081
134082
134083
134093
134094
134095
134096
134097
134099
134100
134101
134102
134103
134104
134105
134106
134107
134108
134109
134111
134112
134118
134121
134122
134123
134124
134156
134157
134158
134159
134160
134161
134162
134163
134165
134166
134167
134168
134169
134170
134171
134172
134174
