1693
1694
1695
1696
1697
1698
1699
3796
3797
3798
3799
3800
3801
5959
5960
5961
5962
5963
5964
8034
8035
8036
8037
8038
8039
8970
8987
10177
10180
10181
10182
10183
10184
24645
24649
24750
24752
24790
24792
24868
24871
24874
25001
25003
25442
25444
25445
25450
25451
25452
25455
25541
25547
25551
25569
25591
25603
25604
25609
25610
25612
25613
25934
25936
25950
25952
25974
25976
25990
25992
26071
26085
26091
26095
26113
26147
26153
26157
26625
26627
26633
26635
28735
28778
28779
28780
28781
28786
28787
28788
28790
28791
28792
28810
28811
28812
28814
28816
28817
28818
28820
28821
28830
28831
28832
28905
29165
29171
29174
29175
29176
29195
29198
29200
29201
29205
29211
29214
29215
29216
29217
29221
29286
29288
29289
29374
29375
29376
29419
29422
29424
29425
29426
29428
29429
29446
29448
29449
29450
29452
29453
29458
29459
29460
29462
29463
29464
30713
30735
30746
30748
30754
30756
30810
30812
30813
30818
30819
30820
30823
30906
30907
30908
30913
30914
30916
30917
30959
30970
30972
30973
30978
30979
30980
30983
31001
31291
31294
31296
31297
31301
31350
31352
31353
31374
31375
31376
31387
31390
31392
31393
31397
31453
31459
31462
31463
31464
31598
31599
31600
31613
31619
31622
31623
31624
31625
31629
31635
31638
31640
31641
33714
33757
33758
33759
33760
33764
33765
33766
33767
33768
33770
33788
33789
33790
33791
33792
33796
33797
33798
33799
33800
33802
33810
33884
43083
43086
43087
43088
43089
43093
43258
43259
43260
43261
43262
43264
43265
43266
43267
43268
43269
43270
43271
43272
43273
43286
43288
43289
43290
43291
43292
43293
43294
43295
43296
43297
43298
43299
43300
43301
43302
43303
43304
43307
43310
43311
43312
43313
43317
43385
43386
43387
43388
43389
43390
43391
43392
43393
43394
43395
43396
43397
43399
43402
43405
43411
43414
43415
43416
43417
43418
43419
43420
43421
43422
43425
43426
43427
43428
43429
43430
43431
43432
43433
43438
43439
43440
43466
43467
43468
43470
43471
43472
43473
43474
43476
43477
43757
43763
43766
43767
43768
43769
44794
44796
44797
44802
44803
44804
44806
44807
44808
44809
44827
44830
44831
44832
44833
44837
44842
44843
44844
44845
44846
44847
44848
44849
44850
44851
44852
44853
44855
44923
44926
44927
44928
44929
44933
44938
44939
44940
44941
44945
44946
44947
44948
44949
44950
44951
44952
44953
44957
44963
44966
44967
44968
44969
44991
45002
45003
45004
45005
45006
45007
45008
45009
45010
45011
45012
45013
45015
45033
45257
45279
45290
45291
45292
45293
45297
45298
45299
45300
45301
45302
45303
45304
45305
45642
45643
45644
45646
45647
45648
45649
45650
45651
45652
45653
45655
45818
45819
45820
45822
45823
45824
45825
45826
45828
45829
45834
45836
45837
45842
45843
45844
45846
45847
45848
45849
45850
45852
45853
45858
45859
45860
45862
45863
45864
45865
45930
45932
45933
45938
45939
45940
45942
45943
45944
45945
45946
45947
45948
45949
45953
45954
45955
45956
45957
45958
45959
45960
45961
45977
45978
45979
45980
45981
45982
45983
45984
45985
45986
45987
45988
45989
45991
45994
45995
45996
45998
45999
46000
46001
46002
46004
46005
46031
50998
51000
51001
51086
51087
51088
51130
51131
51132
51133
51134
51136
51137
51138
51139
51140
51141
51143
51161
51162
51163
51164
51165
51169
51170
51171
51172
51173
51174
51175
51176
51183
51257
51343
51386
51388
51389
51394
51395
51396
51398
51399
51400
51418
51419
51420
51422
51424
51425
51426
51428
51429
51438
51439
51440
51441
51770
51771
51772
51774
51775
51776
51777
51778
51780
51781
51789
51795
51798
51799
51800
51801
51802
51804
51805
51810
51811
51812
51814
51815
51816
51817
51979
51982
51983
51984
51985
51989
52026
52028
52029
52034
52035
52036
52038
52039
52040
52041
52059
52062
52063
52064
52065
52069
52074
52075
52076
52078
52079
52080
52081
52082
52084
52085
52141
52147
52150
52151
52152
52153
53310
53311
53312
53322
53323
53324
53325
53329
53330
53331
53332
53333
53334
53335
53336
53350
53352
53353
53513
53535
53546
53547
53548
53549
53553
53554
53555
53556
53557
53558
53559
53560
53561
53642
53643
53644
53646
53647
53648
53649
53650
53652
53653
53655
53691
53694
53695
53696
53697
53701
53706
53708
53709
53714
53715
53716
53718
53719
53720
53721
53725
53731
53734
53735
53736
53737
53949
53955
53958
53959
53960
53961
53982
53983
53984
53985
53994
53995
53996
53997
53998
54000
54001
54002
54003
54004
54005
54007
54527
54538
54539
54540
54541
54542
54544
54545
54546
54547
54548
54549
54550
54551
54552
54566
54568
54569
54598
54600
54601
54622
54623
54624
54634
54635
54636
54637
54638
54640
54641
54642
54643
54644
54645
54646
54647
54648
54649
54662
54664
54665
54686
54687
54688
54698
54699
54700
54701
54702
54704
54705
54706
54707
54708
54709
54710
54711
54712
63457
63458
63459
63629
63630
63631
63632
63633
63634
63635
63636
63637
63638
63639
63640
63641
63642
63643
63644
63648
63654
63657
63658
63659
63660
63661
63662
63663
63664
63665
63666
63667
63668
63669
63670
63671
63672
63673
63674
63675
63676
63678
63681
63682
63683
63684
63688
63753
63755
63756
63757
63758
63759
63760
63761
63762
63763
63764
63765
63766
63767
63768
63769
63770
63771
63776
63782
63785
63786
63787
63788
63789
63790
63791
63792
63793
63794
63795
63796
63797
63798
63799
63800
63801
63802
63803
63804
63806
63809
63810
63811
63812
63816
63838
63841
63842
63843
63844
63848
64137
64139
64140
135572
135573
135574
135575
135576
135577
