2019
2020
2021
2023
2024
2025
2026
4118
4121
4122
4123
4124
4125
4127
6227
6228
6229
6230
6231
6234
6241
8298
8299
8300
8301
8303
8304
8305
10382
10383
10384
10385
10386
10387
10388
73191
73221
73223
73493
73515
73530
73532
73593
73599
73685
73687
73756
74876
74877
74878
74961
74967
74971
75013
75024
75026
75027
75032
75033
75034
75055
75276
75278
75297
75300
75302
75307
75317
75648
75650
75656
75658
75679
75683
75688
75689
75690
75905
75911
75915
75932
75934
75949
80399
80420
80421
80422
80432
80433
80434
80436
80438
80439
80440
80442
80443
80768
80769
80770
80772
80773
80774
80775
80779
80787
80793
80796
80797
80798
80803
80809
80812
80813
80814
80815
80977
80980
80981
80982
81024
81026
81027
81031
81032
81033
81034
81036
81037
81054
81055
81056
81057
81058
81059
81063
81064
81065
81066
81067
81069
81077
81148
81150
81151
82032
82033
82034
82035
82039
82040
82041
82042
82043
82045
82116
82117
82118
82128
82130
82131
82135
82136
82137
82138
82141
82156
82158
82159
82192
82193
82194
82196
82198
82199
82203
83348
83349
83520
83522
83523
83528
83529
83530
83533
83551
83552
83554
83555
83559
83560
83561
83562
83565
83635
83641
83644
83645
83646
83647
83651
83657
83660
83661
83662
83680
83681
83682
83684
83686
83687
83691
83700
83701
84031
84544
84545
84548
84550
84551
84555
84572
84573
84574
84585
84588
84589
84590
84656
84658
84659
84664
84665
84666
84687
84709
84721
84724
84726
84727
84731
101120
101122
101123
101127
101128
101129
101130
101131
101132
101133
101134
101135
101204
101205
101206
101216
101217
101218
101219
101220
101221
101222
101223
101224
101225
101226
101227
101229
101244
101246
101247
101264
101265
101266
101268
101269
101270
101271
101275
101280
101281
101282
101283
101284
101285
101286
101287
101288
101289
101290
101291
101292
101293
101294
101299
101305
101308
101309
101310
101311
102311
102312
102313
102483
102484
102485
102486
102487
102488
102489
102490
102491
102492
102493
102494
102496
102499
102500
102501
102502
102506
102507
102508
102509
102510
102511
102512
102513
102514
102515
102516
102517
102518
102522
102523
102524
102525
102526
102527
102528
102529
102530
102562
102583
102584
102585
102595
102596
102597
102598
102599
102601
102602
102603
102604
102605
102606
102607
102608
102609
102610
102614
102620
102623
102624
102625
102626
102643
102644
102645
102647
102648
102649
102650
102651
102653
102654
102659
102660
102661
102662
102663
102664
102665
102666
102667
102668
102669
102670
102672
102993
102994
103331
103332
103333
103335
103336
103337
103338
103339
103341
103342
103507
103508
103509
103510
103511
103513
103514
103515
103516
103517
103518
103519
103520
103521
103522
103526
103532
103535
103536
103537
103538
103539
103540
103541
103542
103543
103544
103545
103546
103547
103548
103549
103550
103551
103552
103553
103556
103559
103560
103561
103566
103619
103621
103622
103627
103628
103629
103631
103632
103633
103634
103635
103636
103637
103638
103639
103641
103642
103643
103644
103645
103646
103647
103648
103649
103650
103663
103665
103666
103667
103668
103669
103670
103671
103672
103673
103674
103675
103676
103677
103678
103679
103680
103681
103683
103684
103687
103688
103689
103690
103694
103719
103720
104006
104012
104015
104016
104017
104018
107539
107541
107542
107547
107548
107549
107551
107552
107553
107554
107570
107571
107572
107573
107574
107575
107576
107577
107578
107579
107580
107581
107582
107584
107587
107588
107589
107591
107592
107593
107594
107597
107598
107876
107879
107880
107881
107882
107886
107923
107924
107925
107926
107927
107929
107930
107931
107932
107933
107934
107935
107936
107937
107942
107948
107951
107952
107953
107954
107955
107956
107957
107958
107959
107961
107962
107963
107964
107965
107966
107967
107968
107969
107976
108047
108048
108049
108050
108135
108136
108137
108179
108180
108181
108182
108183
108184
108185
108186
108187
108188
108189
108190
108192
108195
108197
108198
108203
108204
108205
108207
108208
108209
108210
108211
108213
108214
108218
108219
108220
108221
108223
108224
108225
108226
108306
112804
112807
112808
112809
112810
112814
113491
113492
113493
113494
113498
113499
113500
113501
113502
113503
113504
113505
113519
113521
113522
113523
113524
113525
113526
113527
113529
113530
113531
113532
113533
113534
113535
113536
113537
113544
113605
113606
113611
113612
113613
113615
113616
113617
113618
113619
113621
113622
113627
113628
113629
113631
113632
113633
113634
113650
113651
113652
113653
113654
113655
113656
113657
113658
113659
113660
113661
113662
113668
113671
113672
113673
113678
113951
113952
113953
113954
113971
113972
113975
113976
113977
113978
113982
113987
113988
113989
113990
113991
113992
113993
113994
113995
113996
113997
113998
114018
114040
114051
114052
114053
114054
114055
114057
114058
114059
114060
114061
114062
114063
114064
114065
114132
114135
114136
114137
114138
114142
114147
114148
114149
114150
114151
114153
114154
114155
114156
114157
114158
114159
114160
114161
114175
114176
114177
114178
114200
114211
114212
114213
114214
114215
114216
114217
114218
114219
114220
114221
114222
114242
115535
115536
115537
115538
116904
117587
117588
117589
117591
117592
117593
117594
117595
117597
117598
117605
117606
117611
117612
117613
117615
117616
117617
117618
117622
117627
117628
117631
117632
117633
117634
117666
117688
117699
117700
117701
117702
117706
117707
117708
117709
117710
117712
117727
117729
117730
117751
117752
117753
117763
117764
117765
117766
117767
117768
117769
117770
117771
117773
117774
118038
118043
118044
118045
118047
118048
118049
118050
118066
118067
118068
118069
118071
118073
118074
118075
118077
118078
118087
118088
118089
118150
118156
118159
118160
118161
118162
118243
118244
118245
118247
118248
118249
118250
118251
118253
118254
118292
118295
118296
118297
118302
118307
118308
118309
118310
118314
118315
118316
118317
118318
118319
118320
118321
118335
118337
118338
119634
135769
135770
135771
135772
135773
135774
