1200
1201
1202
1204
1205
1206
1207
3302
3309
3312
3313
3314
3315
3316
4834
5442
5443
5449
5450
5451
5452
5456
7516
7524
7526
7527
7529
7530
7531
8963
9615
9619
9622
9623
9624
9625
9626
24697
24699
24821
24824
24830
24945
24947
25049
25051
25052
25090
25098
25136
25746
25748
25749
25755
25784
25795
25802
25804
25805
26310
26365
26367
26368
26390
26401
26403
26410
26414
26480
26817
26819
26826
26827
26830
26930
26937
26940
26962
26969
26972
26981
26983
26984
27013
27015
27016
27126
27149
27152
27156
27165
27167
27168
29994
29995
29996
30002
30003
30004
30005
30007
30030
30032
30033
30043
30046
30049
30050
30053
30139
30146
30148
30149
30151
30190
30191
30192
30218
30220
30221
30227
30230
30231
30232
30239
32498
32681
32684
32706
32717
32719
32720
32726
32729
32730
32731
32732
32817
32818
32819
32861
32862
32863
32869
32871
32872
32874
32894
32897
32899
32900
32901
32904
32910
32913
32915
32916
32917
32920
33132
33165
33167
33168
33174
33177
33179
33180
34526
34527
34529
34532
34533
34535
34536
34538
34558
34561
34563
34564
34565
34567
34568
34570
34577
34578
34579
34580
34584
34977
34978
34979
34980
35004
35005
35007
35008
35014
35017
35018
35019
35020
35026
35106
35107
35120
35129
35131
35132
35133
35135
35136
35142
35145
35147
35148
35154
35181
35182
35183
35184
35189
35190
35191
35192
35193
35194
35195
35309
35310
35311
35317
35318
35319
35320
35322
35761
35762
35763
35764
35820
35853
35855
35856
35862
35865
35867
35868
35869
35871
35872
35878
35881
35883
35884
35906
35907
35917
35918
35919
35920
35925
35926
35927
35928
35929
35930
35931
35932
35954
48123
48126
48127
48128
48129
48130
48132
48133
48153
48154
48155
48156
48157
48161
48162
48163
48164
48165
48166
48167
48168
48169
48174
48175
48176
48177
48255
48266
48268
48269
48275
48276
48278
48279
48280
48281
48282
48284
48285
48291
48294
48296
48297
48319
48330
48331
48332
48333
48338
48339
48340
48342
48343
48344
48345
48349
48355
48358
48360
48361
48699
48702
48703
48704
48705
48706
48708
48709
48730
48731
48732
48733
48737
48738
48739
48740
48741
48742
48743
48744
48750
48751
48752
48753
48907
48910
48912
48913
48914
48916
48917
48919
49014
49017
49018
49019
49020
49021
49026
49027
49028
49029
49030
49031
49032
49033
49054
49055
49056
49057
49066
49067
49068
49070
49073
49074
49075
49076
49077
49079
49103
58589
58590
58591
58593
58595
58596
58597
58598
58599
58600
58602
59337
59340
59426
59469
59471
59472
59478
59481
59483
59484
59506
59507
59517
59518
59519
59520
59525
59526
59527
59528
59529
59530
59531
59532
59873
59874
59875
59876
59880
60045
60046
60047
60048
60049
60051
60052
60053
60054
60055
60056
60057
60058
60059
60060
60078
60081
60082
60083
60084
60085
60087
60088
60090
60093
60094
60095
60097
60098
60099
60100
60101
60102
60103
60104
60106
60189
60190
60191
60192
60193
60195
60196
60197
60198
60199
60200
60201
60202
60203
60238
60241
60242
60243
60244
60245
60247
60248
60256
60265
60267
60268
60269
60270
60271
60272
60276
60277
60278
60279
60280
60281
60282
60283
60284
60289
60290
60291
60292
60556
61069
61072
61078
61081
61083
61084
61106
61117
61118
61119
61120
61126
61127
61129
61130
61131
61132
61217
61218
61219
61220
61261
61262
61263
61264
61268
61269
61270
61271
61272
61273
61274
61275
61276
61294
61297
61298
61299
61300
61301
61303
61304
61309
61310
61311
61313
61315
61316
61317
61318
61319
61320
61322
66556
66557
66567
66568
66569
66570
66571
66573
66574
66575
66576
66577
66578
66579
66580
66581
66582
66583
66585
66586
66592
66595
66597
66598
66679
66680
66681
66682
66683
66684
66685
66686
66687
66688
66689
66690
66691
66692
66693
66694
66711
66712
66713
66714
66715
66716
66717
66718
66719
66720
66721
66722
66723
66724
66725
66726
66728
66729
66731
66732
66733
66734
66735
66737
66738
66740
66760
66763
66764
66765
66766
66767
66769
66770
66772
68348
68359
68360
68361
68362
68367
68368
68369
68370
68371
68372
68373
68374
68375
68377
68378
68384
68387
68389
68390
68471
68472
68473
68475
68476
68477
68478
68479
68480
68481
68482
68484
68502
68503
68504
68505
68506
68507
68509
68510
68511
68512
68513
68514
68515
68516
68517
68518
68520
68523
68524
68525
68526
68527
68530
68551
68552
68553
68555
68556
68557
68558
68559
68560
68561
68562
68564
68876
68877
68919
68920
68921
68922
68926
68927
68928
68929
68930
68931
68932
68933
68934
68952
68955
68956
68957
68958
68959
68961
68962
68967
68968
68969
68970
68971
68973
68974
68975
68976
68977
68978
68979
68980
68981
68982
68998
69031
69033
69034
69040
69043
69045
69046
69131
69132
69133
69134
69175
69176
69177
69178
69183
69184
69185
69186
69187
69188
69189
69190
69211
69212
69213
69214
69218
69223
69224
69225
69226
69227
69229
69230
69231
69232
69233
69234
69235
69236
69237
69238
69239
69242
69248
69251
69253
69254
69276
69287
69289
69290
69296
69297
69299
69300
69301
69302
69691
69692
69693
69694
69703
69704
69705
69706
69711
69712
69713
69715
69716
69717
69718
69719
69721
69722
69728
69729
69731
69732
69733
69734
69740
71483
71484
71485
71486
71490
71495
71496
71497
71498
71503
71504
71505
71506
71507
71508
71509
71510
71511
71512
71513
71514
71519
71520
71521
71522
71523
71524
71525
71526
71532
71533
71774
71775
71776
71777
71778
71779
71780
71860
71861
71862
71863
71864
71865
71866
71867
71868
71869
71870
71871
71872
71873
71874
71903
71904
71905
71907
71908
71909
71910
71911
71912
71913
71914
71916
71919
71921
71922
71928
71931
71933
71934
71935
71936
71937
71938
71939
71941
71942
71943
71944
71945
71946
71947
71948
71949
71950
71952
71955
71956
71957
71958
71962
