1690
1691
1692
1701
1702
1703
1704
3795
3802
3804
3805
3806
3807
3808
5958
5965
5968
5969
5970
5971
5972
8040
8041
8042
8044
8045
8046
8047
10185
10186
10187
10188
10189
10190
10191
24747
24753
24757
24777
24781
24787
24791
24887
24893
24897
24906
25002
25430
25431
25432
25454
25456
25470
25472
25473
25550
25552
25566
25568
25590
25592
25606
25608
25937
25941
25947
25951
25971
25977
25981
25991
26070
26072
26094
26096
26110
26112
26150
26152
26626
26629
26631
26632
26636
28730
28731
28732
28734
28736
28737
28738
28740
28741
28793
28815
28826
28827
28828
28829
28833
28834
28835
28836
28837
28839
28857
28879
28890
28891
28892
28893
28898
28899
28900
28902
28903
28904
29177
29199
29210
29212
29213
29218
29219
29220
29223
29241
29263
29274
29275
29276
29277
29281
29282
29283
29284
29285
29287
29359
29370
29371
29372
29373
29377
29378
29379
29380
29381
29383
29401
29423
29434
29435
29436
29437
29441
29442
29443
29444
29445
29447
29465
30749
30755
30758
30759
30760
30774
30776
30777
30798
30799
30800
30811
30814
30816
30817
30821
30894
30895
30896
30909
30915
30918
30919
30920
30934
30936
30937
30971
30974
30976
30977
30981
31279
31290
31292
31293
31298
31299
31300
31303
31321
31386
31388
31389
31394
31395
31396
31399
31417
31439
31450
31451
31452
31457
31458
31460
31461
31610
31611
31612
31617
31618
31620
31621
33761
33762
33763
33773
33775
33776
33781
33782
33783
33785
33786
33787
33801
33803
33804
43023
43066
43067
43068
43069
43070
43071
43072
43073
43074
43075
43076
43077
43079
43082
43084
43085
43090
43091
43092
43094
43095
43096
43097
43098
43099
43100
43101
43105
43106
43107
43108
43109
43110
43111
43112
43113
43119
43193
43306
43308
43309
43314
43315
43316
43318
43319
43320
43321
43403
43404
43406
43407
43408
43409
43410
43412
43413
43450
43451
43452
43453
43454
43455
43456
43457
43458
43459
43460
43461
43463
43464
43469
43475
43478
43479
43480
43481
43482
43483
43484
43485
43486
43488
43489
43490
43491
43492
43493
43494
43495
43496
43497
43502
43503
43504
43577
43663
43706
43707
43708
43709
43713
43714
43715
43716
43717
43718
43719
43720
43721
43737
43738
43739
43740
43741
43742
43743
43744
43745
43746
43747
43748
43749
43751
43754
43755
43756
43758
43759
43760
43761
43762
43764
43765
44854
44856
44857
44942
44943
44944
44986
44987
44988
44989
44990
44992
44993
44994
44995
44996
44997
44998
44999
45000
45014
45016
45017
45018
45019
45020
45021
45022
45024
45025
45026
45027
45028
45029
45030
45031
45032
45038
45039
45040
45110
45112
45113
45198
45199
45200
45242
45243
45244
45245
45246
45248
45249
45250
45251
45252
45253
45254
45255
45256
45270
45272
45273
45274
45275
45276
45277
45278
45280
45281
45282
45283
45284
45285
45286
45287
45288
45294
45295
45296
45582
45583
45584
45626
45627
45628
45629
45630
45631
45632
45633
45634
45635
45636
45637
45638
45639
45640
45645
45654
45656
45657
45658
45659
45660
45661
45662
45664
45665
45666
45667
45668
45669
45670
45671
45672
45673
45678
45679
45680
45750
45752
45753
45835
45838
45839
45840
45841
45845
45882
45883
45884
45885
45886
45888
45889
45890
45891
45892
45893
45894
45895
45896
45897
45910
45912
45913
45914
45915
45916
45917
45918
45919
45920
45921
45922
45923
45924
45925
45926
45927
45928
45931
45934
45935
45936
45937
45941
45997
46003
46006
46007
46008
46009
51142
51144
51145
51166
51167
51168
51178
51179
51180
51182
51184
51185
51186
51188
51189
51242
51244
51245
51250
51251
51252
51254
51255
51256
51338
51339
51340
51342
51344
51345
51346
51348
51349
51387
51390
51391
51392
51393
51397
51402
51404
51405
51410
51411
51412
51414
51415
51416
51417
51421
51427
51430
51431
51432
51433
51722
51723
51724
51726
51727
51728
51729
51730
51732
51733
51773
51779
51782
51783
51784
51785
51803
51806
51807
51808
51809
51813
51818
51819
51820
51822
51823
51824
51825
51826
51828
51829
51882
51884
51885
51890
51891
51892
51894
51895
51896
51897
52027
52030
52031
52032
52033
52037
52045
52051
52054
52055
52056
52057
52058
52060
52061
52066
52067
52068
52070
52071
52072
52073
53259
53262
53263
53264
53265
53269
53306
53307
53308
53309
53313
53314
53315
53316
53317
53318
53319
53320
53321
53337
53338
53339
53340
53341
53342
53343
53344
53345
53346
53347
53348
53349
53351
53355
53358
53359
53360
53361
53365
53421
53427
53430
53431
53432
53433
53690
53692
53693
53698
53699
53700
53702
53703
53704
53705
53722
53723
53724
53726
53727
53728
53729
53730
53732
53733
53739
53742
53743
53744
53745
53749
53805
53811
53814
53815
53816
53817
53899
53902
53903
53904
53905
53909
53946
53947
53948
53950
53951
53952
53953
53954
53956
53957
53965
53971
53974
53975
53976
53977
53978
53979
53980
53981
53986
53987
53988
53989
53990
53991
53992
53993
53999
54543
54586
54587
54588
54589
54590
54591
54592
54593
54594
54595
54596
54597
54599
54605
54611
54614
54616
54617
54618
54619
54620
54621
54625
54626
54627
54628
54629
54630
54631
54632
54633
54639
54713
63645
63646
63647
63649
63650
63651
63652
63653
63655
63656
63693
63694
63695
63696
63700
63701
63702
63703
63704
63705
63706
63707
63708
63724
63725
63726
63727
63728
63729
63730
63731
63732
63733
63734
63735
63736
63738
63741
63742
63743
63744
63745
63746
63747
63748
63749
63750
63751
63752
63754
63772
63805
63807
63808
63813
63814
63815
63817
63818
63819
63820
135578
135579
135580
135581
135582
135583
135584
