1501
1504
1505
1506
1507
1508
1511
3613
3614
3615
3616
3617
3618
3619
3620
5549
5819
5820
5821
5822
5823
5825
5826
7633
7898
7899
7900
7901
7902
7903
7904
10076
10077
10078
10082
10083
10084
10085
10086
73270
73284
73798
73801
73825
73832
73834
73846
73938
73989
74016
74019
74025
74028
74030
75423
75436
75439
76112
76114
76115
76121
76124
76126
76228
76230
76258
76266
76269
76277
76305
76312
76314
76315
76317
76673
76680
76682
76683
76708
76711
76715
76724
76727
76884
76886
76887
76992
76994
76995
77001
77004
77006
77007
77029
77030
77041
77042
77048
77050
77053
77077
82517
82575
82608
82611
82617
82620
82622
82623
82636
82639
82661
82672
82674
82675
82681
82684
82686
82687
85376
85378
85379
85385
85386
85388
85389
85390
85412
85413
85414
85415
85425
85426
85432
85434
85435
85437
85841
85842
85848
85850
85851
85853
85953
85956
85959
85960
85962
85963
85965
85985
85988
85991
85992
85994
85995
85997
86004
86006
86007
86011
86036
86038
86039
86148
86149
86150
86151
86176
86177
86178
86179
86184
86185
86186
86188
86189
86190
86191
86197
86198
87620
87621
87622
87647
87648
87650
87651
87657
87658
87660
87661
87662
87663
87669
87749
87760
87762
87763
87769
87772
87774
87775
87776
87779
87785
87788
87790
87791
87824
87826
87827
87833
87836
87838
87839
87852
87855
88464
88465
88466
88467
88472
88473
88474
88475
88476
88477
88478
88479
88896
88897
88898
88899
88904
88905
88906
88907
88908
88909
88910
88932
88933
88934
88935
88936
88939
88945
88948
88950
88951
88952
88954
88955
88957
89041
89044
89046
89047
89048
89050
89051
89053
89089
89092
89094
89095
89096
89098
89099
89121
89122
89124
89127
89128
89129
89130
89131
89133
89140
89141
89142
89143
89236
89237
89238
89239
109479
109480
109481
109482
109654
109663
109666
109688
109699
109701
109702
109708
109711
109713
109714
109800
109843
109845
109846
109852
109853
109855
109856
109857
109858
109879
109880
109881
109891
109892
109893
109894
109899
109900
109901
109902
109903
109904
109905
109906
109922
109955
109958
109964
109967
109969
109970
110056
110099
110101
110102
110108
110111
110113
110114
110136
110137
110147
110148
110149
110150
110155
110156
110157
110158
110159
110160
110161
110162
120915
120916
120917
120918
120923
120924
120925
120926
120927
120928
120929
120930
120951
120952
120953
120954
120955
120958
120963
120964
120965
120966
120967
120969
120970
120971
120972
120973
120974
120976
120977
121060
121063
121064
121065
121066
121067
121069
121070
121072
121108
121111
121113
121114
121115
121117
121118
121120
121140
121141
121143
121145
121146
121147
121148
121149
121150
121152
121156
121159
121160
121161
121162
121163
121165
121166
121168
122775
122776
122777
122778
122787
122789
122790
122796
122799
122801
122802
122803
122804
122805
122806
122811
122812
122813
122814
122815
122816
122817
122818
122824
122825
123223
123224
123225
123226
123230
123247
123250
123251
123252
123253
123254
123259
123260
123261
123262
123263
123264
123265
123266
123271
123272
123273
123274
123352
123363
123364
123365
123366
123371
123372
123373
123374
123375
123376
123377
123378
123379
123381
123382
123388
123391
123393
123394
123415
123416
123417
123427
123429
123430
123436
123439
123440
123441
123442
123443
123445
123446
123452
123453
123455
123456
123457
123458
123464
123555
123556
123557
123558
123559
123562
123563
123564
123565
123566
123567
123568
123569
123570
123992
124003
124004
124005
124006
124011
124012
124013
124014
124015
124016
124017
124018
124019
124022
124031
124033
124034
124116
124119
124120
124121
124122
124123
124125
124126
124128
124147
124148
124149
124150
124151
124153
124154
124155
124156
124157
124158
124159
124160
124161
124162
124167
124168
124169
124170
124171
124174
124195
124196
124197
124198
124199
124201
124202
124203
124204
124205
124206
124207
124208
124209
129745
129746
129747
129748
129789
129790
129791
129792
129798
129799
129801
129802
129803
129804
129825
129826
129827
129828
129837
129838
129839
129840
129845
129846
129847
129848
129849
129850
129851
129852
129853
129855
129856
129862
129865
129866
129867
129868
129890
129891
129901
129902
129903
129904
129909
129910
129911
129912
129913
129914
129915
129916
129938
130254
130257
130258
130259
130260
130261
130263
130264
130266
130313
130316
130349
130351
130352
130358
130361
130363
130364
130365
130366
130367
130368
130372
130373
130374
130375
130376
130377
130378
130379
130380
130398
130401
130402
130403
130404
130405
130408
130413
130414
130415
130416
130417
130419
130420
130421
130422
130423
130424
130425
130426
130427
130428
130449
130450
130451
130452
130557
130558
130559
130560
130561
130563
130564
130565
130566
130567
130568
130569
130570
130571
130572
130590
130591
130593
130594
130595
130596
130597
130599
130600
130602
130606
130607
130609
130610
130611
130612
130613
130614
130615
130616
130618
133074
133117
133118
133119
133120
133125
133126
133127
133128
133129
133130
133131
133132
133153
133154
133155
133156
133157
133160
133165
133166
133167
133168
133169
133171
133172
133173
133174
133175
133176
133177
133178
133179
133180
133181
133184
133190
133193
133195
133196
133218
133229
133231
133232
133238
133241
133243
133244
134461
134462
134463
134464
134472
134474
134475
134476
134477
134478
134479
134485
134486
134487
134488
134489
134492
134493
134494
134495
134496
134497
134498
134499
134500
134501
134503
134504
134510
134513
134514
134515
134516
134522
134854
134855
134857
134858
134859
134860
134861
134863
134864
134866
134869
134872
134878
134881
134883
134884
134885
134886
134887
134888
134889
134891
134892
134893
134894
134895
134896
134897
134898
134899
134900
134902
134905
134906
134907
134908
134909
134911
134912
134914
135061
135062
135063
135064
135065
135066
135067
135068
135069
135070
135071
135072
135073
135074
135075
135076
135172
135173
135174
135175
135176
135177
135179
135180
135181
135182
135183
135184
135185
135186
135187
135188
135205
135206
135207
135209
135210
135211
135212
135213
135214
135215
135216
135218
135219
135221
135222
135223
135224
135225
135226
135227
135228
135229
135230
135231
135232
135233
135234
135235
135254
135257
135258
135259
135260
135261
135263
135264
135266
