1658
1659
1660
1665
1669
1672
2752
2756
3763
3769
3770
3772
3773
3774
3775
5926
5927
5933
5937
5938
5939
5940
8003
8008
8009
8010
8012
8013
8015
10152
10153
10154
10155
10156
10158
10159
24646
24648
24770
24772
24856
24862
24876
24909
24911
25000
25006
25010
25491
25497
25498
25501
25522
25524
25530
25532
25535
25886
25888
25910
25912
25929
25998
26000
26001
26087
26131
26137
26141
26162
26164
26165
26171
26175
26566
26612
26618
26621
26623
26645
26647
26661
26663
26664
26733
26735
26736
28971
28974
28975
28976
28977
28981
28998
29000
29001
29002
29005
29011
29014
29015
29016
29017
29097
29098
29099
29100
29101
29106
29107
29108
29109
29111
29130
29131
29132
29137
29138
29140
29141
29150
29151
29152
29183
30521
30543
30554
30555
30556
30562
30564
30565
30567
30650
30651
30652
30657
30658
30660
30661
30703
30717
30723
30726
30727
30728
30745
31002
31004
31005
31011
31012
31015
31016
31355
31358
31360
31361
31365
31534
31535
31536
31558
31560
31561
31565
31571
31574
31576
31577
31657
31658
31660
31661
31666
31667
31668
31671
31691
31694
31696
31697
31698
31700
31701
31710
31711
31712
33518
33521
33523
33524
33528
33705
33707
33708
33729
33730
33731
33741
33742
33743
33748
33749
33750
33751
33752
33754
33837
33838
33839
33840
33844
33845
33846
33847
33848
33850
33868
33890
33891
33901
33903
33904
33909
33910
33911
33913
33914
33915
33929
33931
33932
34189
34191
34192
34197
34198
34199
34201
34202
34203
44031
44042
44043
44044
44045
44046
44047
44048
44049
44050
44051
44052
44053
44055
44073
44093
44099
44102
44103
44104
44105
44126
44127
44128
44138
44139
44140
44141
44142
44144
44145
44146
44147
44148
44149
44150
44151
44152
44153
44166
44168
44169
44190
44191
44192
44202
44203
44204
44205
44206
44208
44209
44210
44211
44212
44213
44214
44215
44216
44217
44525
44531
44534
44535
44536
44537
44538
44539
44540
44541
44545
44546
44547
44548
44549
44550
44551
44552
44553
44570
44571
44572
44574
44575
44576
44577
44578
44580
44581
44583
44586
44587
44588
44590
44591
44592
44593
44594
44596
44597
44667
44670
44671
44672
44673
44677
44682
44683
44684
44685
44690
44691
44692
44693
44694
44695
44696
44697
44698
44700
44701
44706
44707
44708
44710
44711
44712
44713
44735
44746
44747
44748
44749
44750
44751
44752
44753
44754
44755
44756
44757
44758
44759
44760
44777
44879
50218
50221
50227
50230
50231
50232
50233
50318
50319
50320
50321
50325
50362
50363
50364
50366
50368
50369
50370
50372
50373
50375
50390
50392
50393
50394
50395
50396
50397
50401
50402
50403
50404
50405
50406
50407
50408
50415
50746
50747
50748
50750
50752
50753
50754
50756
50757
50759
50774
50777
50778
50779
50780
50781
50785
50786
50787
50788
50789
50790
50791
50792
50799
50958
50959
50960
50961
51002
51004
51005
51011
51014
51015
51016
51017
51035
51038
51039
51040
51041
51045
51051
51054
51056
51057
51058
51060
51061
51117
51123
51126
51127
51128
51129
52154
52156
52157
52163
52164
52166
52167
52168
52169
52187
52190
52191
52192
52193
52197
52202
52203
52204
52206
52207
52208
52209
52210
52212
52213
53566
53567
53568
53578
53579
53580
53581
53586
53587
53588
53589
53590
53591
53592
53593
53606
53608
53609
54271
54282
54283
54284
54285
54286
54288
54289
54290
54291
54292
54293
54294
54295
54296
54313
54345
54367
54378
54380
54381
54386
54387
54388
54390
54391
54392
54393
54397
54403
54406
54407
54408
54409
54430
54431
54432
54433
54442
54443
54444
54445
54446
54448
54449
54450
54451
54452
54453
54455
54774
54776
54777
54778
54779
54780
54781
54782
54784
54785
54786
54787
54788
54789
54790
54791
54792
54809
54810
54811
54812
54813
54814
54816
54817
54818
54819
54820
54821
54822
54823
54824
54830
54831
54832
54833
54906
54907
54908
54910
54911
54912
54913
54914
54916
54917
54925
54931
54934
54935
54936
54937
54938
54939
54940
54941
54946
54947
54948
54949
54950
54951
54952
54953
54959
54986
54987
54988
54990
54991
54992
54993
54994
54996
54997
55118
55119
55120
55121
62670
62673
62674
62675
62676
62677
62679
62680
62685
62686
62687
62688
62693
62694
62695
62697
62698
62699
62700
62701
62703
62704
62709
62710
62711
62713
62714
62715
62716
62722
63424
63430
63433
63434
63435
63436
63518
63521
63522
63523
63524
63528
63565
63566
63567
63568
63569
63571
63572
63573
63574
63575
63576
63577
63578
63579
63580
63593
63595
63596
63597
63598
63599
63600
63601
63602
63603
63604
63605
63606
63607
63608
63609
63610
63611
63614
63617
63618
63619
63620
63624
63906
63949
63950
63951
63952
63953
63954
63955
63956
63957
63958
63959
63960
63962
63965
63967
63968
63973
63974
63975
63977
63978
63979
63980
63981
63982
63983
63984
63985
63988
63989
63990
63991
63992
63993
63994
63995
63996
64001
64002
64003
64076
64157
64158
64159
64161
64162
64163
64164
64165
64167
64168
64170
64205
64206
64207
64208
64213
64214
64215
64216
64217
64218
64219
64220
64237
64238
64239
64241
64242
64243
64244
64245
64247
64248
64253
64254
64255
64256
64257
64258
64259
64260
64261
64262
64263
64264
64266
64267
64284
64306
64317
64318
64319
64320
64324
64325
64326
64327
64328
64329
64330
64331
64332
65225
65227
65228
65313
65314
65315
65357
65358
65359
65360
65361
65363
65364
65365
65366
65367
65368
65369
65370
65371
65372
65388
65389
65390
65391
65392
65393
65394
65395
65396
65397
65398
65399
65400
65402
65405
65406
65407
65409
65410
65411
65412
65413
65415
65416
135545
135546
135547
135548
135549
135550
135551
