1170
1579
1580
1581
1582
1583
1584
1585
1588
3275
3276
3277
3686
3687
3688
3689
3690
4842
5405
5406
5407
5408
5409
5410
5411
5416
7477
7478
7480
7481
7482
7483
7484
7490
7491
9573
9577
9578
9579
9581
9582
9585
9592
24651
24703
24809
24811
24837
24839
24940
25044
25057
25059
25082
25101
25103
25700
25708
25711
25810
25812
25823
25846
25848
25849
25862
25865
25895
26358
26381
26383
26384
26397
26400
26788
26794
26797
26799
26800
26813
26816
26838
26849
26851
26852
26858
26859
26862
26949
26951
26952
26997
27000
27004
27027
27033
27035
27038
27046
29803
29809
29810
29812
29813
29835
29841
29842
29844
29845
29847
29854
29855
29856
30251
30252
30258
30260
30261
30263
30283
30289
30290
30293
30302
30304
30305
30394
30396
30397
30403
30406
30407
30408
30447
30458
30460
30461
30467
30470
30472
30473
30489
30591
32689
32690
32691
32692
32748
32770
32781
32783
32784
32790
32793
32794
32795
32796
32812
32834
32845
32847
32848
32854
32857
32858
32859
32860
34400
34409
34411
34412
34434
34445
34446
34447
34448
34453
34454
34455
34457
34458
34459
34460
34476
34498
34509
34511
34512
34518
34521
34522
34523
34524
34609
34610
34611
34612
34653
34654
34655
34660
34661
34662
34663
34664
34666
34686
34689
34691
34692
34693
34695
34696
34698
34705
34706
34707
34708
35042
35053
35055
35056
35061
35062
35063
35065
35066
35067
35068
35084
35234
35245
35247
35248
35254
35257
35258
35259
35260
35273
35275
35276
35358
35361
35364
35365
35367
35368
35370
35390
35391
35396
35397
35399
35400
35402
35409
35410
35411
35412
35441
35442
35443
35444
47359
47360
47370
47371
47372
47373
47378
47379
47380
47381
47382
47383
47384
47385
47386
47389
47395
47398
47400
47401
47482
47483
47484
47486
47488
47489
47490
47491
47492
47493
47495
47514
47515
47516
47517
47518
47520
47521
47522
47523
47524
47525
47527
47528
47534
47535
47536
47537
47541
47563
47566
47567
47568
47569
47570
47573
49147
49148
49150
49152
49153
49154
49156
49157
49159
49178
49179
49180
49181
49182
49185
49186
49187
49188
49189
49191
49198
49199
49200
49201
49279
49290
49292
49293
49299
49300
49302
49303
49304
49305
49309
49315
49318
49320
49321
49343
49354
49355
49356
49357
49362
49363
49364
49365
49366
49367
49368
49369
49382
49385
49722
49723
49724
49725
49726
49728
49729
49730
49731
49732
49733
49735
49755
49756
49758
49760
49761
49762
49764
49765
49767
49771
49774
49775
49776
49777
49781
49934
49935
49936
49937
49978
49981
49987
49990
49992
49993
50015
50016
50026
50027
50028
50029
50034
50035
50036
50037
50038
50039
50040
50041
50045
50054
50056
50057
50079
50090
50092
50093
50098
50099
50100
50102
50103
50104
50105
50507
50510
50511
50512
50513
50517
59346
59357
59358
59359
59360
59365
59366
59367
59368
59369
59370
59371
59372
59376
59382
59385
59387
59388
59725
59728
59734
59737
59739
59740
59762
59763
59773
59774
59775
59776
59781
59782
59783
59784
59785
59786
59787
59788
59789
59791
59792
59798
59801
59803
59804
59825
59826
59827
59837
59838
59839
59840
59845
59846
59847
59848
59849
59850
59851
59852
59934
59937
59938
59939
59940
59941
59944
59981
59982
59983
59984
59985
59987
59988
59989
59990
59991
59992
59994
59995
60013
60014
60015
60016
60017
60019
60020
60021
60022
60023
60024
60026
60027
60030
60033
60034
60035
60036
60037
60040
66206
66212
66215
66217
66218
66256
66257
66299
66300
66301
66302
66306
66307
66308
66309
66310
66311
66312
66313
66315
66316
66344
66345
66346
66351
66352
66353
66354
66355
66356
66357
66358
66440
66443
66444
66445
66446
66447
66450
66487
66488
66489
66490
66491
66493
66494
66495
66496
66497
66498
66499
66500
66501
66502
66518
66519
66520
66521
66522
66523
66524
66525
66526
66527
66528
66529
66530
66531
66532
66533
66535
66536
66537
66539
66540
66541
66542
66543
66545
66546
66548
66875
66876
66877
66878
66887
66888
66889
66890
66891
66894
66895
66896
66897
66898
66899
66900
66901
66902
66903
66905
66906
66912
66915
66916
66917
66918
67067
67068
67069
67070
67079
67080
67081
67082
67086
67087
67088
67089
67090
67091
67092
67093
67094
67095
67097
67098
67104
67107
67108
67109
67110
67187
67190
67191
67192
67193
67194
67195
67197
67198
67199
67200
67201
67202
67203
67204
67205
67206
67222
67223
67224
67225
67226
67227
67228
67229
67230
67231
67232
67233
67234
67235
67236
67237
67240
67241
67243
67244
67245
67246
67247
67249
67250
67252
67272
67275
67276
67277
67278
67279
67281
67282
68616
68619
68620
68621
68622
68623
68625
68626
68628
68663
68666
68672
68675
68677
68678
68699
68700
68701
68711
68712
68713
68714
68719
68720
68721
68722
68723
68724
68725
68726
68727
68729
68730
68736
68737
68739
68740
68741
68742
68763
68764
68765
68766
68775
68776
68777
68778
68779
68782
68783
68784
68785
68786
68787
68788
68789
68790
68812
69431
69432
69433
69434
69435
69436
69437
69438
69439
69440
69441
69442
69444
69445
69462
69463
69464
69465
69466
69467
69469
69470
69471
69472
69473
69474
69475
69476
69477
69478
69480
69483
69484
69485
69486
69487
69490
69879
69880
69881
69882
69883
69885
69886
69887
69888
69889
69890
69891
69892
69893
69911
69912
69913
69914
69915
69916
69917
69918
69919
69920
69921
69922
69924
69925
69928
69931
69932
69933
69934
69935
69937
69938
70012
70013
70023
70024
70025
70026
70030
70031
70032
70033
70034
70035
70036
70037
70038
70039
70042
70048
70051
70053
70054
70075
70076
70077
70078
70087
70088
70089
70090
70095
70096
70097
70098
70099
70100
70101
70102
70103
70105
70106
70112
70115
70116
70117
70118
70124
70216
70219
70220
70221
70222
70223
70226
