1275
1276
1277
1278
1279
1280
1281
3382
3383
3384
3385
3386
3387
3388
5497
5517
5518
5519
5520
5521
5522
7572
7573
7574
7592
7593
7594
7595
9680
9681
9682
9683
9684
9685
9686
24673
24705
24708
24717
24720
24917
24920
24929
24931
24932
24954
24965
24967
24968
24974
24979
25066
25111
25118
25123
25146
25159
25166
25171
25767
26291
26298
26303
26326
26339
26482
26491
26494
26519
26530
26539
26542
26885
26887
27058
27065
27067
27068
27070
27093
27095
27096
27106
27113
27115
27116
27118
27205
27207
27208
27250
27257
27259
27260
27262
27285
27287
27288
27298
27305
27307
27308
27310
30078
30080
30081
32414
32421
32423
32424
32426
32449
32451
32452
32462
32468
32469
32471
32472
32474
32561
32563
32564
32565
32568
32606
32609
32612
32613
32615
32616
32618
32641
32643
32644
32645
32648
32654
32657
32660
32661
32663
32664
32666
33006
33009
33011
33012
33013
33015
33016
33018
33182
33185
33187
33188
33189
33192
33214
33217
33220
33221
33223
33224
33226
33233
33235
33236
33237
33240
33326
33329
33332
33333
33335
33336
33338
33377
33379
33380
33381
33384
33406
33409
33412
33413
33415
33416
33418
33425
33427
33428
33429
33432
34798
34801
34804
34805
34807
34808
34810
35489
35491
35492
35496
35518
35519
35525
35527
35528
35530
35537
35538
35539
35540
35630
35631
35637
35638
35639
35640
35642
35643
35681
35682
35683
35684
35709
35710
35711
35717
35718
35719
35720
35722
35723
35729
35730
35731
35732
36077
36078
36079
36080
36085
36086
36087
36088
36089
36090
36091
36092
36257
36258
36259
36260
36285
36286
36287
36288
36293
36294
36295
36296
36297
36298
36299
36300
36305
36306
36307
36308
36397
36398
36399
36400
36405
36406
36407
36408
36409
36410
36411
36412
36449
36450
36451
36452
36477
36478
36479
36480
36485
36486
36487
36488
36489
36490
36491
36492
36497
36498
36499
36500
48458
48459
48460
48461
48466
48467
48468
48469
48470
48471
48472
48473
58257
58258
58259
58260
58284
58285
58286
58287
58288
58293
58294
58295
58296
58297
58298
58299
58300
58305
58306
58307
58308
58397
58398
58399
58400
58405
58406
58407
58408
58409
58410
58411
58412
58413
58416
58425
58428
58449
58450
58451
58452
58461
58464
58473
58476
58477
58478
58479
58480
58485
58486
58487
58488
58489
58490
58491
58492
58497
58498
58499
58500
58834
58845
58846
58847
58848
58853
58854
58855
58856
58857
58858
58859
58860
58861
58863
58864
58870
58873
58875
58876
58882
59026
59027
59037
59039
59040
59046
59049
59051
59052
59053
59054
59055
59056
59062
59063
59065
59066
59067
59068
59074
59075
59154
59165
59166
59167
59168
59174
59175
59177
59178
59179
59180
59181
59183
59184
59190
59193
59195
59196
59202
59218
59219
59229
59231
59232
59238
59241
59243
59244
59245
59246
59247
59248
59254
59255
59257
59258
59259
59260
59266
59267
60626
60637
60638
60639
60640
60646
60647
60649
60650
60651
60652
60653
60655
60656
60662
60665
60667
60668
60674
61330
61331
61341
61343
61344
61350
61353
61355
61356
61357
61359
61360
61366
61369
61370
61371
61372
61378
61458
61459
61469
61471
61472
61478
61481
61483
61484
61485
61486
61487
61488
61494
61495
61497
61498
61499
61500
61506
61522
61533
61534
61535
61536
61542
61543
61545
61546
61547
61548
61549
61551
61552
61558
61561
61563
61564
61570
61905
61906
61907
61908
61917
61919
61920
61926
61929
61931
61932
61933
61934
61935
61936
61941
61942
61943
61945
61946
61947
61948
61954
61955
62098
62109
62110
62111
62112
62117
62118
62119
62120
62121
62122
62123
62124
62125
62127
62128
62134
62137
62139
62140
62146
62225
62226
62227
62228
62237
62239
62240
62246
62249
62251
62252
62253
62254
62255
62256
62261
62262
62263
62264
62265
62266
62267
62268
62273
62274
62275
62276
62290
62301
62302
62303
62304
62309
62310
62311
62312
62313
62314
62315
62316
62317
62319
62320
62326
62329
62331
62332
62338
67643
67644
67645
67646
67655
67657
67658
67664
67667
67669
67670
67671
67672
67673
67674
67679
67680
67681
67682
67683
67684
67685
67686
67691
67692
67693
67694
70396
70407
70408
70409
70410
70415
70416
70417
70418
70419
70420
70421
70422
70423
70425
70426
70432
70435
70437
70438
70444
70523
70524
70525
70526
70535
70537
70538
70544
70547
70549
70550
70551
70552
70553
70554
70559
70560
70561
70562
70563
70564
70565
70566
70571
70572
70573
70574
70588
70599
70600
70601
70602
70603
70606
70607
70608
70609
70610
70611
70612
70613
70614
70615
70617
70618
70624
70627
70629
70630
70636
70971
70972
70973
70974
70975
70978
70983
70985
70986
70992
70995
70997
70998
70999
71000
71001
71002
71003
71006
71007
71008
71009
71010
71011
71012
71013
71014
71019
71020
71021
71022
71023
71026
71164
71175
71176
71177
71178
71179
71182
71183
71184
71185
71186
71187
71188
71189
71190
71191
71193
71194
71200
71203
71205
71206
71212
71288
71291
71292
71293
71294
71295
71297
71298
71300
71303
71306
71312
71315
71317
71318
71319
71320
71321
71322
71323
71325
71326
71327
71328
71329
71330
71331
71332
71333
71334
71336
71339
71340
71341
71342
71343
71345
71346
71348
71367
71368
71369
71370
71371
71373
71374
71375
71376
71377
71378
71379
71380
71381
71382
71383
71386
71395
71398
72192
72195
72196
72197
72198
72199
72201
72202
72204
72207
72210
72219
72222
72223
72224
72225
72226
72227
72229
72230
72231
72232
72233
72234
72235
72236
72237
72238
72240
72243
72244
72245
72246
72247
72249
72250
72252
72911
72912
72913
72914
72915
72917
72918
72919
72920
72921
72922
72923
72924
72925
72926
72927
72930
72939
72942
73018
73021
73022
73023
73024
73025
73027
73028
73030
73033
73036
73045
73048
73049
73050
73051
73052
73053
73055
73056
73057
73058
73059
73060
73061
73062
73063
73064
73066
73069
73070
73071
73072
73073
73075
73076
73078
73096
73097
73098
73099
73100
