1642
1643
1653
1654
1655
1656
1657
3747
3756
3757
3758
3759
3760
3761
5919
5920
5921
5922
5923
5924
6922
7994
7995
7996
7997
7998
7999
10137
10140
10141
10142
10143
10144
24675
24684
24769
24853
24855
24910
24914
24985
24987
25012
25025
25027
25495
25509
25515
25518
25520
25537
25745
25831
25874
25876
25882
25884
25907
25914
25917
25927
26133
26139
26143
26166
26168
26169
26182
26184
26561
26562
26563
26569
26571
26572
26660
26666
26669
26670
26671
26688
26710
26721
26722
26723
26729
26731
26732
28990
28991
28992
29037
29043
29046
29048
29049
29070
29071
29072
29083
29086
29088
29089
29090
29092
29093
29149
29155
29158
29160
29161
29990
29992
29993
30335
30336
30507
30508
30513
30514
30516
30517
30538
30539
30540
30546
30548
30551
30559
30638
30640
30641
30645
30665
30666
30668
30669
30675
30678
30679
30680
30718
30720
30721
31533
31539
31542
31543
31544
31545
31566
31567
31568
31579
31582
31584
31585
31589
31663
31674
31676
31677
31682
31683
31684
31687
31688
31705
31738
31740
31741
31746
31747
31748
31751
31769
33502
33503
33505
33507
33508
33509
33511
33512
33532
33533
33534
33535
33536
33541
33542
33543
33544
33546
33554
33888
33894
33897
33899
33900
33921
33922
33923
33933
33934
33935
33937
33940
33941
33942
33943
33944
33946
33997
33999
34000
34006
34009
34010
34011
34012
34094
34097
34098
34099
34100
34104
34142
34145
34147
34148
34149
34151
34152
34172
34173
34175
34176
34181
34182
34183
34185
34186
34187
34194
44107
44110
44111
44112
44113
44114
44117
44282
44284
44285
44290
44291
44292
44294
44295
44296
44297
44315
44318
44319
44320
44321
44322
44325
44330
44331
44332
44333
44334
44335
44336
44337
44338
44339
44340
44341
44343
44415
44416
44426
44427
44428
44429
44430
44432
44433
44434
44435
44436
44437
44438
44439
44440
44441
44454
44456
44457
44478
44479
44480
44490
44491
44492
44493
44497
44498
44499
44500
44501
44502
44503
44504
44505
44509
44515
44518
44520
44521
44745
44767
44778
44780
44781
44786
44787
44788
44790
44791
44792
44793
48070
48072
48073
48095
48096
48106
48107
48108
48109
48113
48114
48115
48116
48117
48118
48119
48120
49482
49483
49484
49486
49488
49489
49490
49492
49493
49495
50171
50174
50175
50176
50177
50181
50186
50189
50195
50198
50199
50200
50201
50202
50204
50205
50211
50212
50214
50215
50216
50217
50297
50298
50299
50300
50301
50305
50306
50307
50308
50309
50310
50311
50312
50330
50331
50332
50333
50334
50336
50337
50338
50339
50340
50341
50343
50350
50351
50352
50353
50382
50383
50384
50686
50687
50688
50698
50700
50701
50706
50707
50708
50710
50711
50712
50713
50726
50728
50729
50806
50808
50809
50810
50812
50813
50818
50819
50820
50822
50823
50824
50825
50843
50846
50847
50848
50849
50850
50852
50853
50859
50862
50863
50864
50865
50869
50895
51018
51019
51020
51021
51025
51026
51027
51028
51029
51031
51049
54278
54280
54281
54303
54314
54315
54316
54317
54321
54322
54323
54324
54325
54326
54327
54328
54329
54410
54411
54412
54414
54415
54416
54417
54418
54420
54421
54423
54459
54462
54463
54464
54465
54466
54469
54474
54477
54483
54486
54487
54488
54489
54490
54492
54493
54498
54499
54500
54502
54503
54504
54505
54511
54799
54842
54843
54844
54845
54846
54848
54849
54850
54851
54852
54853
54854
54855
54856
54873
54874
54875
54876
54877
54878
54880
54881
54882
54883
54884
54885
54887
54888
54894
54895
54896
54897
54969
55054
55055
55056
55057
55098
55099
55100
55101
55106
55107
55108
55109
55110
55111
55112
55113
55131
55132
55134
55135
55136
55137
55138
55140
55141
55146
55147
55148
55150
55151
55152
55153
55154
55156
55157
55159
55210
55213
55219
55222
55223
55224
55225
62434
62605
62606
62607
62608
62609
62610
62611
62612
62613
62614
62615
62616
62618
62619
62624
62633
62635
62636
62637
62638
62639
62640
62641
62643
62644
62645
62646
62647
62648
62649
62650
62651
62652
62657
62658
62659
62660
62733
62734
62735
62736
62737
62738
62739
62740
62741
62742
62743
62744
62746
62752
62758
62761
62762
62763
62764
62765
62766
62767
62768
62772
62773
62774
62775
62776
62777
62778
62779
62780
62785
62786
62787
62813
62814
62815
62817
62818
62819
62820
62821
62823
62824
63116
64156
64178
64189
64191
64192
64197
64198
64199
64201
64202
64203
64204
64286
64287
64289
64290
64291
64292
64293
64295
64296
64333
64334
64335
64336
64337
64338
64339
64340
64341
64342
64343
64344
64345
64346
64347
64352
64358
64361
64362
64363
64364
64365
64366
64367
64368
64369
64371
64372
64373
64374
64375
64376
64377
64378
64379
64380
64382
64385
64386
64387
64388
64392
64457
64459
64460
64546
64589
64590
64591
64592
64596
64597
64598
64599
64600
64601
64602
64603
64604
64621
64622
64623
64625
64626
64627
64628
64629
64631
64632
64634
64637
64638
64639
64640
64641
64642
64643
64644
64645
64646
64647
64648
64650
64974
64977
64978
64979
64980
64984
64989
64990
64991
64992
64993
64996
64997
64998
64999
65000
65001
65002
65003
65004
65005
65007
65008
65014
65017
65018
65019
65020
65169
65170
65171
65181
65182
65183
65184
65185
65187
65188
65189
65190
65191
65192
65193
65194
65195
65196
65209
65211
65212
65241
65243
65244
65266
65277
65278
65279
65280
65284
65285
65286
65287
65288
65289
65290
65291
65292
65293
65295
65296
65301
65302
65303
65305
65306
65307
65308
65326
65329
65330
65331
65332
65336
65341
65342
65343
65344
65345
65346
65347
65348
65349
65350
65351
65352
65353
65354
65355
135532
135533
135534
135535
135536
135537
135538
