1626
1627
1628
1629
1636
1640
1641
3731
3733
3734
3737
3738
3739
3746
4839
5894
5897
5898
5899
5900
5901
7972
7973
7974
7975
7976
7977
7978
8962
9529
9530
9531
9532
9533
9534
9535
24676
24767
24817
24819
24864
24916
24989
24991
25014
25024
25034
25510
25512
25697
25719
25732
25738
25740
25827
25837
25879
25902
25905
25918
25920
26181
26187
26190
26192
26546
26552
26556
26577
26579
26585
26586
26587
26590
26677
26679
26680
26704
26705
26707
26708
26714
26718
26719
26757
26759
26760
29050
29051
29052
29057
29058
29060
29061
29063
29789
29795
29798
29800
29801
29886
29887
29888
29931
29934
29937
29938
29940
29941
29962
29963
29964
29970
29971
29972
29973
29975
29983
30318
30320
30321
30345
30346
30348
30349
30355
30358
30359
30360
30523
30526
30528
30529
30533
30618
30620
30621
30627
30631
30649
30682
30684
30685
30690
30691
30692
30695
31734
31736
31737
31759
31760
31770
31771
31772
31777
31778
31780
31781
31783
33441
33442
33443
33456
33462
33465
33467
33468
33472
33478
33481
33483
33484
33565
33566
33567
33568
33572
33573
33574
33575
33576
33578
33597
33598
33599
33601
33604
33605
33607
33608
33610
33617
33618
33619
33649
33650
33651
33965
33966
33967
33968
33972
33973
33974
33975
33976
33978
33996
34064
34073
34075
34076
34077
34079
34080
34086
34089
34090
34091
34092
34113
34114
34115
34116
34126
34127
34129
34131
34132
34133
34135
34136
34274
34285
34287
34288
34293
34294
34295
34297
34298
34299
34300
34313
34315
34316
44350
44351
44352
44353
44362
44363
44364
44365
44370
44371
44372
44373
44374
44375
44376
44377
44378
44380
44381
44387
44390
44391
44392
44393
47158
47160
47161
47247
47290
47291
47292
47293
47298
47299
47300
47301
47302
47303
47304
47305
47323
47326
47327
47328
47329
47330
47332
47333
47338
47339
47340
47342
47343
47344
47345
47346
47348
47349
47351
47679
47690
47691
47692
47693
47697
47698
47699
47700
47701
47702
47703
47704
47705
47718
47720
47721
47870
47871
47872
47882
47883
47884
47885
47890
47891
47892
47893
47894
47895
47896
47897
47901
47907
47910
47912
47913
47990
47992
47993
47994
47995
47996
47997
48001
48002
48003
48004
48005
48006
48007
48008
48009
48026
48027
48028
48030
48031
48032
48033
48034
48036
48037
48039
48043
48046
48047
48048
48049
48050
48052
48053
48079
48080
49407
49418
49419
49420
49421
49426
49427
49428
49429
49430
49431
49432
49433
49446
49448
49449
49517
49526
49528
49529
49530
49531
49532
49533
49538
49539
49540
49541
49542
49543
49544
49545
49563
49566
49567
49568
49569
49570
49572
49573
49579
49582
49583
49584
49585
49586
49588
49589
49615
50239
50250
50251
50252
50253
50258
50259
50260
50261
50262
50263
50264
50265
50278
50280
50281
50486
50488
50489
50575
50618
50619
50620
50621
50626
50627
50628
50629
50630
50631
50632
50651
50654
50656
50657
50658
50660
50661
50667
50670
50671
50672
50673
50677
50745
50831
50874
50876
50877
50882
50883
50884
50886
50887
50888
50889
50907
50910
50911
50912
50913
50914
50917
50923
50926
50927
50928
50929
50930
50932
50933
55082
55085
55091
55094
55095
55096
55097
55182
55183
55184
55226
55227
55228
55229
55230
55232
55233
55234
55235
55236
55237
55238
55239
55240
55241
55258
55259
55260
55261
55262
55263
55264
55265
55266
55267
55268
55269
55271
55275
55278
55279
55280
55281
55282
55284
55285
62354
62365
62366
62367
62368
62369
62371
62372
62373
62374
62375
62376
62377
62378
62379
62380
62393
62395
62396
62461
62463
62464
62470
62471
62473
62474
62475
62476
62477
62478
62479
62480
62485
62486
62487
62488
62489
62490
62491
62492
62510
62513
62514
62515
62516
62517
62519
62520
62525
62526
62527
62528
62529
62530
62531
62532
62533
62534
62535
62536
62538
62562
62862
62865
62866
62867
62868
62872
62877
62878
62879
62880
62885
62886
62887
62889
62890
62891
62892
62893
62895
62896
62901
62902
62903
62905
62906
62907
62908
62914
62985
62987
62988
62989
62990
62991
62992
62993
62995
62996
62997
62998
62999
63000
63001
63002
63003
63004
63020
63021
63022
63023
63024
63025
63026
63027
63028
63029
63030
63031
63032
63033
63034
63035
63038
63041
63042
63043
63044
63045
63047
63048
63070
63073
63074
63075
63076
63080
63186
63197
63198
63199
63200
63201
63202
63203
63204
63205
63206
63207
63208
63209
63210
63211
63225
63228
64461
64462
64463
64464
64465
64466
64467
64468
64469
64470
64471
64472
64474
64477
64479
64480
64486
64489
64490
64491
64492
64493
64494
64495
64496
64497
64500
64501
64502
64503
64504
64505
64506
64507
64508
64513
64514
64515
64716
64802
64845
64847
64848
64853
64854
64855
64857
64858
64859
64860
64878
64881
64882
64883
64884
64888
64893
64894
64895
64896
64897
64898
64899
64900
64901
64902
64903
64904
64905
64906
64907
64921
64923
64924
64946
64957
64958
64959
64960
64965
64966
64967
64968
64969
64970
64971
64972
65054
65055
65057
65058
65059
65060
65061
65063
65064
65101
65102
65103
65104
65105
65106
65107
65108
65109
65110
65111
65112
65113
65114
65115
65120
65126
65129
65131
65132
65133
65134
65135
65136
65137
65139
65140
65141
65142
65143
65144
65145
65146
65147
65148
65153
65154
65155
65156
65160
65693
65694
65695
65696
65697
65698
65699
65700
65701
65702
65703
65704
65706
65741
65743
65744
65749
65750
65751
65753
65754
65755
65756
65768
65771
65772
65773
65774
65778
65783
65784
65785
65786
65787
65788
65789
65790
65791
65794
65803
65805
65806
65827
65828
65829
65839
65840
65841
65842
65846
65847
65848
65849
65850
65851
65852
65853
65854
