1302
1851
1852
1854
1855
1856
1857
1858
3950
3951
3952
3953
3954
3955
3956
5733
5734
5735
5736
5737
5738
5739
7810
7813
7814
7815
7816
7817
7820
9727
9986
9989
9992
9993
9994
9998
10001
73265
73274
73613
73650
73812
73907
73916
73918
73935
73968
73970
73981
75344
75347
75353
75356
75358
75457
75464
75466
75467
75489
75499
75510
76176
76178
76179
76185
76189
76556
76558
76559
76581
76592
76593
76594
76600
76602
76605
76668
76670
76671
76757
76801
76802
76808
76810
76813
76833
76839
76843
76852
76854
82261
82304
82306
82307
82313
82316
82317
82318
82319
82340
82341
82342
82353
82359
82360
82362
82363
82428
82431
82756
82758
82759
82784
82786
82787
82793
82794
82797
82805
82884
82885
82886
82911
82912
82915
82921
82924
82926
82927
82961
82967
82968
82970
82971
82973
83089
83092
83094
83095
83099
85632
85634
85635
85640
85641
85642
85644
85645
85646
85668
85670
85671
85681
85684
85686
85687
85688
85690
85691
87119
87152
87154
87155
87161
87164
87165
87166
87167
87252
87253
87254
87255
87296
87297
87298
87303
87304
87305
87306
87307
87309
87329
87330
87332
87334
87335
87336
87338
87339
87341
87348
87349
87350
87351
87355
87555
87564
87566
87567
87589
87600
87601
87602
87603
87608
87609
87610
87611
87612
87613
87614
87953
87956
87958
87959
87963
88129
88132
88134
88135
88136
88138
88139
88160
88161
88162
88163
88168
88169
88170
88171
88173
88181
88182
88261
88262
88275
88281
88284
88286
88287
88288
88291
88297
88300
88302
88303
88336
88337
88338
88344
88345
88346
88347
88349
108456
108627
108628
108629
108630
108631
108634
108635
108636
108637
108638
108639
108640
108641
108642
108660
108661
108663
108664
108665
108666
108667
108669
108670
108672
108676
108679
108680
108681
108682
108683
108685
108686
108760
108771
108772
108773
108774
108778
108779
108780
108781
108782
108783
108784
108785
108786
108799
108802
108823
108824
108825
108835
108837
108838
108844
108845
108847
108848
108849
108850
108851
108853
108854
108860
108863
108864
108865
108866
109138
110424
110435
110437
110438
110443
110444
110445
110447
110448
110449
110450
110463
110465
110466
110547
110548
110549
110550
110551
110553
110554
110555
110556
110557
110558
110560
110579
110580
110581
110583
110585
110586
110587
110589
110590
110592
110599
110600
110601
110602
110606
110631
110632
110633
110634
110948
110951
110952
110953
110954
110955
110958
111007
111009
111010
111032
111043
111045
111046
111051
111052
111053
111055
111056
111057
111058
111062
111068
111071
111073
111074
111096
111097
111107
111108
111109
111110
111115
111116
111117
111118
111119
111120
111121
111122
111252
111253
111255
111257
111258
111259
111261
111262
111264
111283
111284
111285
111286
111287
111290
111291
111292
111293
111294
111295
111296
111297
111303
111304
111305
111306
111768
111779
111781
111782
111787
111788
111789
111791
111792
111793
111794
111807
111809
111810
121767
121768
121769
121770
121939
121941
121942
121948
121951
121952
121953
121954
121975
121976
121977
121978
121987
121988
121989
121990
121991
121994
121995
121996
121997
121998
121999
122000
122001
122002
122084
122085
122087
122088
122089
122090
122091
122093
122094
122096
122132
122133
122135
122136
122137
122138
122139
122141
122142
122144
122159
122161
122162
122163
122164
122165
122166
122167
122170
122171
122172
122173
122174
122175
122176
122177
122178
122183
122184
122185
122186
122399
122402
122424
122435
122437
122438
122444
122445
122447
122448
122449
122450
128031
128033
128034
128056
128067
128068
128069
128070
128075
128076
128077
128079
128080
128081
128082
128386
128389
128390
128391
128392
128396
128561
128562
128563
128564
128565
128567
128568
128569
128570
128571
128572
128573
128574
128575
128576
128592
128593
128594
128595
128596
128597
128598
128599
128600
128601
128602
128603
128604
128605
128606
128607
128609
128610
128611
128613
128614
128615
128616
128617
128619
128620
128622
128650
128651
128652
128657
128658
128659
128660
128661
128664
128665
128666
128667
128668
128669
128670
128671
128672
128673
128675
128676
128681
128682
128683
128685
128686
128687
128688
128694
128709
128710
128711
128720
128723
128724
128725
128944
128950
128953
128955
128956
129298
129299
129469
129470
129471
129472
129477
129478
129479
129480
129481
129482
129483
129484
129502
129505
129506
129507
129508
129509
129511
129512
129517
129518
129519
129520
129521
129522
129523
129524
129525
129526
129527
129528
129529
129530
129531
129532
129602
129613
129614
129615
129616
129617
129618
129619
129620
129621
129622
129623
129624
129625
129626
129627
129644
129662
129665
129666
129667
129668
129669
129671
129672
129677
129679
129680
129686
129689
129690
129691
129692
129693
129694
129695
129696
129700
129701
129702
129703
129704
129705
129706
129707
129708
129713
129714
129715
131070
131071
131073
131074
131075
131076
131077
131079
131080
131082
131085
131087
131088
131094
131097
131099
131100
131101
131102
131103
131104
131108
131109
131110
131111
131112
131113
131114
131115
131116
131121
131122
131123
131124
131789
131790
131791
131792
131793
131794
131795
131796
131797
131798
131799
131800
131802
131803
131849
131852
131874
131885
131887
131888
131894
131895
131897
131898
131899
131900
131901
131902
131903
131904
131909
131910
131911
131912
131913
131914
131915
131916
131934
131937
131938
131939
131940
131944
131949
131950
131951
131952
131953
131955
131956
131957
131958
131959
131960
131961
131962
131963
131964
131986
132290
132301
132302
132303
132304
132305
132307
132308
132309
132310
132311
132312
132313
132314
132315
132316
132329
132332
132400
132409
132411
132412
132413
132414
132415
132416
132417
132420
132421
132422
132423
132424
132425
132426
132427
132428
132446
132447
132449
132450
132451
132452
132453
132455
132456
132458
132461
132462
132463
132465
132466
132467
132468
132469
132470
132471
132472
132474
132497
132498
132499
132500
132609
132610
132611
132612
132621
132623
132624
132630
132631
132633
132634
132635
132636
132637
132639
132640
132645
132646
132647
132649
132650
132651
132652
132658
