1303
1491
1494
1495
1496
1497
1509
1510
1512
3606
3607
3608
3609
3610
3621
3622
3623
5792
5796
5797
5798
5816
5817
5818
5831
7629
7631
7873
7874
7875
7877
7897
7910
7911
7912
9736
10059
10063
10064
10065
10087
10088
10089
10090
73632
73800
73837
73936
73939
73945
73950
74015
74031
75397
75424
75426
75427
75433
75438
76122
76125
76231
76235
76257
76264
76267
76276
76278
76279
76308
76310
76311
76672
76674
76675
76681
76685
76686
76710
76721
76728
76730
76731
76733
76885
76943
76976
76978
76979
76985
76988
76990
76991
77040
77043
77049
77052
77054
77055
82516
82518
82519
82523
82624
82626
82627
82633
82634
82637
82638
82660
82662
82663
82673
82680
82682
82683
82685
82709
85377
85380
85382
85383
85384
85387
85409
85416
85418
85419
85421
85428
85430
85431
85829
85840
85843
85849
85852
85854
85855
85856
85859
85865
85868
85870
85871
85957
85958
85984
85986
85987
85993
85996
85998
85999
86005
86032
86033
86034
86040
86041
86042
86043
86045
86046
86160
86162
86163
86169
86172
86173
86174
86175
87617
87618
87623
87624
87625
87626
87627
87629
87649
87652
87654
87655
87656
87659
87665
87668
87670
87671
87672
87674
87675
87677
87761
87764
87767
87768
87770
87771
87773
87812
87813
87814
87815
87840
87841
87842
87843
87848
87849
87850
87851
87853
87854
87860
87861
87862
88468
88469
88470
88471
88691
88700
88702
88703
88789
88832
88834
88835
88841
88844
88846
88847
88869
88870
88880
88881
88882
88883
88888
88889
88890
88892
88893
88894
88895
88911
88944
88946
88947
88953
88956
88958
88959
89045
89088
89090
89091
89097
89100
89101
89102
89103
89125
89126
89136
89137
89138
89139
89144
89145
89146
89147
89148
89149
89150
89151
109475
109476
109477
109478
109483
109484
109485
109486
109487
109488
109489
109490
109506
109907
109908
109909
109910
109915
109916
109917
109918
109919
109920
109921
109940
109943
109944
109945
109946
109947
109950
109956
109957
109959
109961
109962
109963
109965
109966
109968
110052
110055
110057
110058
110059
110061
110062
110064
110100
110103
110104
110105
110106
110107
110109
110110
110112
110131
110132
110133
110134
110135
110138
110139
110140
110141
110142
110144
110145
110151
110152
110153
110154
110247
110248
110249
110250
120919
120920
120921
120922
120931
120933
120934
120940
120943
120945
120946
120947
120948
120949
120950
120956
120957
120959
120960
120961
120962
120968
121047
121048
121049
121059
121061
121062
121068
121071
121073
121074
121075
121077
121078
121084
121087
121088
121089
121090
121096
121112
121123
121124
121125
121126
121131
121132
121133
121134
121135
121136
121137
121138
121139
121142
121151
121153
121154
122728
122771
122772
122773
122774
122779
122780
122781
122782
122783
122784
122785
122786
122807
122808
122809
122810
122819
122820
122821
122822
122823
122826
122827
122828
122829
122830
122831
122832
122833
122834
122850
122883
122885
122886
122892
122895
122897
122898
123235
123236
123237
123238
123239
123241
123242
123243
123244
123245
123246
123248
123249
123347
123348
123349
123350
123351
123353
123354
123355
123356
123357
123358
123359
123360
123361
123380
123383
123384
123385
123386
123387
123389
123390
123392
123396
123399
123400
123401
123402
123403
123405
123406
123408
123428
123431
123432
123433
123434
123435
123437
123438
123540
123543
123544
123545
123546
123547
123549
123550
123571
123572
123573
123574
123578
123579
123580
123581
123582
123583
123584
123585
123586
123591
123592
123593
123594
124007
124008
124009
124010
124051
124053
124054
124060
124063
124064
124065
124066
124087
124088
124089
124099
124100
124101
124102
124107
124108
124109
124110
124111
124112
124113
124114
124115
124117
124118
124124
124127
124129
124130
124152
124163
124164
124165
124166
124172
124173
124175
124176
124177
124178
124200
129729
129730
129731
129741
129742
129743
129744
129749
129750
129751
129752
129753
129754
129755
129756
129757
129759
129760
129766
129769
129770
129771
129772
129778
129854
129857
129858
129859
129860
129861
129863
129864
129869
129871
129872
129878
129881
129883
129884
129885
129886
129887
129888
129889
129892
129893
129894
129895
129896
129897
129898
129899
129900
129905
129906
129907
129908
129933
129934
129935
129936
129937
129939
129940
129941
129942
129943
129944
129945
129946
129947
129948
129964
130301
130302
130303
130304
130305
130306
130307
130308
130309
130310
130311
130312
130314
130315
130333
130334
130335
130336
130337
130338
130339
130340
130341
130342
130343
130344
130345
130346
130347
130350
130353
130354
130355
130356
130357
130359
130360
130362
130510
130513
130514
130515
130516
130517
130519
130520
130522
130605
130608
130617
130619
130620
130621
130622
130623
130624
130628
130629
130630
130631
130632
130633
130634
130635
130636
130654
130657
130658
130659
130660
130661
130663
130664
130669
130670
130671
130672
130673
130675
130676
130677
130678
130679
130680
130681
130682
130683
130684
130705
130706
130707
130708
133121
133122
133123
133124
133133
133134
133135
133136
133141
133142
133143
133144
133145
133146
133147
133148
133149
133150
133151
133152
133158
133159
133161
133162
133163
133164
133170
134373
134376
134382
134385
134387
134388
134402
134413
134414
134415
134480
134481
134482
134483
134484
134502
134505
134506
134507
134508
134509
134511
134512
134517
134518
134519
134520
134521
134523
134524
134525
134526
134527
134528
134529
134530
134531
134532
134870
134871
134873
134874
134875
134876
134877
134879
134880
134882
135045
135046
135047
135048
135049
135050
135051
135052
135053
135054
135055
135056
135057
135058
135059
135060
135077
135078
135079
135080
135081
135082
135083
135084
135085
135086
135087
135088
135089
135090
135091
135092
135093
135094
135095
135097
135098
135099
135100
135101
135102
135103
135104
135106
135178
135189
135190
135191
135192
135193
135195
135196
135197
135198
135199
135200
135201
135202
135203
135204
135208
135217
135220
135238
135241
135242
135243
135244
135245
135247
135248
135250
135253
135255
135256
135262
135265
135267
135268
135269
135270
135271
135272
135273
135276
135277
135278
135279
135280
135281
135282
135283
135284
135289
135290
135291
135292
