1909
1910
1911
1912
1913
1914
1915
4008
4009
4010
4011
4012
4013
5545
6115
6116
6117
6118
6119
6120
6122
8186
8187
8188
8189
8190
8191
8192
10267
10269
10270
10271
10272
10273
10275
10276
73199
73215
73562
73564
73621
73661
73663
73720
73863
73891
73897
73901
75152
75154
75160
75162
75165
75388
75390
75521
75527
75531
75552
75554
75562
75565
75788
75790
75791
75813
75825
75831
75835
76357
76371
76377
76381
76399
76479
76480
76483
76489
76492
76493
76494
76516
76518
76519
76532
76534
76535
81536
81537
81538
81543
81544
81546
81547
81549
81568
81569
81570
81575
81576
81578
81579
81581
81589
82447
82469
82480
82482
82483
82488
82489
82490
82493
82833
82836
82839
82840
82843
83012
83013
83014
83036
83038
83039
83043
83049
83052
83054
83055
83136
83137
83138
83144
83146
83149
83169
83175
83176
83178
83179
83189
83190
83221
84080
84082
84083
84088
84089
84090
84092
84093
84094
84177
84180
84182
84183
84187
84228
84229
84230
84231
84252
84254
84255
84256
84258
84259
84265
84268
84269
84270
86356
86357
86358
86400
86403
86409
86412
86413
86414
86415
86436
86437
86438
86439
86449
86452
86454
86455
86456
86458
86459
86515
86524
86526
86527
86835
86844
86846
86847
86848
86850
86851
86857
86858
86860
86861
86862
86863
86881
86884
86885
86886
86887
86891
86897
86900
86902
86903
86904
86906
86907
86981
86992
86994
86995
87000
87001
87002
87004
87005
87006
87023
87045
87056
87057
87058
87059
87064
87065
87066
87067
87068
87069
87070
87087
105556
105559
105560
105561
105562
105566
105571
105572
105573
105574
105579
105580
105581
105582
105583
105584
105585
105586
105587
105589
105590
105596
105597
105599
105600
105601
105602
105679
105681
105682
105683
105684
105685
105686
105687
105690
105691
105692
105693
105694
105695
105696
105697
105698
105715
105716
105717
105718
105719
105720
105721
105722
105723
105724
105725
105726
105728
105732
105735
105736
105737
105738
105739
105741
105742
105767
105768
105769
109187
109189
109190
109196
109197
109199
109200
109201
109202
109284
109287
109288
109289
109290
109294
109331
109332
109333
109334
109335
109337
109338
109339
109340
109341
109342
109344
109362
109363
109364
109365
109366
109367
109370
109371
109372
109373
109374
109375
109376
109377
109383
109384
109385
110740
110743
110744
110745
110746
110747
110749
110750
110758
110764
110767
110769
110770
110771
110773
110774
110779
110780
110781
110783
110784
110785
110786
110792
111460
111461
111463
111464
111465
111466
111467
111469
111470
111519
111521
111522
111544
111555
111556
111557
111558
111562
111563
111564
111565
111566
111567
111568
111569
111586
111608
111619
111620
111621
111622
111627
111628
111629
111630
111631
111632
111633
111634
111955
111956
111957
111958
111962
111963
111964
111965
111966
111968
111987
111988
111989
111990
111991
111993
111994
111995
111996
111997
111998
112000
112007
112008
112009
112084
112087
112088
112089
112090
112094
112102
112108
112111
112112
112113
112114
112115
112117
112118
112124
112127
112128
112129
112130
112163
112164
112165
112167
112169
112170
112171
112173
112174
112176
112295
112296
112297
115731
115733
115734
115740
115741
115743
115744
115745
115746
115764
115767
115768
115769
115770
115774
115779
115780
115781
115782
115783
115785
115786
115787
115788
115789
115790
115792
116120
116131
116132
116133
116134
116135
116137
116138
116139
116140
116141
116142
116143
116144
116145
116159
116162
116311
116312
116313
116323
116324
116325
116326
116331
116332
116333
116334
116335
116336
116337
116338
116342
116348
116351
116352
116353
116354
116422
116428
116431
116433
116434
116435
116436
116437
116438
116442
116443
116444
116445
116446
116447
116448
116449
116450
116467
116468
116469
116471
116472
116473
116474
116475
116477
116478
116480
116484
116485
116487
116488
116489
116490
116491
116493
116494
116519
116520
116521
124824
124835
124836
124837
124838
124839
124841
124842
124843
124844
124845
124846
124847
124848
124849
124863
124866
125023
125026
125048
125059
125060
125061
125062
125067
125068
125069
125070
125071
125072
125073
125074
125155
125156
125157
125159
125160
125161
125162
125163
125165
125166
125203
125204
125205
125206
125207
125208
125209
125210
125211
125212
125213
125214
125216
125222
125228
125231
125232
125233
125234
125235
125236
125237
125238
125239
125241
125242
125243
125244
125245
125246
125247
125248
125249
125250
125255
125256
125257
125459
125461
125462
125467
125468
125469
125471
125472
125473
125474
125492
125495
125496
125497
125498
125502
125507
125508
125509
125510
125511
125513
125514
125515
125516
125517
125518
125519
125520
125521
126754
126776
126787
126789
126790
126795
126796
126797
126799
126800
126801
126802
126803
126804
126805
126806
126810
126811
126812
126813
126814
126815
126816
126817
126818
126835
126836
126837
126839
126840
126841
126842
126843
126844
126845
126846
126848
126851
126852
126853
126854
126855
126856
126857
126858
126859
126860
126861
126862
126864
126932
126935
126936
126937
126938
126942
126947
126948
126949
126950
126951
126953
126954
126955
126956
126957
126958
126959
126960
126961
126962
126963
126965
126966
126972
126973
126975
126976
126977
126978
126999
127000
127001
127011
127012
127013
127014
127015
127017
127018
127019
127020
127021
127022
127023
127024
127025
127026
127030
127036
127039
127041
127042
127331
127332
127333
127335
127336
127337
127338
127339
127341
127342
127379
127381
127382
127387
127388
127389
127391
127392
127393
127394
127412
127415
127416
127417
127418
127419
127421
127422
127427
127428
127429
127430
127431
127432
127433
127434
127435
127436
127437
127438
127439
127440
127441
127455
127457
127458
127480
127491
127492
127493
127494
127498
127499
127500
127501
127502
127503
127504
127505
127506
127592
127635
127636
127637
127638
127639
127640
127641
127642
127643
127644
127645
127646
127648
127654
127660
127663
127664
127665
127666
127667
127668
127669
127670
127671
127673
127674
127675
127676
127677
127678
127679
127680
127681
127682
127687
127688
127689
127762
128168
135657
135658
135659
135660
135661
135662
