1538
1539
1540
1541
1542
1543
1544
3651
3652
3653
3654
3655
3656
3657
5832
5852
5853
5854
5855
5856
5857
7635
7913
7914
7915
7933
7934
7935
7936
9739
9741
9743
9745
9747
9749
9751
10098
10099
10100
10101
10102
10103
10104
73806
73807
73829
73840
73842
73843
73849
73854
73941
73986
73993
73998
74021
74034
74041
74046
75413
76098
76105
76110
76133
76146
76289
76298
76301
76326
76337
76346
76349
76692
76694
76865
76872
76874
76875
76877
76900
76902
76903
76913
76920
76922
76923
76925
77012
77014
77015
77057
77064
77066
77067
77069
77092
77094
77095
77105
77112
77114
77115
77117
82580
82582
82583
85313
85320
85322
85323
85325
85348
85350
85351
85361
85367
85368
85370
85371
85373
85460
85462
85463
85464
85467
85505
85508
85511
85512
85514
85515
85517
85540
85542
85543
85544
85547
85553
85556
85559
85560
85562
85563
85565
85905
85908
85910
85911
85912
85914
85915
85917
86081
86084
86086
86087
86088
86091
86113
86116
86119
86120
86122
86123
86125
86132
86134
86135
86136
86139
86225
86228
86231
86232
86234
86235
86237
86276
86278
86279
86280
86283
86305
86308
86311
86312
86314
86315
86317
86324
86326
86327
86328
86331
87697
87700
87703
87704
87706
87707
87709
88388
88390
88391
88395
88417
88418
88424
88426
88427
88429
88436
88437
88438
88439
88529
88530
88536
88537
88538
88539
88541
88542
88580
88581
88582
88583
88608
88609
88610
88616
88617
88618
88619
88621
88622
88628
88629
88630
88631
88976
88977
88978
88979
88984
88985
88986
88987
88988
88989
88990
88991
89156
89157
89158
89159
89184
89185
89186
89187
89192
89193
89194
89195
89196
89197
89198
89199
89204
89205
89206
89207
89296
89297
89298
89299
89304
89305
89306
89307
89308
89309
89310
89311
89348
89349
89350
89351
89376
89377
89378
89379
89384
89385
89386
89387
89388
89389
89390
89391
89396
89397
89398
89399
109731
109732
109733
109734
109739
109740
109741
109742
109743
109744
109745
109746
120663
120664
120665
120666
120690
120691
120692
120693
120694
120699
120700
120701
120702
120703
120704
120705
120706
120711
120712
120713
120714
120803
120804
120805
120806
120811
120812
120813
120814
120815
120816
120817
120818
120819
120822
120831
120834
120855
120856
120857
120858
120867
120870
120879
120882
120883
120884
120885
120886
120891
120892
120893
120894
120895
120896
120897
120898
120903
120904
120905
120906
121240
121251
121252
121253
121254
121259
121260
121261
121262
121263
121264
121265
121266
121267
121269
121270
121276
121279
121281
121282
121288
121432
121433
121443
121445
121446
121452
121455
121457
121458
121459
121460
121461
121462
121468
121469
121471
121472
121473
121474
121480
121481
121560
121571
121572
121573
121574
121580
121581
121583
121584
121585
121586
121587
121589
121590
121596
121599
121601
121602
121608
121624
121625
121635
121637
121638
121644
121647
121649
121650
121651
121652
121653
121654
121660
121661
121663
121664
121665
121666
121672
121673
123032
123043
123044
123045
123046
123052
123053
123055
123056
123057
123058
123059
123061
123062
123068
123071
123073
123074
123080
123736
123737
123747
123749
123750
123756
123759
123761
123762
123763
123765
123766
123772
123775
123776
123777
123778
123784
123864
123865
123875
123877
123878
123884
123887
123889
123890
123891
123892
123893
123894
123900
123901
123903
123904
123905
123906
123912
123928
123939
123940
123941
123942
123948
123949
123951
123952
123953
123954
123955
123957
123958
123964
123967
123969
123970
123976
124311
124312
124313
124314
124323
124325
124326
124332
124335
124337
124338
124339
124340
124341
124342
124347
124348
124349
124351
124352
124353
124354
124360
124361
124504
124515
124516
124517
124518
124523
124524
124525
124526
124527
124528
124529
124530
124531
124533
124534
124540
124543
124545
124546
124552
124631
124632
124633
124634
124643
124645
124646
124652
124655
124657
124658
124659
124660
124661
124662
124667
124668
124669
124670
124671
124672
124673
124674
124679
124680
124681
124682
124696
124707
124708
124709
124710
124715
124716
124717
124718
124719
124720
124721
124722
124723
124725
124726
124732
124735
124737
124738
124744
130049
130050
130051
130052
130061
130063
130064
130070
130073
130075
130076
130077
130078
130079
130080
130085
130086
130087
130088
130089
130090
130091
130092
130097
130098
130099
130100
132802
132813
132814
132815
132816
132821
132822
132823
132824
132825
132826
132827
132828
132829
132831
132832
132838
132841
132843
132844
132850
132929
132930
132931
132932
132941
132943
132944
132950
132953
132955
132956
132957
132958
132959
132960
132965
132966
132967
132968
132969
132970
132971
132972
132977
132978
132979
132980
132994
133005
133006
133007
133008
133009
133012
133013
133014
133015
133016
133017
133018
133019
133020
133021
133023
133024
133030
133033
133035
133036
133042
133377
133378
133379
133380
133381
133384
133389
133391
133392
133398
133401
133403
133404
133405
133406
133407
133408
133409
133412
133413
133414
133415
133416
133417
133418
133419
133420
133425
133426
133427
133428
133429
133432
133570
133581
133582
133583
133584
133585
133588
133589
133590
133591
133592
133593
133594
133595
133596
133597
133599
133600
133606
133609
133611
133612
133618
133694
133697
133698
133699
133700
133701
133703
133704
133706
133709
133712
133718
133721
133723
133724
133725
133726
133727
133728
133729
133731
133732
133733
133734
133735
133736
133737
133738
133739
133740
133742
133745
133746
133747
133748
133749
133751
133752
133754
133773
133774
133775
133776
133777
133779
133780
133781
133782
133783
133784
133785
133786
133787
133788
133789
133792
133801
133804
134598
134601
134602
134603
134604
134605
134607
134608
134610
134613
134616
134625
134628
134629
134630
134631
134632
134633
134635
134636
134637
134638
134639
134640
134641
134642
134643
134644
134646
134649
134650
134651
134652
134653
134655
134656
134658
135317
135318
135319
135320
135321
135323
135324
135325
135326
135327
135328
135329
135330
135331
135332
135333
135336
135345
135348
135424
135427
135428
135429
135430
135431
135433
135434
135436
135439
135442
135451
135454
135455
135456
135457
135458
135459
135461
135462
135463
135464
135465
135466
135467
135468
135469
135470
135472
135475
135476
135477
135478
135479
135481
135482
135484
135502
135503
135504
135505
135506
