1373
1374
1376
1377
1378
1379
1383
3485
3486
3487
3488
3490
3491
3492
5630
5631
5632
5633
5634
5635
5636
5637
7620
7708
7709
7710
7711
7712
7713
7714
9820
9821
9822
9823
9824
9825
9826
73138
73159
73317
73318
73320
73329
73398
73399
73402
73404
73409
73466
73467
73784
73789
73791
74099
74104
74105
74175
74179
74183
74184
74186
74201
74220
74221
74222
74496
74497
74498
74500
74502
74507
74515
74519
74520
74521
74522
74542
74543
74623
74705
74708
74709
74710
74756
74757
74768
74769
74770
74772
74774
74779
74799
76044
76045
76046
76063
76071
76074
77327
77343
77344
77345
77346
77348
77349
77350
77355
77365
77619
77624
77625
77626
77628
77629
77630
77635
77640
77641
77644
77645
77646
77660
77661
77662
77663
77666
77667
77671
77672
77673
77674
77711
77728
77729
77730
77732
77733
77734
77739
77745
77748
77749
77808
77809
77810
77812
77813
77814
77815
77818
77819
78912
78913
78914
78915
78916
78917
78918
78919
78920
78921
78922
78923
78928
78930
78931
78935
78936
78937
78938
78939
78941
78956
78957
78958
78959
78979
78983
78984
78985
78986
78988
78989
78990
79001
79004
79005
79006
79007
79010
79011
79015
79016
79017
79018
79019
79020
79021
79091
79096
79097
79098
79100
79101
79102
79422
79423
79745
79748
79749
79760
79761
79762
79764
79765
79766
79771
79791
79936
79937
79940
79941
79942
79952
79953
79954
79956
79957
79958
79963
79983
80000
80001
80002
80003
80004
80006
80007
80008
80009
80010
80011
80019
80023
80024
80025
80026
80029
80044
80045
80046
80047
80126
80127
85104
85106
85107
85111
85112
85114
85115
85180
85181
85182
85187
85192
85193
85196
85197
85212
85213
85214
85219
85223
85224
85225
85226
90227
90231
90232
90233
90234
90236
90237
90238
90300
90301
90302
90303
90304
90305
90306
90307
90308
90309
90310
90311
90312
90313
90314
90315
90317
90320
90322
90323
90327
90328
90329
90330
90331
90332
90333
90334
90339
90344
90345
90346
90348
90349
90350
90351
91395
91400
91401
91402
91404
91405
91406
91407
91420
91421
91422
91423
91424
91425
91426
91427
91428
91429
91430
91431
91432
91433
91434
91435
91437
91441
91444
91445
91446
91504
91505
91506
91507
91508
91509
91510
91511
91512
91513
91514
91515
91516
91517
91518
91571
91576
91577
91578
91580
91581
91582
91583
91584
91585
91586
91587
91588
91590
91591
91592
91593
91594
91595
91596
91597
91598
91603
91607
91608
91609
91610
91612
91613
91614
91615
91618
91619
91623
91624
91625
91626
91628
91629
91630
91631
91772
91774
91775
91840
91841
91844
91845
91846
91851
91856
91857
91858
91860
91861
91862
91863
91867
91887
91904
91905
91906
91908
91909
91910
91911
91915
91920
91921
91922
91923
91924
91925
91926
91927
91928
91929
91930
91931
91948
91950
91951
92031
92101
92112
92113
92114
92116
92117
92118
92123
92160
92161
92162
92163
92164
92165
92166
92167
92168
92169
92170
92171
92176
92177
92178
92179
92180
92181
92182
92183
92184
92185
92186
92187
92188
92189
92204
92205
92206
92207
94524
94525
94526
94527
94885
94888
94889
94890
94932
94933
94934
94936
94937
94938
94943
94948
94949
94950
94951
94952
94953
94954
94955
94956
94957
94958
94959
94978
94979
95059
95636
95637
95638
95639
95640
95641
95642
95643
95644
95646
95647
95652
95653
95654
95655
95656
95657
95658
95659
95660
95661
95662
95663
95665
95680
95681
95682
95683
95700
95701
95702
95703
95704
95705
95706
95707
95708
95709
95710
95711
95712
95713
95714
95716
95717
95718
95719
95720
95721
95722
95723
95724
95725
95726
95727
95728
95729
95730
95731
95732
95734
95735
95739
95740
95741
95742
95743
95744
95745
95746
95747
95815
95820
95821
95822
95824
95825
95826
95827
95894
95895
95899
95900
95901
95902
95904
95905
95906
95907
95911
95912
95913
95914
95915
95916
95917
95918
95919
95920
95921
95922
95923
95924
95925
95926
95928
95929
95930
95932
95935
96083
96104
96105
96116
96117
96118
96119
96120
96121
96122
96123
96124
96125
96126
96127
96128
96129
96130
96131
97230
97231
98580
98581
98592
98593
98594
98596
98597
98598
98603
98623
99280
99281
99282
99283
99284
99285
99286
99287
99288
99289
99290
99291
99293
99296
99297
99298
99299
99300
99301
99302
99303
99304
99305
99306
99307
99308
99309
99310
99315
99320
99321
99322
99324
99325
99326
99327
99344
99345
99346
99347
99348
99350
99351
99352
99353
99354
99355
99356
99357
99358
99359
99363
99367
99368
99369
99370
99372
99373
99374
99375
99376
99377
99378
99379
99380
99382
99383
99384
99385
99386
99387
99388
99389
99390
99391
99459
99463
99464
99465
99466
99468
99469
99470
99471
99539
99544
99545
99548
99549
99550
99551
99564
99565
99566
99567
99568
99569
99570
99571
99572
99573
99574
99575
99576
99577
99578
99579
99581
99584
99585
99586
99588
99589
99590
99595
99614
99615
99631
99632
99633
99634
99636
99637
99638
99643
99648
99649
99650
99651
99652
99653
99654
99655
99656
99657
99658
99659
99676
99678
99679
99695
99696
99697
99698
99700
99701
99702
99703
99707
99712
99713
99714
99715
99716
99717
99718
99719
99720
99722
99723
100021
100032
100033
100034
100035
100036
100037
100038
100039
100040
100041
100042
100043
100044
100045
100046
119830
119834
119835
119836
119837
119839
119840
119841
119842
119855
119856
119857
119858
119859
119860
119861
119862
119863
119865
119866
119867
119868
119869
119870
119871
119872
120131
120132
120133
120134
120135
120136
120137
120138
120139
120140
120141
120142
120159
120160
120161
120162
120178
120179
120180
120181
120183
120184
120185
120186
120189
120190
120195
120196
120199
120200
120201
120206
120247
120248
120259
120260
120261
120262
120263
120264
120265
120266
120267
120268
120269
120270
120287
120289
120290
120306
120307
120308
120309
120311
120312
120313
120314
120318
120323
120324
120325
120327
120328
120329
120334
