1674
1675
1676
1678
1679
1680
1681
3779
3782
3783
3784
3785
3786
3788
4851
5942
5943
5944
5945
5946
5949
5956
6925
8019
8020
8021
8022
8024
8025
8026
10165
10166
10167
10168
10169
10170
10171
24751
24765
24771
24775
24793
24865
24867
24873
24875
24998
25446
25447
25448
25502
25504
25526
25528
25542
25544
25545
25614
25616
25617
25922
25924
25930
25932
25986
25988
25994
25996
25999
26083
26089
26093
26135
26149
26155
26159
26177
26610
26613
26615
26616
26620
26640
26644
26650
26654
28794
28795
28796
28798
28800
28801
28802
28804
28805
28985
29007
29018
29019
29020
29021
29025
29026
29027
29028
29029
29031
29114
29115
29116
29121
29122
29124
29125
29127
29167
29178
29180
29181
29186
29187
29188
29190
29191
29192
29206
29209
29433
29455
29466
29468
29469
29474
29475
29476
29478
29479
29480
30569
30655
30698
30700
30706
30708
30711
30730
30731
30732
30737
30738
30740
30741
30751
30954
30956
30957
30962
30963
30964
30967
30986
30987
30988
30993
30994
30996
30997
31007
31339
31342
31344
31345
31349
31366
31368
31369
31373
31379
31382
31383
31384
31550
31551
31552
31553
31606
31608
31609
31630
31631
31632
31643
31646
31648
31649
31650
31653
31709
31715
31718
31719
31720
31721
33697
33698
33699
33709
33711
33712
33718
33721
33722
33723
33724
33728
33737
33739
33740
33808
33814
33817
33819
33820
33821
33823
33824
33830
33833
33834
33835
33836
33854
33857
33858
33859
33860
33864
33870
33873
33874
33875
33876
33880
43323
43326
43327
43328
43329
43330
43333
43338
43339
43340
43341
43345
43346
43347
43348
43349
43350
43351
43352
43353
43354
43356
43357
43362
43363
43364
43366
43367
43368
43369
44074
44076
44077
44082
44083
44084
44086
44087
44088
44089
44171
44174
44175
44176
44177
44178
44180
44181
44218
44219
44220
44221
44222
44223
44224
44225
44226
44227
44228
44229
44231
44237
44243
44246
44247
44248
44249
44250
44251
44252
44253
44257
44258
44259
44260
44261
44262
44263
44264
44265
44270
44271
44272
44558
44559
44560
44602
44603
44604
44605
44606
44608
44609
44610
44611
44612
44613
44614
44615
44616
44630
44632
44633
44634
44635
44636
44637
44638
44640
44641
44642
44643
44644
44645
44646
44647
44648
44654
44655
44656
44657
44661
44726
44728
44729
44814
44815
44816
44817
44858
44859
44860
44861
44865
44866
44867
44868
44869
44870
44871
44872
44873
44889
44890
44891
44892
44893
44894
44895
44896
44897
44898
44899
44900
44901
44903
44907
44910
44911
44912
44913
44917
44973
44979
44982
44983
44984
44985
45881
45967
46010
46011
46012
46013
46018
46019
46020
46021
46022
46023
46024
46025
46042
46043
46044
46046
46047
46048
46049
46050
46052
46053
46058
46059
46060
46061
46062
46063
46064
46065
46066
46067
46068
46069
46071
50422
50424
50425
50766
50767
50768
50938
50939
50940
50941
50942
50944
50945
50946
50947
50948
50949
50951
50969
50970
50971
50972
50973
50977
50978
50979
50980
50981
50983
50991
50992
51066
51067
51068
51070
51072
51073
51074
51076
51077
51094
51096
51097
51098
51099
51100
51101
51106
51107
51108
51109
51110
51111
51112
51119
51150
51151
51152
51449
51791
51962
51963
51964
51965
51970
51971
51972
51974
51975
51976
51994
51995
51996
51998
51999
52000
52001
52002
52004
52005
52011
52014
52015
52016
52017
52021
52091
52094
52095
52096
52097
52101
52106
52109
52115
52118
52119
52120
52121
52122
52124
52125
52130
52131
52132
52134
52135
52136
52137
52170
52171
52172
52174
52175
52176
52177
52178
52180
52181
53502
53503
53504
53514
53515
53516
53517
53521
53522
53523
53524
53525
53526
53527
53528
53542
53544
53545
53577
53599
53610
53612
53613
53618
53619
53620
53622
53623
53624
53625
53629
53635
53638
53639
53640
53641
53662
53663
53664
53665
53674
53675
53676
53677
53678
53680
53681
53682
53683
53684
53685
53687
54334
54335
54336
54346
54347
54348
54349
54353
54354
54355
54356
54357
54358
54359
54360
54374
54376
54377
54537
54559
54570
54571
54572
54573
54578
54579
54580
54581
54582
54583
54584
54585
54666
54667
54668
54670
54671
54672
54673
54674
54676
54677
54714
54715
54716
54718
54719
54720
54721
54722
54724
54725
54730
54732
54733
54738
54739
54740
54742
54743
54744
54745
54746
54748
54749
54754
54755
54756
54758
54759
54760
54761
54767
54973
54979
54982
54983
54984
54985
55003
55006
55007
55008
55009
55013
55018
55019
55020
55021
55022
55024
55025
55026
55027
55028
55029
55031
63378
63389
63390
63391
63392
63393
63394
63395
63396
63397
63398
63399
63400
63401
63402
63403
63417
63420
63440
63446
63449
63450
63451
63452
63470
63473
63474
63475
63476
63480
63485
63486
63487
63488
63489
63491
63492
63493
63494
63495
63496
63497
63498
63499
63500
63504
63510
63513
63515
63516
63537
63538
63539
63549
63550
63551
63552
63553
63555
63556
63557
63558
63559
63560
63561
63562
63563
63564
63833
63835
63836
63858
63869
63870
63871
63872
63876
63877
63878
63879
63880
63881
63882
63883
63884
63885
63887
63888
63893
63894
63895
63897
63898
63899
63900
63917
63918
63919
63921
63922
63923
63924
63925
63927
63928
63933
63934
63935
63936
63937
63938
63939
63940
63941
63942
63943
63944
63945
63946
63947
64014
64017
64018
64019
64020
64024
64029
64030
64031
64032
64033
64035
64036
64037
64038
64039
64040
64041
64042
64043
64044
64045
64047
64048
64054
64057
64058
64059
64060
64081
64082
64083
64093
64094
64095
64096
64097
64098
64099
64100
64101
64102
64103
64104
64105
64106
64107
64121
64123
64124
135559
135560
135561
135562
135563
135564
