1988
1989
1990
1991
1992
1993
1994
4088
4089
4090
4091
4092
4093
6195
6196
6197
6198
6199
6200
8266
8267
8268
8269
8270
8271
10349
10350
10351
10352
10353
10356
73193
73197
73203
73538
73540
73554
73556
73578
73580
73670
73676
73680
73754
75056
75058
75064
75066
75120
75121
75122
75127
75128
75130
75131
75205
75218
75219
75224
75225
75226
75229
75247
75281
75287
75291
75588
75590
75612
75614
75628
75630
75699
75705
75709
75727
75749
75761
75767
75771
75924
75926
81023
81109
81152
81153
81154
81155
81159
81160
81161
81162
81163
81165
81183
81184
81185
81186
81187
81191
81192
81193
81194
81195
81197
81205
81279
81365
81408
81409
81410
81411
81412
81414
81415
81416
81418
81419
81436
81438
81439
81440
81442
81443
81448
81449
81450
81452
81453
81454
81748
81749
81750
81795
81800
81801
81802
81804
81805
81806
81824
81825
81826
81828
81830
81831
81832
81834
81835
81844
81845
81846
81916
81918
81919
82049
82052
82054
82055
82059
82067
82073
82076
82077
82078
82079
82083
82089
82092
82093
82094
83280
83281
83282
83287
83288
83290
83291
83343
83365
83376
83377
83378
83383
83384
83386
83387
83440
83442
83443
83448
83449
83450
83453
83724
83726
83727
83745
83748
83749
83750
83755
83761
83764
83765
83766
83767
83771
83827
83833
83836
83837
83838
83921
83924
83926
83927
83931
83972
83973
83974
83987
83993
83996
83997
83998
84012
84014
84015
84613
84624
84626
84632
84634
84655
103503
103505
103506
103847
103848
103849
104019
104020
104021
104022
104023
104024
104025
104026
104027
104028
104029
104030
104031
104032
104033
104034
104038
104044
104047
104048
104049
104050
104051
104052
104053
104054
104055
104056
104057
104058
104059
104060
104061
104062
104063
104064
104065
104066
104068
104071
104072
104073
104074
104078
104134
104140
104143
104144
104145
104146
104147
104148
104149
104150
104151
104153
104154
104155
104156
104157
104158
104159
104160
104161
104162
104166
104172
104175
104176
104177
104178
104179
104180
104181
104182
104183
104184
104185
104186
104187
104188
104189
104190
104191
104192
104193
104194
104196
104199
104200
104201
104202
104206
104231
104232
104233
104518
104524
104527
104528
104529
104530
104868
104871
104872
104873
104874
104878
105043
105044
105045
105046
105047
105048
105049
105050
105051
105052
105053
105054
105055
105056
105057
105062
105068
105071
105072
105073
105074
105075
105076
105077
105078
105079
105081
105082
105083
105084
105085
105086
105087
105088
105089
105090
105095
105096
105097
105155
105157
105158
105163
105164
105165
105167
105168
105169
105170
105171
105172
105173
105174
105178
105179
105180
105181
105182
105183
105184
105185
105186
105199
105201
105202
105203
105204
105205
105206
105207
105208
105209
105210
105211
105212
105213
105214
105215
105216
105219
105220
105223
105224
105225
105226
105230
105256
106392
106403
106404
106405
106406
106407
106408
106409
106410
106411
106412
106413
106414
106416
106434
106579
106581
106582
106587
106588
106589
106591
106592
106593
106594
106611
106612
106613
106615
106616
106617
106618
106619
106621
106622
106627
106628
106629
106631
106632
106633
106634
106635
106637
106638
106706
106707
106708
106709
106710
106711
106712
106713
106714
106715
106716
106717
106718
106720
106723
106725
106726
106731
106732
106733
106735
106736
106737
106738
106739
106740
106741
106742
106746
106747
106748
106749
106750
106751
106752
106753
106754
106760
106787
106788
106789
106791
106792
106793
106794
106795
106797
106798
107075
107077
107078
107082
107083
107084
107085
107086
107087
107088
107089
107090
107603
107604
107605
107607
107608
107609
107610
107611
107613
107614
107619
107620
107621
107622
107626
107627
107628
107629
107630
107631
107632
107633
107634
107638
107644
107647
107648
107649
107650
107682
107704
107715
107716
107717
107718
107722
107723
107724
107725
107726
107727
107728
107729
107730
107734
107740
107743
107744
107745
107746
107764
107767
107768
107769
107770
107774
107779
107780
107781
107782
107783
107784
107785
107786
107787
107788
107789
107790
107792
112488
112531
112532
112533
112535
112537
112538
112539
112541
112542
112559
112560
112561
112562
112563
112565
112566
112571
112572
112573
112575
112576
112577
112658
112774
112780
112783
112784
112785
112786
112868
112871
112872
112873
112874
112878
112915
112916
112917
112919
112920
112921
112922
112923
112925
112926
112931
112933
112934
112939
112940
112941
112943
112944
112945
112946
112950
112956
112959
112960
112961
112962
113171
113173
113174
113179
113180
113181
113183
113184
113185
113186
113203
113204
113205
113207
113208
113209
113210
113211
113213
113214
113220
113223
113224
113225
113226
113230
114274
114295
114296
114297
114307
114308
114309
114310
114311
114313
114314
114315
114316
114317
114318
114319
114320
114321
114391
114392
114393
114403
114404
114405
114406
114407
114409
114410
114411
114412
114413
114414
114415
114416
114417
114431
114433
114434
114455
114456
114457
114467
114468
114469
114470
114471
114472
114473
114474
114475
114476
114477
114478
114479
114480
114481
114495
114497
114498
114719
114721
114722
114743
114744
114745
114755
114756
114757
114758
114759
114761
114762
114763
114764
114765
114766
114768
115092
115095
115096
115097
115098
115102
115107
115108
115109
115110
115114
115115
115116
115117
115118
115119
115120
115121
115135
115136
115137
115138
115288
115299
115300
115301
115302
115303
115304
115305
115306
115307
115308
115309
115310
115312
115330
115350
115356
115359
115360
115361
115362
115380
115383
115384
115385
115386
115390
115395
115396
115397
115399
115400
115401
115402
115403
115405
115406
115459
115461
115462
115466
115467
115468
115469
115471
115472
115473
115474
117863
117864
117865
117907
117908
117909
117910
117914
117915
117916
117917
117918
117919
117920
117921
117938
117939
117940
117941
117942
117943
117945
117946
117947
117948
117949
117950
117952
117960
118031
118033
118034
135736
135737
135738
135739
135740
135741
