1718
1719
1720
1721
1730
1731
1732
3822
3823
3824
3825
3826
3828
3835
5982
5983
5984
5985
5986
5989
5996
8059
8060
8061
8062
8064
8065
8066
10205
10206
10207
10208
10209
10210
10211
24745
24749
24755
24759
24779
24785
24789
24798
24885
24889
24895
24899
25413
25419
25422
25423
25424
25438
25440
25441
25462
25463
25464
25478
25480
25558
25560
25582
25584
25598
25600
25638
25640
25939
25945
25949
25969
25973
25979
25983
26062
26064
26078
26080
26102
26104
26118
26120
26249
28662
28664
28665
28686
28687
28688
28698
28699
28700
28702
28704
28705
28706
28708
28709
28762
28764
28765
28770
28771
28772
28774
28775
28776
28847
28858
28859
28860
28861
28862
28864
28865
28866
28868
28869
28889
28911
28922
28923
28924
28925
28929
28930
28931
28932
28933
28935
28953
29231
29242
29243
29244
29245
29249
29250
29251
29252
29253
29255
29273
29305
29327
29338
29339
29340
29341
29345
29346
29347
29348
29349
29351
29369
29391
29402
29403
29404
29405
29409
29410
29411
29412
29413
29415
29551
29562
29563
29564
29569
29570
29572
29573
29593
30766
30767
30768
30781
30787
30790
30791
30792
30806
30808
30809
30877
30883
30886
30887
30888
30902
30904
30905
30926
30927
30928
30939
30942
30944
30945
30949
31258
31260
31261
31266
31267
31268
31271
31289
31311
31322
31323
31324
31329
31330
31332
31333
31407
31418
31420
31421
31426
31427
31428
31431
31449
31482
31483
31484
31489
31490
31492
31493
32094
32097
32099
32100
32104
42794
42796
42797
42802
42803
42804
42806
42807
42808
42809
42879
42890
42891
42892
42894
42895
42896
42897
42898
42900
42901
42938
42939
42940
42941
42942
42943
42944
42945
42946
42947
42948
42949
42951
42954
42955
42956
42957
42961
42962
42963
42964
42965
42966
42967
42968
42969
42970
42971
42972
42973
42977
42978
42979
42980
42981
42982
42983
42984
42985
42991
43065
43151
43194
43195
43196
43197
43201
43202
43203
43204
43205
43206
43207
43208
43209
43225
43226
43227
43228
43229
43230
43231
43232
43233
43234
43235
43236
43237
43239
43242
43243
43244
43246
43247
43248
43249
43250
43252
43253
43535
43578
43579
43580
43581
43582
43583
43584
43585
43586
43587
43588
43589
43591
43594
43596
43597
43602
43603
43604
43606
43607
43608
43609
43610
43611
43612
43613
43617
43618
43619
43620
43621
43622
43623
43624
43625
43631
43705
43786
43787
43788
43790
43791
43792
43793
43794
43796
43797
43834
43835
43836
43837
43840
43841
43842
43843
43844
43845
43846
43847
43848
43849
43862
43864
43865
43866
43867
43868
43869
43870
43871
43872
43873
43874
43875
43876
43877
43878
43879
43880
43883
43886
43887
43888
43889
43893
43948
43949
43954
43955
43956
43958
43959
43960
43961
45070
45071
45072
45114
45115
45116
45117
45118
45120
45121
45122
45123
45124
45125
45126
45127
45128
45142
45144
45145
45146
45147
45148
45149
45150
45152
45153
45154
45155
45156
45157
45158
45159
45160
45166
45167
45168
45238
45240
45241
45357
45363
45366
45367
45368
45369
45451
45454
45455
45456
45457
45461
45498
45499
45500
45501
45502
45503
45504
45505
45506
45507
45508
45509
45510
45511
45512
45517
45523
45526
45527
45528
45529
45530
45531
45532
45533
45534
45536
45537
45538
45539
45540
45541
45542
45543
45544
45545
45550
45551
45552
45622
45624
45625
45710
45711
45712
45754
45755
45756
45757
45758
45760
45761
45762
45763
45764
45765
45766
45767
45768
45769
45782
45784
45785
45786
45787
45788
45789
45790
45791
45792
45793
45794
45795
45796
45797
45798
45799
45800
45803
45806
45807
45808
46350
46351
46352
46394
46395
46396
46397
46398
46400
46401
46402
46403
46404
46405
46406
46407
46408
46422
46424
46425
46426
46427
46428
46429
46430
46432
46433
46434
46435
46436
46437
46438
46439
46440
46446
46447
46448
46518
46520
46521
51210
51211
51212
51214
51216
51217
51218
51220
51221
51261
51267
51270
51271
51272
51273
51291
51294
51295
51296
51297
51301
51306
51307
51308
51310
51311
51312
51313
51314
51316
51317
51370
51372
51373
51378
51379
51380
51382
51383
51384
51645
51651
51654
51655
51656
51657
51674
51675
51676
51678
51679
51680
51681
51682
51684
51685
51691
51694
51695
51696
51697
51701
51754
51756
51757
51762
51763
51764
51766
51767
51768
51769
51850
51851
51852
51854
51855
51856
51857
51858
51860
51861
51899
51902
51903
51904
51905
51909
51914
51916
51917
51922
51923
51924
51926
51927
51928
51929
51933
51939
51942
51943
51944
51945
53049
53135
53178
53179
53180
53181
53185
53186
53187
53188
53189
53190
53191
53192
53193
53209
53210
53211
53212
53213
53214
53215
53216
53217
53218
53219
53220
53221
53223
53227
53230
53231
53232
53237
53293
53299
53302
53303
53304
53305
53387
53390
53391
53392
53393
53397
53434
53435
53436
53437
53438
53439
53440
53441
53442
53443
53444
53445
53447
53453
53459
53462
53463
53464
53465
53466
53467
53468
53469
53473
53474
53475
53476
53477
53478
53479
53480
53481
53487
53771
53774
53775
53776
53777
53781
53818
53820
53821
53826
53827
53828
53830
53831
53832
53833
53849
53850
53851
53852
53853
53854
53855
53856
53857
53858
53859
53860
53861
53867
53870
53871
53872
53873
53877
53933
53939
53942
53943
53944
53945
54074
54075
54076
54078
54079
54080
54081
54082
54084
54085
54093
54099
54102
54103
54104
54105
54106
54108
54109
54114
54115
54116
54118
54119
54120
54121
56613
56614
56615
56625
56627
56628
56633
56634
56635
56637
56638
56639
56653
56655
56656
135598
135599
135600
135601
135602
135603
135604
