1618
1619
1620
1625
1630
1631
1632
3723
3728
3729
3730
3732
3735
5889
5890
5891
5892
5893
5895
5896
7965
7966
7967
7968
7969
7970
7971
8965
9536
9537
9538
9539
9540
9541
9542
24674
24686
24808
24814
24841
24843
24860
24981
24983
24994
25020
25033
25035
25511
25685
25691
25694
25696
25718
25720
25731
25737
25741
25826
25828
25834
25836
25839
25893
25899
25904
25921
26193
26545
26547
26553
26555
26558
26578
26584
26588
26597
26598
26599
26678
26692
26698
26701
26703
26717
26720
26753
26754
26755
26761
26763
26764
26766
29054
29055
29056
29741
29747
29750
29752
29753
29774
29775
29776
29786
29787
29788
29793
29794
29796
29797
29799
29882
29883
29884
29889
29890
29892
29893
29895
29935
29936
29949
29955
29958
29960
29961
29965
29974
29976
29977
30314
30315
30316
30322
30324
30325
30327
30347
30353
30354
30356
30357
30366
30367
30368
30527
30573
30579
30582
30584
30585
30606
30607
30608
30619
30625
30626
30628
30629
30694
30696
30697
31773
31779
31782
31784
31785
33437
33438
33439
33444
33445
33447
33448
33450
33469
33470
33471
33476
33477
33479
33480
33482
33489
33490
33491
33569
33570
33571
33584
33590
33593
33595
33596
33600
33606
33609
33611
33612
33645
33646
33647
33652
33653
33655
33656
33658
33969
33970
33971
34016
34022
34025
34027
34028
34049
34050
34051
34061
34062
34063
34068
34069
34070
34071
34072
34074
34125
34128
34134
34137
34138
34139
34140
34269
34270
34271
34273
34275
34276
34277
34279
34280
34282
34301
34302
34303
34304
34308
34309
34310
34311
34312
34314
34321
34322
34323
44366
44367
44368
44369
47098
47099
47100
47101
47106
47107
47108
47110
47111
47112
47113
47131
47134
47135
47136
47137
47141
47146
47147
47148
47149
47150
47152
47153
47154
47155
47156
47157
47159
47231
47242
47243
47244
47245
47246
47248
47249
47250
47251
47252
47253
47254
47255
47256
47273
47294
47295
47296
47297
47306
47308
47309
47314
47315
47316
47318
47319
47320
47321
47322
47324
47325
47331
47334
47335
47336
47337
47674
47675
47676
47677
47678
47680
47681
47682
47683
47684
47685
47687
47688
47706
47707
47708
47709
47710
47712
47713
47714
47715
47716
47717
47719
47723
47726
47727
47728
47729
47733
47801
47886
47887
47888
47889
47930
47932
47933
47939
47942
47943
47944
47945
47966
47967
47968
47969
47978
47979
47980
47981
47982
47984
47985
47986
47987
47988
47989
47991
48042
48044
48045
48051
48054
48055
48056
48057
49402
49403
49404
49405
49406
49408
49409
49410
49411
49412
49413
49415
49434
49435
49436
49437
49438
49440
49441
49442
49443
49444
49445
49447
49454
49455
49456
49457
49534
49535
49536
49537
49546
49548
49549
49555
49558
49559
49560
49561
49562
49564
49565
49571
49574
49575
49576
49577
49610
49611
49612
49613
49614
49616
49617
49618
49619
49620
49621
49623
50254
50255
50256
50257
50426
50429
50435
50438
50439
50440
50441
50462
50463
50464
50474
50475
50476
50477
50478
50481
50482
50483
50484
50485
50487
50570
50571
50572
50574
50576
50577
50578
50579
50580
50581
50583
50622
50623
50624
50625
50637
50643
50646
50648
50649
50650
50652
50653
50659
50662
50663
50664
50665
50922
50924
50925
50931
50934
50935
50936
50937
55274
55276
55277
55283
55286
55287
55288
55289
59618
62349
62350
62351
62352
62353
62355
62356
62357
62358
62359
62360
62361
62362
62363
62364
62381
62382
62383
62384
62385
62386
62387
62388
62389
62390
62391
62392
62394
62398
62401
62402
62403
62404
62405
62407
62408
62481
62482
62483
62484
62493
62494
62495
62496
62501
62502
62503
62504
62505
62506
62507
62508
62509
62511
62512
62518
62521
62522
62523
62524
62546
62557
62558
62559
62560
62561
62563
62564
62565
62566
62567
62568
62569
62570
62571
62572
62585
62587
62588
62881
62882
62883
62884
62888
62925
62926
62927
62928
62933
62934
62935
62936
62937
62938
62939
62940
62958
62961
62962
62963
62964
62965
62967
62968
62973
62974
62975
62976
62977
62978
62979
62980
62981
62982
62983
62984
62986
63037
63039
63040
63046
63049
63050
63051
63052
63138
63181
63182
63183
63184
63185
63187
63188
63189
63190
63191
63192
63193
63194
63195
63196
63212
63213
63214
63215
63216
63217
63218
63219
63220
63221
63222
63223
63224
63226
63227
63230
63231
63233
63234
63235
63236
63237
63239
63240
63305
63307
63308
64478
64481
64482
64483
64484
64485
64487
64488
64653
64654
64655
64656
64661
64662
64663
64664
64665
64666
64667
64668
64686
64689
64690
64691
64692
64693
64695
64696
64701
64702
64703
64704
64705
64706
64707
64708
64709
64710
64711
64712
64713
64714
64715
64786
64787
64797
64798
64799
64800
64801
64803
64804
64805
64806
64807
64808
64809
64810
64811
64812
64816
64825
64827
64828
64846
64849
64850
64851
64852
64856
64861
64862
64863
64864
64868
64869
64870
64871
64872
64873
64874
64875
64876
64877
64879
64880
64885
64886
64887
64889
64890
64891
64892
65116
65138
65149
65150
65151
65152
65157
65158
65159
65161
65162
65163
65164
65506
65677
65678
65679
65680
65681
65682
65683
65684
65685
65686
65687
65688
65689
65690
65691
65692
65705
65707
65708
65709
65710
65711
65712
65713
65714
65715
65716
65717
65718
65719
65720
65721
65722
65723
65724
65726
65729
65730
65731
65732
65733
65736
65792
65793
65795
65796
65797
65798
65799
65800
65801
65802
65804
65807
65809
65810
65815
65816
65817
65819
65820
65821
65822
65823
65824
65825
65826
65830
65831
65832
65833
65834
65835
65836
65837
65838
65843
65844
65845
65860
65871
65872
65873
65874
65875
65876
65877
65878
65894
66151
66153
66154
70387
70390
