1498
1499
1500
1502
1503
1513
1514
1516
3412
3611
3612
3624
3625
3626
3627
3628
3629
5551
5812
5813
5815
5824
5827
5828
5829
5830
7894
7895
7896
7905
7906
7907
7908
7909
9735
10067
10068
10069
10074
10075
10079
10080
10081
73277
73282
73628
73835
73844
73847
73937
73946
73949
74018
74037
75408
75410
75411
75417
75420
75422
76127
76140
76143
76229
76256
76259
76265
76268
76270
76271
76304
76306
76313
76318
76676
76678
76679
76705
76712
76714
76717
76726
76881
76888
76890
76891
76893
76993
77000
77002
77003
77005
77028
77031
77035
77044
77047
77051
77076
77078
77079
82560
82562
82563
82569
82572
82573
82574
82597
82598
82609
82610
82616
82618
82619
82621
85333
85391
85424
85427
85433
85436
85438
85439
85440
85443
85452
85455
85477
85488
85490
85491
85497
85500
85502
85503
85844
85845
85846
85847
85952
85954
85955
85961
85964
85966
85967
85989
85990
86000
86001
86002
86003
86008
86009
86010
86012
86013
86014
86037
86145
86146
86152
86154
86155
86157
86180
86182
86183
86187
86193
86196
86199
86200
86202
86203
86205
87632
87633
87634
87635
87640
87641
87642
87643
87644
87645
87646
87745
87748
87750
87751
87752
87755
87777
87778
87783
87784
87786
87787
87789
87796
87797
87798
87799
87825
87828
87830
87831
87832
87834
87835
87837
88452
88453
88454
88455
88480
88481
88482
88483
88489
88490
88492
88493
88494
88495
88501
88502
88900
88901
88902
88903
88915
88924
88927
88928
88929
88930
88931
88937
88938
88940
88941
88942
88943
88949
89029
89040
89042
89043
89049
89052
89054
89055
89056
89058
89059
89065
89068
89070
89071
89093
89104
89106
89107
89113
89116
89118
89119
89120
89123
89132
89134
89135
89232
89233
89234
89235
89240
89241
89242
89243
89244
89245
89246
89247
109651
109652
109653
109655
109657
109658
109659
109660
109661
109662
109664
109665
109684
109687
109689
109690
109691
109693
109694
109696
109700
109703
109705
109706
109707
109709
109710
109712
109796
109797
109799
109801
109802
109803
109805
109806
109808
109844
109847
109848
109849
109850
109851
109854
109875
109876
109877
109878
109882
109883
109884
109885
109886
109888
109889
109895
109896
109897
109898
120740
120743
120744
120745
120746
120747
120750
120975
120978
121107
121109
121110
121116
121119
121121
121122
121144
121155
121157
121158
121164
121167
121169
121170
121171
121173
121174
121180
121183
121184
121185
121186
121208
121209
121219
121220
121221
121222
121227
121228
121229
121231
121232
121233
121234
121319
121320
121321
121322
121363
121364
121365
121366
121371
121372
121373
121374
121375
121376
121377
121378
121399
121400
121401
121402
121411
121412
121413
121414
121418
121419
121420
121421
121422
121423
121424
121425
121426
121512
122788
122791
122792
122793
122794
122795
122797
122798
122800
123026
123155
123158
123167
123169
123170
123192
123203
123205
123206
123212
123215
123217
123218
123219
123220
123221
123222
123227
123228
123229
123231
123232
123233
123234
123255
123256
123257
123258
123267
123268
123269
123270
123275
123276
123277
123278
123279
123280
123281
123282
123367
123368
123369
123370
123411
123412
123413
123414
123418
123419
123420
123421
123422
123423
123424
123425
123426
123444
123447
123448
123449
123450
123451
123454
123459
123460
123461
123462
123463
123465
123466
123467
123468
123469
123470
123471
123472
123473
123474
123560
123561
123987
123988
123989
123991
123993
123994
123995
123996
123997
123998
124000
124001
124020
124021
124023
124024
124025
124026
124027
124028
124029
124030
124032
124036
124039
124040
124041
124042
124043
124045
124046
124048
124131
124132
124133
124134
124135
124137
124138
124139
124140
124141
124142
124143
124144
124145
124146
124180
124183
124184
124185
124186
124187
124189
124190
124192
124210
124211
124212
124213
124214
124215
124217
124218
124219
124220
124221
124222
124223
124224
124225
124226
124231
124232
124233
124234
124235
124238
129793
129794
129795
129796
129797
129800
129805
129807
129808
129814
129817
129819
129820
129821
129822
129823
129824
129829
129830
129831
129832
129833
129834
129835
129836
129841
129842
129843
129844
130241
130242
130243
130244
130253
130255
130256
130262
130265
130267
130268
130269
130270
130271
130272
130277
130278
130279
130280
130281
130282
130283
130284
130289
130290
130291
130292
130369
130370
130371
130381
130382
130383
130384
130389
130390
130391
130393
130394
130395
130396
130397
130399
130400
130406
130407
130409
130410
130411
130412
130418
130434
130435
130445
130446
130447
130448
130453
130454
130455
130456
130457
130458
130459
130460
130461
130463
130464
130470
130473
130474
130475
130476
130482
130562
130573
130574
130575
130576
130580
130581
130582
130583
130584
130585
130586
130587
130588
130589
130592
130598
130601
130603
130604
133058
133069
133070
133071
133072
133073
133075
133076
133077
133078
133079
133080
133081
133082
133083
133084
133085
133088
133097
133099
133100
133182
133183
133185
133186
133187
133188
133189
133191
133192
133194
133212
133213
133214
133215
133216
133217
133219
133220
133221
133222
133223
133224
133225
133226
133227
133228
133230
133233
133234
133235
133236
133237
133239
133240
133242
133261
133262
133263
133264
133265
133266
133267
133268
133269
133270
133271
133272
133273
133274
133275
133276
134437
134442
134443
134444
134449
134450
134451
134452
134453
134454
134455
134456
134457
134458
134459
134460
134465
134466
134467
134468
134469
134470
134471
134473
134490
134491
134806
134809
134810
134811
134812
134813
134815
134816
134818
134853
134856
134862
134865
134867
134868
134890
134901
134903
134904
134910
134913
134915
134916
134917
134918
134919
134920
134921
134924
134925
134926
134927
134928
134929
134930
134931
134932
134950
134953
134954
134955
134956
134957
134959
134960
134965
134966
134967
134968
134969
134971
134972
134973
134974
134975
134976
134977
134978
134979
134980
135001
135002
135003
135004
135109
135110
135111
135112
135113
135115
135116
135117
135118
135119
135120
135121
135122
135123
135124
135141
135142
135143
135145
135146
135147
135148
135149
135150
135151
135152
135154
135155
135157
135158
135159
135160
135161
135162
135163
135164
135165
135166
135167
135168
135169
135170
135171
135236
