1723
1724
1725
1726
1727
1728
1729
3829
3830
3831
3832
3833
3834
5990
5991
5992
5993
5994
5995
6918
6958
8067
8068
8069
8070
8071
8072
8957
8960
8989
8994
10212
10213
10214
10215
10216
10219
24742
24744
24758
24760
24782
24784
24869
25410
25412
25418
25420
25474
25475
25476
25481
25482
25484
25485
25559
25572
25573
25578
25579
25580
25583
25601
25635
25641
25645
25942
25944
25966
25968
25982
25984
26053
26059
26063
26081
26103
26115
26121
26125
26248
26250
28521
28607
28650
28651
28652
28653
28657
28658
28659
28660
28661
28663
28681
28682
28683
28684
28685
28689
28690
28691
28692
28693
28695
28703
28777
28863
28906
28907
28908
28909
28910
28912
28913
28914
28916
28917
28934
28936
28937
28938
28940
28941
28946
28947
28948
28950
28951
28952
29246
29247
29248
29293
29298
29299
29300
29302
29303
29304
29322
29323
29324
29326
29328
29329
29330
29332
29333
29342
29343
29344
29414
29416
29417
29547
29550
29552
29553
29557
29565
29571
29574
29575
29576
29577
29581
29587
29590
29591
29592
30778
30779
30780
30785
30786
30788
30789
30841
30863
30874
30875
30876
30881
30882
30884
30885
30938
30940
30941
30946
30947
30948
30951
31222
31224
31225
31243
31246
31247
31248
31253
31259
31262
31263
31264
31265
31269
31325
31331
31334
31335
31336
31419
31422
31424
31425
31429
31470
31471
31472
31485
31491
31494
31495
31496
31510
31512
31513
32082
32093
32095
32101
32103
32124
42230
42232
42233
42574
42575
42576
42746
42747
42748
42749
42750
42751
42752
42753
42754
42755
42756
42757
42758
42759
42760
42761
42765
42771
42774
42775
42776
42777
42778
42779
42780
42781
42782
42783
42784
42785
42786
42787
42788
42789
42790
42791
42792
42793
42795
42798
42799
42800
42801
42805
42861
42867
42870
42871
42872
42873
42874
42875
42876
42877
42878
42880
42881
42882
42883
42884
42885
42886
42887
42888
42889
42893
42899
42902
42903
42904
42905
42906
42907
42908
42909
42910
42911
42912
42913
42914
42915
42916
42917
42918
42919
42920
42921
42923
42926
42927
42928
42929
42933
42958
42959
42960
43245
43251
43254
43255
43256
43257
43595
43598
43599
43600
43601
43605
43770
43771
43772
43773
43774
43775
43776
43777
43778
43779
43780
43781
43782
43783
43784
43789
43795
43798
43799
43800
43801
43802
43803
43804
43805
43806
43808
43809
43810
43811
43812
43813
43814
43815
43816
43817
43822
43823
43824
43882
43884
43885
43890
43891
43892
43894
43895
43896
43897
43898
43899
43900
43901
43905
43906
43907
43908
43909
43910
43911
43912
43913
43926
43928
43929
43930
43931
43932
43933
43934
43935
43936
43937
43938
43939
43940
43941
43942
43943
43946
43947
43950
43951
43952
43953
43957
43983
45119
45130
45131
45132
45133
45134
45135
45136
45137
45138
45139
45140
45141
45143
45161
45306
45308
45309
45314
45315
45316
45318
45319
45320
45321
45338
45339
45340
45342
45343
45344
45345
45346
45348
45349
45354
45355
45356
45358
45359
45360
45361
45362
45364
45365
45433
45434
45435
45436
45437
45438
45439
45440
45441
45442
45443
45444
45445
45447
45450
45452
45453
45458
45459
45460
45462
45463
45464
45465
45466
45467
45468
45469
45473
45474
45475
45476
45477
45478
45479
45480
45481
45487
45514
45515
45516
45518
45519
45520
45521
45522
45524
45525
45802
45804
45805
45809
45810
45811
45812
45813
45814
45815
45816
45817
46330
46331
46332
46334
46335
46336
46337
46338
46340
46341
46346
46347
46348
46349
46353
46354
46355
46356
46357
46358
46359
46360
46361
46365
46371
46374
46375
46376
46377
46409
46431
46442
46443
46444
46445
46449
46450
46451
46452
46453
46454
46455
46456
46457
46461
46467
46470
46471
46472
46473
46491
46494
46495
46496
46497
46501
46506
46507
46508
46509
46510
46511
46512
46513
46514
46515
46516
46517
46519
51215
51258
51259
51260
51262
51264
51265
51266
51268
51269
51286
51287
51288
51289
51290
51292
51293
51298
51299
51300
51302
51303
51304
51385
51501
51507
51510
51511
51512
51513
51595
51598
51599
51600
51601
51605
51642
51643
51644
51646
51647
51648
51649
51650
51652
51653
51658
51660
51661
51666
51667
51668
51670
51671
51672
51673
51677
51683
51686
51687
51688
51689
51898
51900
51901
51906
51907
51908
51910
51911
51912
51913
51930
51931
51932
51934
51935
51936
51937
51938
51940
51941
51947
51950
51951
51952
51953
51957
53001
53022
53023
53024
53034
53035
53036
53037
53038
53040
53041
53042
53043
53044
53045
53046
53047
53048
53118
53119
53120
53130
53131
53132
53133
53134
53136
53137
53138
53139
53140
53141
53142
53143
53144
53158
53160
53161
53182
53183
53184
53194
53195
53196
53197
53198
53199
53200
53201
53202
53203
53204
53205
53206
53207
53208
53222
53224
53225
53446
53448
53449
53470
53471
53472
53482
53483
53484
53485
53486
53488
53489
53490
53491
53492
53493
53495
53819
53822
53823
53824
53825
53829
53834
53835
53836
53837
53841
53842
53843
53844
53845
53846
53847
53848
53862
53863
53864
53865
54015
54026
54027
54028
54029
54030
54031
54032
54033
54034
54035
54036
54037
54039
54057
54077
54083
54086
54087
54088
54089
54107
54110
54111
54112
54113
54117
54122
54123
54124
54126
54127
54128
54129
54130
54132
54133
54186
54188
54189
54193
54194
54195
54196
54198
54199
54200
54201
56565
56566
56567
56609
56610
56611
56612
56616
56617
56618
56619
56620
56621
56622
56623
56640
56641
56642
56643
56644
56645
56647
56648
56649
56650
56651
56652
56654
56662
56733
56735
56736
135605
135606
135607
135608
135609
135610
