1875
1882
1886
1887
1888
1889
3979
3980
3981
3983
3984
3985
3986
6087
6088
6089
6090
6091
6092
6093
8157
8158
8159
8160
8161
8162
8163
9961
9962
9963
9964
9965
9966
73259
73606
73608
73619
73644
73657
73859
73865
73892
73894
73911
75328
75330
75338
75341
75367
75371
75380
75382
75475
75481
75536
75538
75549
76181
76355
76361
76364
76366
76388
76390
76401
76407
76411
76496
76498
76504
76506
76509
76549
76563
76569
76572
76574
76591
76863
82240
82241
82242
82247
82248
82250
82251
82253
82273
82279
82280
82282
82283
82292
82293
82294
82373
82387
82393
82396
82398
82399
82412
82414
82415
82448
82449
82450
82456
82458
82459
82461
82773
82819
82825
82828
82830
82831
82852
82853
82854
82865
82871
82872
82874
82875
82940
82942
82943
83072
83073
83074
83080
83082
83085
83105
83111
83112
83115
83124
83126
85653
85654
86339
86345
86348
86350
86351
86372
86373
86374
86384
86385
86386
86391
86392
86394
86395
86397
86480
86481
86482
86487
86488
86490
86491
86493
86532
86533
86534
86547
86553
86556
86558
86559
86563
86569
86572
86574
86575
86912
86913
86914
86916
86918
86919
86920
86922
86923
86925
86944
86945
86946
86951
86952
86953
86954
86955
86957
86964
86965
86966
87124
87125
87126
87127
87171
87177
87180
87182
87183
87204
87205
87206
87216
87217
87218
87219
87223
87224
87225
87226
87227
87229
87280
87282
87283
87289
87292
87293
87294
87295
88371
88377
88380
88382
88383
108375
108376
108377
108378
108382
108387
108389
108390
108396
108397
108399
108400
108401
108402
108403
108405
108406
108411
108412
108413
108415
108416
108417
108418
108424
108499
108500
108501
108502
108503
108505
108506
108507
108508
108509
108510
108512
108530
108531
108532
108533
108534
108535
108537
108538
108539
108540
108541
108542
108543
108544
108545
108551
108552
108553
108554
108558
108580
108583
108584
108585
108586
108590
108899
108900
108901
108903
108904
108905
108906
108907
108909
108910
108912
108959
108962
108984
108995
108997
108998
109003
109004
109005
109007
109008
109009
109010
109011
109013
109014
109020
109023
109024
109025
109026
109047
109048
109049
109059
109060
109061
109062
109066
109067
109068
109069
109070
109071
109072
109073
109204
109207
109208
109209
109210
109211
109213
109214
109222
109228
109231
109233
109234
109235
109236
109237
109238
109243
109244
109245
109246
109247
109248
109249
109250
109256
110500
110503
110504
110505
110506
110510
110687
110689
110690
110712
110723
110724
110725
110726
110731
110732
110733
110734
110735
110736
110737
110738
110820
110823
110824
110825
110826
110827
110829
110830
110868
110871
110872
110873
110874
110875
110877
110878
110895
110897
110898
110899
110900
110901
110902
110907
110908
110909
110910
110911
110912
110913
110914
110920
110921
111135
111137
111138
111160
111171
111172
111173
111174
111179
111180
111181
111183
111184
111185
111186
111700
111701
111703
111705
111706
111707
111709
111710
111730
111731
111732
111733
111734
111738
111739
111740
111741
111742
111743
111744
111745
111752
111753
111831
111832
111833
111834
111838
111846
111855
111857
111858
111859
111861
111862
111868
111869
111871
111872
111873
111874
111880
111907
111908
111909
111911
111913
111914
111915
111917
111918
111920
122008
122019
122020
122021
122022
122023
122025
122026
122027
122028
122029
122030
122031
122032
122033
122050
124803
124805
124806
124812
124815
124816
124817
124818
124903
124904
124905
124906
124947
124948
124949
124950
124951
124953
124954
124955
124956
124957
124958
124959
124960
124961
124962
124979
124980
124981
124982
124983
124984
124985
124986
124987
124988
124989
124990
124992
124996
124999
125000
125001
125002
125003
125005
125006
125335
125336
125337
125338
125347
125348
125349
125350
125354
125355
125356
125357
125358
125359
125360
125361
125362
125363
125365
125366
125372
125375
125376
125377
125378
125527
125528
125529
125539
125540
125541
125542
125543
125545
125546
125547
125548
125549
125550
125551
125552
125553
125554
125558
125564
125567
125569
125570
125635
125638
125644
125647
125648
125649
125650
125651
125652
125653
125654
125658
125659
125660
125661
125662
125663
125664
125665
125666
125683
125684
125685
125687
125688
125689
125690
125691
125693
125694
125696
125699
125700
125701
125702
125703
125704
125705
125706
125707
125708
125709
125710
125712
125735
125736
125737
127063
127064
127065
127066
127075
127076
127077
127078
127079
127081
127082
127083
127084
127085
127086
127087
127088
127089
127090
127091
127093
127094
127100
127103
127104
127105
127106
127171
127174
127180
127183
127184
127185
127186
127187
127188
127189
127190
127191
127194
127195
127196
127197
127198
127199
127200
127201
127202
127219
127220
127221
127223
127224
127225
127226
127227
127228
127229
127230
127232
127235
127236
127237
127239
127240
127241
127242
127243
127244
127245
127246
127248
127271
127272
127273
127895
127896
127897
127898
127907
127908
127909
127910
127911
127913
127914
127915
127916
127917
127918
127919
127920
127921
127922
127923
127925
127926
127932
127935
127936
127937
127938
128131
128133
128134
128140
128141
128143
128144
128145
128146
128214
128217
128218
128219
128220
128224
128261
128262
128263
128264
128265
128267
128268
128269
128270
128271
128272
128273
128274
128275
128276
128285
128286
128287
128288
128289
128290
128291
128292
128293
128294
128295
128296
128297
128298
128299
128301
128302
128303
128305
128307
128308
128356
128362
128365
128367
128368
128453
128454
128455
128497
128498
128499
128500
128501
128504
128505
128506
128507
128508
128509
128510
128511
128512
128529
128530
128531
128533
128534
128535
128536
128537
128538
128539
128540
128542
128545
128546
128547
128548
128549
128550
128551
128552
128553
128554
128555
128556
128558
132601
132603
132604
132690
132733
132734
132735
132736
132741
132742
132743
132744
132745
132746
132747
132748
132766
132769
132770
132771
132772
132773
132776
132781
132782
132783
132784
132785
132787
132788
132789
132790
132791
132792
132794
132795
