1235
1236
1237
1239
1240
1250
1251
1253
3342
3343
3355
3356
3357
3358
3359
3360
5477
5478
5480
5489
5492
5493
5494
5495
6905
6912
7553
7554
7555
7564
7565
7566
7567
7568
9649
9650
9651
9656
9657
9661
9662
9663
24695
24706
24713
24828
24960
24969
24972
25062
25071
25074
25143
25162
25762
25764
25765
25771
25774
25776
26320
26333
26336
26422
26449
26452
26458
26461
26463
26464
26497
26499
26506
26511
26869
26871
26872
26898
26905
26907
26910
26919
27074
27081
27083
27084
27086
27186
27193
27195
27196
27198
27221
27224
27228
27237
27240
27244
27269
27271
27272
30058
30060
30061
30067
30070
30071
30072
30095
30096
30107
30108
30114
30116
30117
30119
32434
32492
32525
32528
32534
32537
32539
32540
32541
32544
32553
32556
32578
32589
32591
32592
32598
32601
32603
32604
32945
32946
32947
32948
33053
33055
33056
33062
33065
33067
33068
33090
33091
33101
33102
33103
33104
33109
33110
33111
33113
33114
33115
33138
33246
33247
33253
33255
33256
33258
33281
33283
33284
33288
33294
33297
33300
33301
33303
33304
33306
34733
34734
34735
34736
34741
34742
34743
34744
34745
34746
34747
34846
34849
34851
34852
34853
34856
34878
34879
34884
34885
34887
34888
34890
34897
34898
34899
34900
34926
34929
34931
34932
34933
34935
34936
34938
35553
35554
35555
35556
35581
35582
35583
35584
35590
35591
35593
35594
35595
35596
35602
35603
36001
36002
36003
36004
36016
36025
36028
36029
36030
36031
36032
36038
36039
36041
36042
36043
36044
36050
36130
36141
36143
36144
36150
36153
36155
36156
36157
36159
36160
36166
36169
36171
36172
36194
36205
36207
36208
36214
36217
36219
36220
36221
36224
36233
36235
36236
36333
36334
36335
36336
36341
36342
36343
36344
36345
36346
36347
36348
48378
48379
48380
48382
48384
48385
48386
48387
48388
48389
48391
48392
48411
48414
48416
48417
48418
48420
48421
48423
48427
48430
48432
48433
48434
48436
48437
48439
48523
48524
48526
48528
48529
48530
48532
48533
48535
48571
48574
48575
48576
48577
48578
48581
48602
48603
48604
48605
48609
48610
48611
48612
48613
48615
48616
48622
48623
48624
48625
58334
58337
58338
58339
58340
58341
58344
58569
58572
58701
58703
58704
58710
58713
58715
58716
58738
58749
58751
58752
58758
58761
58763
58764
58765
58767
58768
58774
58777
58778
58779
58780
58802
58803
58813
58814
58815
58816
58821
58822
58823
58825
58826
58827
58828
58913
58914
58915
58916
58957
58958
58959
58960
58965
58966
58967
58968
58969
58970
58971
58972
58993
58994
58995
58996
59005
59006
59007
59008
59012
59013
59014
59015
59016
59017
59018
59019
59020
59106
60382
60385
60386
60387
60388
60389
60391
60392
60394
60620
60749
60752
60761
60763
60764
60786
60797
60799
60800
60806
60809
60811
60812
60813
60814
60815
60816
60821
60822
60823
60825
60826
60827
60828
60849
60850
60851
60852
60861
60862
60863
60864
60869
60870
60871
60872
60873
60874
60875
60876
60961
60962
60963
60964
61005
61006
61007
61008
61012
61013
61014
61015
61016
61017
61018
61019
61020
61038
61041
61042
61043
61044
61045
61048
61053
61054
61055
61056
61057
61059
61060
61061
61062
61063
61064
61065
61066
61067
61068
61154
61155
61581
61582
61583
61585
61587
61588
61589
61590
61591
61592
61594
61595
61614
61615
61617
61618
61619
61620
61621
61622
61623
61624
61626
61630
61633
61634
61635
61636
61637
61639
61640
61642
61725
61726
61727
61728
61729
61731
61732
61733
61734
61735
61736
61737
61738
61739
61740
61774
61777
61778
61779
61780
61781
61783
61784
61786
61804
61805
61806
61807
61808
61809
61811
61812
61813
61814
61815
61816
61817
61818
61819
61820
61825
61826
61827
61828
61829
61832
67387
67388
67389
67390
67391
67394
67399
67401
67402
67408
67411
67413
67414
67415
67416
67417
67418
67423
67424
67425
67426
67427
67428
67429
67430
67435
67436
67437
67438
67835
67836
67837
67838
67847
67849
67850
67856
67859
67861
67862
67863
67864
67865
67866
67871
67872
67873
67874
67875
67876
67877
67878
67883
67884
67885
67886
67963
67964
67965
67975
67976
67977
67978
67983
67984
67985
67987
67988
67989
67990
67991
67993
67994
68000
68001
68003
68004
68005
68006
68012
68028
68029
68039
68040
68041
68042
68047
68048
68049
68050
68051
68052
68053
68054
68055
68057
68058
68064
68067
68068
68069
68070
68076
68156
68167
68168
68169
68170
68174
68175
68176
68177
68178
68179
68180
68181
68182
68183
68186
68192
68195
68197
68198
70652
70663
70664
70665
70666
70667
70669
70670
70671
70672
70673
70674
70675
70676
70677
70678
70679
70682
70691
70693
70694
70776
70777
70779
70780
70781
70782
70783
70785
70786
70788
70806
70807
70808
70809
70810
70811
70813
70814
70815
70816
70817
70818
70819
70820
70821
70822
70824
70827
70828
70829
70830
70831
70833
70834
70836
70855
70856
70857
70858
70859
70860
70861
70862
70863
70864
70865
70866
70867
70868
70869
70870
72031
72036
72037
72038
72043
72044
72045
72046
72047
72048
72049
72050
72051
72052
72053
72054
72059
72060
72061
72062
72063
72064
72065
72067
72084
72085
72400
72403
72404
72405
72406
72407
72409
72410
72412
72447
72450
72456
72459
72461
72462
72484
72495
72497
72498
72504
72507
72509
72510
72511
72512
72513
72514
72515
72518
72519
72520
72521
72522
72523
72524
72525
72526
72544
72547
72548
72549
72550
72551
72553
72554
72559
72560
72561
72562
72563
72565
72566
72567
72568
72569
72570
72571
72572
72573
72574
72595
72596
72597
72598
72703
72704
72705
72706
72707
72709
72710
72711
72712
72713
72714
72715
72716
72717
72718
72735
72736
72737
72739
72740
72741
72742
72743
72744
72745
72746
72748
72749
72751
72752
72753
72754
72755
72756
72757
72758
72759
72760
72761
72762
72763
72764
72765
72830
