1388
1389
1390
1391
1392
1393
1394
1399
3494
3497
3498
3499
3500
3501
3507
3508
5645
5646
5647
5652
5653
5654
5655
5656
7720
7723
7725
7726
7727
7728
7729
7730
9836
9837
9839
9840
9841
9844
9845
9846
73122
73160
73165
73171
73245
73301
73323
73339
73401
73406
73408
73446
73448
73457
73783
74181
74192
74193
74194
74196
74198
74203
74257
74260
74261
74262
74508
74509
74510
74527
74528
74530
74535
74536
74538
74539
74611
74616
74617
74621
74687
74688
74690
74695
74698
74699
74707
74712
74713
74714
74732
74733
74734
76035
76039
76040
76042
76061
76076
76077
77363
77368
77369
77372
77373
77374
77648
77649
77652
77653
77654
77659
77696
77697
77698
77700
77702
77703
77706
77707
77715
77719
77720
77721
77722
77740
77741
77742
77743
77823
77953
77956
77957
77958
77963
77968
77969
77970
77972
77973
77974
77975
77978
77979
77999
78960
78961
78962
78963
78964
78965
78966
78967
78968
78969
78970
78971
79027
79032
79033
79034
79036
79037
79038
79043
79047
79048
79049
79050
79052
79053
79054
79068
79069
79070
79071
79074
79075
79079
79080
79081
79082
79084
79085
79374
79375
79392
79393
79394
79396
79397
79398
79403
79408
79409
79412
79413
79414
79419
79676
79677
79678
79679
79682
79683
79687
79688
79689
79690
79699
79704
79705
79708
79709
79710
79715
79720
79721
79722
79724
79725
79726
79756
79757
79758
79759
79775
79776
79777
79778
79780
79781
79782
79783
79786
79787
79797
79856
79858
79859
79863
79864
79865
79866
79867
85068
85069
85070
85086
85087
85090
85091
85095
85096
85097
85098
85157
85168
85169
85172
85173
85174
85179
85232
85233
85234
85236
85237
85238
85243
90380
90381
90382
90383
90398
90399
90400
90401
90402
90403
90404
90405
90406
90407
90408
90409
90410
90411
90417
90420
90421
90422
91456
91457
91458
91460
91461
91462
91467
91472
91473
91474
91476
91477
91478
91479
91482
91483
91503
91520
91521
91522
91523
91524
91525
91526
91527
91528
91529
91530
91531
91536
91537
91538
91539
91540
91542
91543
91544
91545
91546
91547
91548
91549
91550
91555
91560
91561
91564
91565
91566
91567
91644
91645
91646
91647
91714
91715
91719
91720
91721
91722
91724
91725
91726
91727
91736
91737
91740
91741
91742
91743
91744
91745
91746
91747
91748
91750
91751
91752
91753
91754
91755
91756
91757
91758
91788
91790
91791
91807
91808
91809
91810
91812
91813
91814
91815
91819
91824
91825
91826
91828
91829
91830
91835
91855
91873
91876
91877
91878
91888
91889
91890
91891
91892
91893
91894
91895
91896
91897
91898
91899
92211
92215
92216
92217
92218
92220
92221
92222
92223
92753
92756
92757
92758
92800
92801
92802
92804
92805
92806
92807
92811
92816
92817
92818
92819
92820
92821
92822
92823
92824
92825
92826
92827
92844
92846
92847
92927
95693
95696
95697
95698
95699
95763
95764
95765
95766
95768
95769
95770
95771
95775
95780
95781
95782
95783
95784
95785
95786
95787
95788
95789
95790
95791
95808
95810
95811
95828
95829
95830
95831
95832
95833
95834
95835
95836
95838
95839
95844
95845
95846
95847
95848
95849
95850
95851
95852
95853
95854
95855
95856
95857
95872
95873
95874
95875
95944
95945
95997
96001
96002
96003
96004
96006
96007
96008
96009
96010
96011
96012
96013
96014
96015
96016
96017
96018
96019
96020
96021
96022
96023
96024
96025
96026
96028
96029
96031
96032
96033
96034
96035
96036
96037
96038
96039
96040
96041
96042
96043
96044
96045
96046
96047
96048
96049
96050
96051
96052
96058
96088
96089
97039
97120
97121
97124
97125
97126
97131
97168
97169
97170
97171
97172
97173
97174
97175
97176
97177
97178
97179
97180
97181
97182
97184
97185
97186
97187
97188
97189
97190
97191
97192
97193
97194
97195
97196
97197
97198
97199
97203
97207
97208
97209
97210
97212
97213
97214
97215
98249
98252
98253
98254
98255
98256
98257
98258
98259
98260
98261
98262
98263
98264
98265
98266
98267
98268
98269
98270
98272
98274
98275
98278
98279
98280
98281
98282
98283
98284
98285
98286
98287
98291
98295
98296
98297
98298
98300
98301
98302
98303
98323
98327
98328
98329
98330
98332
98333
98334
98335
98348
98349
98350
98351
98352
98353
98354
98355
98356
98357
98358
98359
98360
98361
98362
98363
98364
98365
98369
98372
98373
98374
98432
98433
98434
98435
98436
98438
98439
98440
98441
98442
98443
98444
98445
98446
98524
98526
98527
98543
98544
98545
98546
98548
98549
98550
98551
98555
98560
98561
98562
98563
98564
98565
98566
98567
98568
98569
98570
98571
98624
98625
98626
98627
98628
98630
98631
98632
98633
98634
98635
98636
98637
98638
98639
98642
98643
98647
98648
98649
98650
98652
98653
98654
98655
98659
98664
98665
98668
98669
98670
98671
98672
98673
98674
98675
98676
98677
98678
98679
98680
98681
98682
98683
98684
98685
98686
98689
98692
98693
98694
98972
98974
98975
98991
98992
98993
98994
98996
98997
98998
98999
99003
99008
99009
99010
99011
99012
99013
99014
99015
99016
99017
99018
99019
99621
119683
119684
119685
119686
119687
119689
119690
119691
119692
119693
119694
119695
119696
119756
119759
119760
119761
119762
119763
119765
119766
119770
119771
119772
119773
119774
119775
119776
119777
119782
119786
119787
119788
119789
119791
119792
119793
119794
119798
119802
119803
119804
119805
119807
119808
119809
119954
120036
120039
120040
120041
120083
120084
120085
120086
120087
120088
120089
120090
120091
120093
120094
120099
120100
120101
120102
120105
120106
120107
120108
120109
120110
120112
120127
120128
120129
120130
120210
120280
120291
120292
120293
120295
120296
120297
120302
120339
120340
120341
120343
120344
120345
120346
120350
120355
120356
120357
120358
120359
120360
120361
120362
120363
120364
120365
120366
120383
120385
120386
