1299
1300
1970
1971
1972
1973
1974
1975
1976
1977
1978
1979
1980
1981
1982
3407
3408
4068
4069
4070
4071
4072
4073
4074
4075
4076
4077
4078
4079
4080
5546
6171
6172
6178
6179
6180
6181
6182
6183
6184
6185
6186
6192
6193
7616
8242
8247
8248
8249
8250
8251
8252
8253
8254
8255
8256
8257
8262
9721
10329
10330
10331
10332
10333
10334
10335
10336
10337
10338
10339
10340
10341
73128
73194
73196
73202
73204
73217
73219
73225
73227
73542
73544
73550
73552
73574
73576
73582
73584
73669
73671
73677
73679
73701
73703
73709
73711
75071
75072
75073
75074
75075
75079
75080
75081
75082
75083
75085
75103
75104
75105
75106
75107
75111
75112
75113
75114
75115
75117
75125
75199
75200
75201
75202
75203
75207
75208
75209
75210
75211
75213
75231
75232
75233
75234
75235
75239
75240
75241
75242
75243
75245
75253
75285
75584
75586
75592
75594
75616
75618
75624
75626
75711
75712
75713
75714
75715
75719
75720
75721
75722
75723
75725
75743
75744
75745
75746
75747
75751
75752
75753
75754
75755
75757
75765
75797
76437
81203
81209
81212
81213
81214
81215
81216
81217
81218
81219
81220
81221
81222
81223
81224
81225
81226
81227
81228
81229
81230
81231
81235
81241
81244
81245
81246
81247
81248
81249
81250
81251
81252
81253
81254
81255
81256
81257
81258
81259
81260
81261
81262
81263
81265
81268
81269
81270
81271
81275
81340
81342
81343
81344
81345
81346
81347
81348
81350
81351
81352
81353
81354
81355
81356
81357
81358
81369
81372
81373
81374
81375
81376
81377
81378
81379
81380
81382
81383
81384
81385
81386
81387
81388
81389
81390
81396
81397
81398
81399
81403
81428
81429
81430
81724
81726
81727
81728
81729
81730
81731
81732
81734
81735
81736
81737
81738
81739
81740
81741
81742
81756
81758
81759
81760
81761
81762
81763
81764
81766
81767
81768
81769
81770
81771
81772
81773
81774
81780
81781
81782
81852
81854
81855
81856
81857
81858
81859
81860
81862
81863
81864
81865
81866
81867
81868
81869
81870
81884
81886
81887
81888
81889
81890
81891
81892
81894
81895
81896
81897
81898
81899
81900
81901
81902
81908
81909
81910
81940
81941
81942
82068
82069
82070
83263
83264
83265
83266
83267
83271
83272
83273
83274
83275
83277
83295
83296
83297
83298
83299
83303
83304
83305
83306
83307
83309
83317
83391
83392
83393
83394
83395
83399
83400
83401
83402
83403
83405
83423
83424
83425
83426
83427
83431
83432
83433
83434
83435
83437
83445
83477
83772
83774
83775
83776
83777
83778
83779
83780
83782
83783
83784
83785
83786
83787
83788
83789
83790
83804
83806
83807
83808
83809
83810
83811
83812
83814
83815
83816
83817
83818
83819
83820
83821
83822
83828
83829
83830
83900
83902
83903
83904
83905
83906
83907
83908
83910
83911
83912
83913
83914
83915
83916
83917
83918
83932
83934
83935
83936
83937
83938
83939
83940
83942
83943
83944
83945
83946
83947
83948
83949
83950
83956
83957
83958
83988
83989
83990
84116
84117
84118
84629
86673
86676
86677
86678
86679
86683
104223
104225
104226
104247
104248
104249
104259
104260
104261
104262
104263
104265
104266
104267
104268
104269
104270
104271
104272
104273
104274
104275
104276
104277
104278
104279
104280
104281
104282
104283
104284
104285
104286
104287
104288
104289
104290
104291
104292
104293
104294
104295
104297
104298
104299
104300
104301
104302
104303
104304
104305
104306
104307
104308
104309
104310
104311
104312
104313
104314
104315
104316
104317
104318
104319
104320
104321
104322
104323
104324
104325
104326
104327
104328
104329
104330
104331
104332
104333
104334
104335
104336
104337
104351
104353
104354
104375
104376
104377
104387
104388
104389
104390
104391
104393
104394
104395
104396
104397
104398
104399
104400
104401
104402
104403
104404
104405
104406
104407
104408
104409
104410
104411
104412
104413
104414
104415
104416
104417
104418
104419
104420
104421
104422
104423
104425
104426
104427
104428
104429
104430
104431
104432
104433
104434
104435
104436
104437
104438
104439
104440
104441
104442
104443
104444
104445
104446
104447
104448
104449
104450
104451
104452
104453
104454
104455
104456
104457
104458
104459
104460
104461
104462
104463
104464
104465
104471
104472
104473
104483
104484
104485
104486
104487
104488
104489
104490
104491
104492
104493
104494
104495
104496
104497
104511
104513
104514
104735
104738
104760
104771
104772
104773
104774
104778
104779
104780
104781
104782
104783
104784
104785
104786
104787
104788
104789
104790
104791
104792
104793
104794
104795
104796
104797
104798
104799
104800
104801
104802
104803
104804
104805
104806
104807
104809
104810
104811
104812
104813
104814
104815
104816
104817
104818
104819
104820
104821
104822
104823
104824
104825
104826
104827
104828
104829
104830
104831
104832
104833
104834
104835
104836
104837
104838
104839
104840
104841
104842
104843
104844
104845
104846
104847
104848
104849
104863
104865
104866
104887
104888
104889
104899
104900
104901
104902
104903
104905
104906
104907
104908
104909
104910
104911
104912
104913
104914
104915
104916
104917
104918
104919
104920
104921
104922
104923
104924
104925
104926
104927
104928
104929
104930
104931
104932
104933
104934
104935
104937
104938
104939
104940
104941
104942
104943
104944
104945
104946
104947
104948
104949
104950
104951
104952
104953
104954
104955
104956
104957
104958
104959
104960
104961
104962
104963
104964
104965
104966
104967
104968
104969
104970
104971
104972
104973
104974
104975
104976
104977
104983
104984
104985
104995
104996
104997
104998
104999
105000
105001
105002
105003
105004
105005
105006
105007
105008
105009
105023
105025
105026
105111
105112
105123
105124
105125
105126
105127
105128
105129
105130
105131
105132
105133
105134
105136
105154
106274
106296
106307
106308
106309
106310
106314
106315
106316
106317
106318
106319
106320
106321
106322
106323
106324
106325
106326
106327
106328
106329
106330
106331
106332
106333
106334
106335
106336
106337
106338
106339
106340
106341
106342
106346
106347
106348
106349
106350
106351
106352
106353
106354
106355
106356
106357
106358
106359
106360
106361
106362
106363
106364
106365
106366
106367
106368
106369
106370
106371
106372
106373
106374
106375
106376
106377
106378
106379
106380
106381
106382
106384
106402
106424
106435
106436
106437
106438
106442
106443
106444
106445
106446
106447
106448
106449
106450
106451
106452
106453
106454
106455
106456
106457
106458
106459
106460
106461
106462
106463
106464
106465
106466
106467
106468
106469
106470
106474
106475
106476
106477
106478
106479
106480
106481
106482
106483
106484
106485
106486
106487
106488
106489
106490
106491
106492
106493
106494
106495
106496
106497
106498
106499
106500
106501
106502
106503
106504
106505
106506
106507
106508
106509
106510
106512
106520
106531
106532
106533
106534
106535
106536
106537
106538
106539
106540
106541
106542
106544
106562
106786
106808
106819
106820
106821
106822
106826
106827
106828
106829
106830
106831
106832
106833
106834
106835
106836
106837
106838
106839
106840
106841
106842
106843
106844
106845
106846
106847
106848
106849
106850
106851
106852
106853
106854
106858
106859
106860
106861
106862
106863
106864
106865
106866
106867
106868
106869
106870
106871
106872
106873
106874
106875
106876
106877
106878
106879
106880
106881
106882
106883
106884
106885
106886
106887
106888
106889
106890
106891
106892
106893
106894
106896
106914
106936
106947
106948
106949
106950
106954
106955
106956
106957
106958
106959
106960
106961
106962
106963
106964
106965
106966
106967
106968
106969
106970
106971
106972
106973
106974
106975
106976
106977
106978
106979
106980
106981
106982
106986
106987
106988
106989
106990
106991
106992
106993
106994
106995
106996
106997
106998
106999
107000
107001
107002
107003
107004
107005
107006
107007
107008
107009
107010
107011
107012
107013
107014
107015
107016
107017
107018
107019
107020
107021
107022
107024
107032
107043
107044
107045
107046
107047
107048
107049
107050
107051
107052
107053
107054
107056
107074
107160
107171
107172
107173
107174
107175
107176
107177
107178
107179
107180
107181
107182
107184
107202
107672
107683
107684
107685
107686
107687
107688
107689
107690
107691
107692
107693
107694
107696
107714
112454
112460
112463
112464
112465
112466
112467
112468
112469
112470
112471
112472
112473
112474
112475
112476
112477
112478
112479
112480
112481
112482
112486
112492
112495
112496
112497
112498
112499
112500
112501
112502
112503
112504
112505
112506
112507
112508
112509
112510
112511
112512
112513
112514
112516
112519
112520
112521
112522
112526
112582
112588
112591
112592
112593
112594
112595
112596
112597
112598
112599
112600
112601
112602
112603
112604
112605
112606
112607
112608
112609
112610
112614
112620
112623
112624
112625
112626
112627
112628
112629
112630
112631
112632
112633
112634
112635
112636
112637
112638
112639
112640
112641
112642
112644
112647
112648
112649
112650
112654
112676
112679
112680
112681
112682
112686
112963
112965
112966
112971
112972
112973
112975
112976
112977
112978
112979
112980
112981
112982
112983
112984
112985
112986
112987
112988
112989
112990
112991
112992
112993
112994
112998
113004
113007
113008
113009
113010
113011
113012
113013
113014
113015
113016
113017
113018
113019
113020
113021
113022
113023
113024
113025
113026
113028
113031
113032
113033
113034
113038
113094
113100
113103
113104
113105
113106
113107
113108
113109
113110
113111
113112
113113
113114
113115
113116
113117
113118
113119
113120
113121
113122
113126
113132
113135
113136
113137
113138
113139
113140
113141
113142
113143
113144
113145
113146
113147
113148
113149
113150
113151
113152
113153
113154
113156
113159
113160
113161
113162
113166
113188
113191
113192
113193
113194
113198
113315
113316
113317
113319
113320
113321
113322
113323
113325
113326
114499
114501
114502
114506
114507
114508
114509
114511
114512
114513
114514
114515
114516
114517
114518
114519
114520
114521
114522
114523
114524
114525
114526
114527
114528
114529
114530
114531
114533
114534
114539
114540
114541
114543
114544
114545
114546
114547
114548
114549
114550
114551
114552
114553
114554
114555
114556
114557
114558
114559
114560
114561
114562
114563
114564
114565
114567
114568
114569
114570
114571
114573
114574
114627
114629
114630
114635
114636
114637
114639
114640
114641
114642
114643
114644
114645
114646
114647
114648
114649
114650
114651
114652
114653
114654
114655
114656
114657
114658
114659
114661
114662
114667
114668
114669
114671
114672
114673
114674
114675
114676
114677
114678
114679
114680
114681
114682
114683
114684
114685
114686
114687
114688
114689
114690
114691
114692
114693
114695
114696
114697
114698
114699
114701
114702
114723
114724
114725
114727
114728
114729
114730
114731
114733
114734
115011
115013
115014
115019
115020
115021
115023
115024
115025
115026
115027
115028
115029
115030
115031
115032
115033
115034
115035
115036
115037
115038
115039
115040
115041
115042
115043
115045
115046
115051
115052
115053
115055
115056
115057
115058
115059
115060
115061
115062
115063
115064
115065
115066
115067
115068
115069
115070
115071
115072
115073
115074
115075
115076
115077
115079
115080
115081
115082
115083
115085
115086
115139
115141
115142
115147
115148
115149
115151
115152
115153
115154
115155
115156
115157
115158
115159
115160
115161
115162
115163
115164
115165
115166
115167
115168
115169
115170
115171
115173
115174
115179
115180
115181
115183
115184
115185
115186
115187
115188
115189
115190
115191
115192
115193
115194
115195
115196
115197
115198
115199
115200
115201
115202
115203
115204
115205
115207
115208
115209
115210
115211
115213
115214
115235
115236
115237
115239
115240
115241
115242
115243
115245
115246
115363
115364
115365
115367
115368
115369
115370
115371
115373
115374
115875
115876
115877
115879
115880
115881
115882
115883
115885
115886
115888
117924
117927
117928
117929
117930
117934
126103
126104
126105
126115
126116
126117
126118
126119
126120
126121
126122
126123
126124
126125
126126
126127
126128
126129
126143
126145
126146
135716
135717
135718
135719
135720
135721
135722
135723
135724
135725
135726
135727
135728
