643
1784
1785
1789
1793
1794
1795
1796
2768
3885
3892
3893
3894
3896
3897
3899
4845
4886
6053
6054
6055
6056
6057
6060
6936
6938
6950
6952
8128
8129
8130
8131
8132
8133
8134
8977
8980
8986
8999
9051
9437
9438
9439
9440
9441
9442
9443
24722
25190
25196
25200
25218
25220
25225
25226
25228
25229
25295
25296
25297
25311
25312
25313
25331
25332
25333
25337
25338
25342
25352
25678
25680
26019
26022
26024
26029
26198
26207
26213
26215
26228
26264
26265
26276
26277
26280
26283
27702
27704
27705
27723
27726
27727
27728
27733
27739
27742
27743
27744
27749
27814
27816
27817
27818
27819
27820
27821
27825
27826
27827
27828
27829
27831
27846
27848
27849
27850
27852
27853
27857
27858
27859
27860
27862
27863
28153
28174
28175
28176
28186
28187
28188
28190
28191
28192
28193
28194
28196
28197
28239
28250
28251
28252
28253
28257
28258
28259
28260
28261
28263
28330
28331
28332
28334
28335
28336
28337
28341
28348
28349
28354
28355
28356
28358
28359
28360
28374
28375
28376
28377
28411
28414
28415
28416
29722
29724
29725
29729
29730
29731
29732
29735
31086
31087
31088
31098
31100
31101
31105
31106
31107
31108
31111
31128
31129
31803
31806
31807
31808
31813
31853
31858
31859
31860
31862
31863
31881
31882
31884
31885
31889
31890
31891
31892
31893
31974
31976
31977
32064
32070
32073
32074
32075
32146
32157
32158
32159
32164
32165
32167
32168
32221
32222
32223
32228
32232
32361
32362
32363
32381
32382
32383
32385
32387
32388
32392
32402
39046
39067
39068
39069
39079
39080
39081
39082
39083
39084
39085
39086
39087
39088
39089
39090
39091
39092
39093
39158
39159
39160
39161
39162
39163
39164
39165
39166
39167
39168
39169
39170
39175
39176
39177
39178
39182
39183
39184
39185
39186
39187
39188
39189
39190
39194
39199
39200
39201
39203
39204
39205
39206
39239
39240
39241
39243
39244
39245
39246
39249
39250
39494
39515
39516
39527
39528
39529
39530
39531
39533
39534
39535
39536
39537
39538
39539
39540
39541
39542
39546
39552
39555
39556
39557
39558
39574
39575
39576
39577
39579
39580
39581
39582
39583
39585
39586
39591
39592
39593
39594
39595
39596
39597
39598
39599
39601
39602
39658
39664
39667
39668
39669
39670
39671
39672
39673
39674
39675
39676
39677
39678
39679
39680
39681
39682
39683
39684
39685
39690
39695
39696
39697
39699
39700
39701
39702
39703
39704
39705
39706
39707
39709
39710
39711
39712
39713
39714
39715
39716
39717
39718
39724
39755
39756
39757
40775
40776
40777
40778
40782
40783
40784
40785
40786
40787
40788
40789
40790
40840
40843
40844
40845
40855
40856
40857
40858
40859
40860
40861
40862
40863
40864
40865
40866
40868
40883
40885
40886
40903
40904
40905
40907
40908
40909
40910
40911
40913
40914
40919
40920
40921
40922
40923
40924
40925
40926
40927
40930
40936
40939
40940
40941
40942
41146
41147
41148
41149
41153
41154
41155
41156
41157
41158
41159
41160
41161
41174
41176
41177
41178
41179
41180
41181
41182
41183
41184
41185
41186
41187
41188
41189
41190
41191
41194
41195
41196
41198
41199
41200
41201
41205
41470
41471
41472
41482
41483
41484
41485
41486
41487
41488
41489
41490
41491
41492
41493
41513
41530
41531
41532
41533
41534
41536
41537
41538
41539
41540
41541
41542
41543
41544
41545
41555
41558
41559
41560
41561
41562
41563
41564
41565
41566
41567
41568
41569
41570
41571
41572
41573
41574
41575
41576
41579
41582
41583
41584
41589
41644
41645
41650
41651
41652
41654
41655
41656
41657
41743
41786
41787
41788
41790
41791
41792
41793
41794
41796
41797
41802
41803
41804
41805
41806
41808
41809
41810
41811
41812
41813
41814
41815
41816
41817
41821
41827
41830
41831
41832
41833
41913
47046
47047
47048
47049
47066
47067
47068
47070
47071
47072
47073
47077
47082
47083
47084
47085
47086
47087
47088
47089
47090
47091
47092
47093
52490
52491
52494
52495
52496
52497
52501
52538
52539
52540
52541
52542
52543
52544
52545
52546
52547
52548
52549
52550
52551
52552
52557
52562
52563
52564
52566
52567
52568
52569
52570
52571
52572
52573
52577
52578
52579
52580
52581
52582
52583
52584
52585
52662
52664
52665
55310
55311
55312
55354
55355
55356
55357
55358
55359
55360
55361
55362
55363
55364
55365
55370
55372
55373
55377
55378
55379
55380
55382
55383
55384
55385
55389
55394
55395
55396
55398
55399
55400
55401
55481
55558
55560
55561
55579
55582
55583
55584
55589
55594
55595
55596
55597
55598
55599
55600
55601
55602
55603
55604
55605
55672
55673
55674
55675
55676
55677
55678
55679
55680
55681
55682
55683
55684
55685
55687
55693
55698
55699
55700
55702
55703
55704
55705
55706
55708
55709
55713
55714
55715
55716
55718
55719
55720
55721
55758
55759
55760
56009
56030
56031
56032
56042
56043
56044
56045
56046
56047
56048
56049
56050
56051
56052
56053
56055
56496
56517
56518
56519
56529
56530
56531
56532
56533
56534
56535
56536
56537
56538
56539
56540
56822
56865
56866
56867
56869
56870
56871
56872
56873
56875
56876
56884
56889
56890
56891
56893
56894
56895
56896
56900
56905
56906
56909
56910
56911
56912
56992
57077
57078
57079
57121
57122
57123
57124
57125
57127
57128
57129
57130
57131
57132
57140
57146
57149
57150
57151
57152
57156
57161
57162
57163
57165
57166
57167
57248
57995
58016
58017
58018
58028
58029
58030
58031
58032
58033
58034
58035
58036
58037
58038
58039
58107
58108
58109
58110
58111
58112
58113
58114
58115
58116
58117
58118
58119
58127
58132
58133
58134
58136
58137
58138
58139
58143
58148
58149
58150
58152
58153
58154
58155
58189
58192
58193
58194
