1418
1419
1420
1421
1422
1423
1424
3526
3527
3529
3530
3531
3532
3533
5674
5675
5676
5677
5678
5679
5680
7748
7749
7750
7751
7752
7753
7754
7755
9715
9864
9865
9866
9867
9868
9869
9870
73144
73162
73164
73344
73413
73416
73421
73443
73458
73459
73748
73769
73771
74249
74253
74271
74275
74279
74280
74282
74556
74558
74563
74568
74569
74570
74588
74590
74595
74600
74601
74602
74605
74661
74673
74676
74677
74678
74683
74736
74737
74738
74742
74743
74747
75900
75901
75902
75972
75973
75984
75986
75991
76015
76052
76053
77903
77921
77924
77925
77926
77936
77937
77940
77941
77942
77947
78003
78008
78009
78012
78013
78014
78019
78025
78028
78029
78030
78047
78048
78049
78050
78051
78055
78056
78057
78058
78059
79152
79153
79154
79155
79158
79159
79160
79161
79162
79163
79165
79180
79181
79182
79183
79199
79200
79201
79202
79204
79205
79206
79207
79211
79217
79220
79221
79222
79282
79283
79287
79288
79289
79290
79292
79293
79308
79309
79310
79311
79327
79328
79329
79330
79332
79333
79334
79335
79336
79338
79339
79348
79349
79487
79569
79572
79573
79574
79616
79617
79618
79620
79621
79622
79627
79632
79634
79635
79639
79640
79641
79642
79643
79660
79662
79663
79829
79872
79873
79874
79876
79877
79878
79879
79880
79882
79883
79891
79895
79896
79897
79898
79900
79901
79902
79916
79917
79918
79919
84528
84529
84530
84534
84535
84536
84538
84539
84816
84817
84818
84820
84821
84822
84827
84867
84871
84872
84873
84874
84892
84893
84894
84899
84904
84905
84908
84909
84988
84990
84991
85125
85136
85137
85138
85140
85142
85143
85147
92531
92535
92536
92537
92538
92540
92541
92542
92543
92607
92608
92609
92610
92611
92612
92613
92614
92615
92616
92618
92619
92624
92625
92626
92627
92628
92629
92630
92631
92632
92633
92634
92635
92636
92637
92652
92653
92654
92655
92677
92688
92689
92690
92692
92693
92694
92699
92931
92936
92937
92938
92940
92941
92942
92943
92956
92957
92958
92959
92960
92961
92962
92963
92964
92965
92966
92967
92968
92969
92970
92971
92973
92977
92980
92981
92982
93040
93041
93042
93043
93047
93048
93049
93050
93051
93052
93053
93054
93116
93118
93119
93120
93121
93122
93123
93124
93125
93126
93127
93128
93129
93130
93131
93136
93137
93138
93139
93142
93143
93144
93145
93146
93147
93148
93149
93150
93155
93160
93161
93164
93165
93166
93167
93201
93204
93205
93206
93211
96195
96197
96200
96201
96202
96224
96225
96226
96227
96228
96229
96230
96231
96232
96259
96264
96265
96266
96268
96269
96270
96271
96336
96337
96340
96341
96342
96347
96352
96353
96354
96355
96356
96357
96358
96359
96360
96361
96362
96363
96382
96383
96400
96401
96402
96403
96404
96405
96406
96407
96408
96409
96410
96411
96416
96417
96418
96419
96420
96421
96422
96423
96424
96425
96426
96427
96428
96429
96430
96435
96441
96444
96445
96446
96447
96671
96689
96692
96693
96694
96699
96704
96705
96706
96707
96708
96709
96710
96711
96712
96713
96714
96715
96716
96717
96718
96729
96732
96733
96734
96735
96751
96752
96753
96754
96755
96756
96757
96758
96759
96760
96762
96763
96768
96769
96770
96771
96772
96773
96774
96775
96776
96777
96778
96779
96832
96833
96834
96835
96839
96840
96841
96842
96843
96844
96845
96846
96847
96848
96849
96850
96851
96855
96856
96857
96858
96859
96860
96861
96862
96863
96867
96873
96876
96877
96878
96879
96880
96881
96882
96883
96884
96885
96886
96887
96888
96889
96890
96891
96892
96893
96894
96897
96900
96901
96902
96907
97829
98000
98001
98002
98003
98004
98005
98006
98007
98008
98009
98010
98011
98012
98013
98014
98019
98023
98024
98025
98026
98028
98029
98030
98031
98032
98033
98034
98035
98039
98040
98041
98042
98043
98044
98045
98046
98047
98076
98077
98078
98079
98095
98096
98097
98098
98100
98101
98102
98103
98104
98106
98107
98112
98113
98114
98116
98117
98118
98119
98122
98123
98143
98161
98164
98165
98166
98176
98177
98178
98179
98180
98181
98182
98183
98184
98185
98186
98187
98188
98189
98499
98504
98505
98506
98508
98509
98510
98511
98788
98789
98832
98833
98834
98836
98837
98838
98839
98843
98848
98849
98850
98851
98852
98853
98854
98855
98856
98857
98858
98859
98876
98878
98879
98959
99024
99025
99026
99028
99029
99030
99035
99040
99041
99042
99043
99044
99045
99046
99047
99048
99049
99050
99051
99068
99070
99071
99088
99089
99090
99091
99092
99093
99094
99095
99096
99097
99098
99099
99100
99101
99102
99104
99106
99107
99111
99112
99113
99114
99116
99117
99118
99119
99120
99121
99122
99123
99126
99127
99128
99129
99130
99131
99132
99133
99134
99135
99203
99208
99209
99212
99213
99214
99215
117526
117530
117531
117532
117533
117535
117536
117537
117538
117551
117552
117553
117554
117555
117556
117557
117558
117559
117561
117562
117563
117564
117565
117566
117567
117568
118675
118676
118677
118679
118680
118681
118686
118691
118692
118693
118694
118695
118696
118697
118698
118699
118700
118701
118702
118721
118722
118869
118870
118874
118875
118876
118877
118879
118880
118881
118892
118895
118896
118897
118898
118899
118900
118901
118902
118906
118907
118908
118909
118910
118911
118912
118913
118946
118963
118964
118965
118967
118968
118969
118974
118979
118980
118981
118983
118984
118985
118986
118987
118989
118990
119010
119028
119031
119032
119033
119043
119044
119045
119046
119047
119048
119049
119050
119051
119052
119053
119054
119366
119371
119372
119375
119376
119377
119378
119896
119907
119908
119909
119911
119912
119913
119914
119918
119938
119955
119956
119957
119958
119959
119961
119962
119963
119964
119965
119966
119974
119979
119980
119981
119983
119984
119985
119990
119995
119996
119999
120000
120001
120002
120079
120081
120082
