663
1806
1807
1808
1809
1810
1811
1813
1814
2767
2769
2800
3911
3912
3913
3914
3915
3916
3918
3919
4844
4866
4868
4882
5313
6073
6074
6075
6076
6077
6078
6079
6930
6931
6939
6942
7017
7022
7023
7024
7377
7380
7381
7382
8149
8150
8151
8152
9005
9038
9039
9043
9055
9057
9059
9063
9064
9065
9415
9416
9417
9418
9419
9420
9421
9422
9423
25180
25182
25184
25185
25192
25203
25205
25209
25210
25212
25233
25255
25257
25268
25269
25270
25272
25274
25275
25279
25288
25350
25356
25360
26201
26220
26222
26224
27377
27382
27383
27384
27386
27387
27554
27557
27558
27559
27564
27569
27571
27572
27576
27577
27578
27579
27582
27597
27599
27600
27707
27710
27711
27712
27717
27754
27756
27757
27761
27762
27763
27764
27767
27782
27783
27784
27785
27786
27788
27789
27793
27794
27795
27796
27798
27799
27878
27880
27881
27994
27995
27996
27997
28000
28001
28002
28003
28004
28005
28073
28074
28075
28076
28078
28079
28080
28081
28082
28084
28085
28093
28098
28099
28100
28102
28103
28104
28109
28115
28118
28119
28120
28121
28158
28159
28160
28409
28427
28430
28431
28432
28442
28443
28444
28446
28447
28448
28449
28453
31798
31800
31801
31818
31819
31820
31822
31823
31824
31825
31829
31838
31839
31840
31910
31911
31912
31917
31923
31926
31927
31928
31945
31946
31947
31948
31949
31953
31954
31956
31957
32214
32217
32218
32219
32236
32237
32238
32239
32244
32247
32248
32285
32286
32287
32303
32313
32314
32315
32320
32323
32324
32343
32365
32366
32367
32369
32371
32372
32376
37034
37035
37036
37037
37041
37042
37043
37044
37045
37046
37047
37048
37053
37059
37062
37063
37064
37065
37066
37067
37068
37069
37070
37072
37073
37074
37075
37076
37077
37078
37079
37080
37087
37896
37899
37900
37901
37906
38071
38072
38073
38074
38075
38076
38077
38078
38079
38080
38081
38082
38084
38087
38088
38089
38090
38094
38095
38096
38097
38098
38099
38100
38101
38102
38106
38111
38112
38113
38115
38116
38117
38118
38147
38148
38149
38150
38166
38167
38168
38169
38171
38172
38173
38174
38177
38178
38183
38184
38185
38187
38188
38189
38190
38191
38193
38194
38214
38235
38236
38247
38248
38249
38250
38251
38252
38253
38254
38255
38256
38257
38258
38259
38260
38261
38579
38581
38582
39111
39112
39113
39115
39116
39117
39118
39122
39287
39288
39289
39290
39291
39292
39293
39294
39295
39296
39297
39298
39300
39303
39305
39306
39310
39311
39312
39313
39314
39315
39316
39317
39318
39319
39321
39322
39326
39327
39328
39329
39331
39332
39333
39334
39363
39364
39365
39366
39383
39384
39385
39387
39388
39389
39390
39394
39399
39400
39401
39402
39403
39404
39405
39406
39407
39408
39409
39410
39412
39427
39429
39430
39448
39451
39452
39453
39458
39463
39464
39465
39466
39467
39468
39469
39470
39471
39472
39473
39474
39475
39476
39477
39795
39797
39798
40106
40112
40115
40116
40117
40118
40188
40199
40200
40201
40203
40204
40205
40206
40207
40209
40210
40230
40247
40248
40249
40250
40251
40252
40253
40254
40255
40256
40257
40258
40263
40264
40265
40266
40267
40269
40270
40271
40272
40273
40274
40275
40276
40277
40278
40282
40287
40288
40289
40291
40292
40293
40294
40476
40477
40478
40479
40480
40481
40482
40483
40484
40485
40487
40489
40490
40494
40495
40496
40497
40499
40500
40501
40502
40503
40504
40505
40506
40507
40509
40510
40511
40512
40513
40514
40515
40516
40517
40518
40524
40549
40550
40568
40571
40572
40573
40583
40584
40585
40586
40587
40588
40589
40590
40591
40592
40593
40594
40595
40596
40597
40602
40608
40611
40612
40613
40614
40630
40631
40632
40633
40635
40636
40637
40638
40639
40641
40642
40647
40648
40649
40650
40651
40652
40653
40654
40655
40656
40657
40658
40660
40808
40811
40814
41785
41867
41870
41871
41872
41914
41915
41916
41917
41918
41919
41920
41921
41922
41923
41924
41925
41926
41927
41928
41932
41933
41938
41939
41940
41942
41943
41944
41945
41946
41947
41948
41949
41950
41952
41953
41954
41955
41956
41957
41958
41959
41960
41961
41967
55341
55346
55347
55350
55351
55352
55353
55422
55423
55424
55434
55435
55436
55437
55438
55439
55440
55441
55442
55444
55445
55465
55482
55483
55484
55486
55487
55488
55489
55493
55498
55499
55500
55501
55502
55503
55504
55505
55506
55507
55508
55509
55511
55526
55528
55529
55786
55788
55789
55793
55794
55795
55796
55798
55799
55800
55805
55811
55814
55815
55816
55817
55833
55834
55835
55836
55837
55838
55839
55840
55841
55842
55843
55844
55845
55851
55854
55855
55856
55861
55916
55917
55921
55922
55923
55924
55926
55927
55928
55929
55933
55938
55939
55940
55942
55943
55944
55945
55958
55960
55961
55962
55963
55964
55965
55966
55967
55968
55969
55970
55971
55972
55973
55975
55982
55983
55984
57072
57094
57105
57106
57107
57108
57109
57111
57112
57113
57114
57115
57116
57184
57185
57186
57187
57188
57189
57190
57191
57192
57193
57195
57196
57204
57209
57210
57211
57213
57214
57215
57220
57225
57226
57229
57230
57231
57232
57269
57270
57506
57507
57525
57528
57529
57530
57535
57540
57541
57542
57544
57545
57546
57547
57548
57550
57551
57730
57741
57742
57743
57745
57746
57747
57748
57752
57789
57790
57791
57792
57796
57797
57798
57799
57800
57801
57802
57803
57814
57817
57818
57819
57820
57821
57823
57824
57828
57829
57830
57831
57833
57834
57835
57913
57914
57915
57916
58044
58045
58046
58048
58049
58050
58051
58055
58060
58061
58062
58063
58064
58066
58067
58068
58069
58070
58071
58072
58073
58088
58089
58090
58091
