1685
1686
1687
1688
1689
1700
3789
3790
3791
3792
3793
3794
3803
5950
5951
5952
5953
5954
5955
5957
6928
8027
8028
8029
8030
8031
8032
8033
8958
8968
10172
10173
10174
10175
10176
10178
10179
24774
24776
24890
24892
24905
24907
25004
25008
25443
25449
25453
25505
25527
25538
25539
25540
25546
25548
25549
25602
25605
25611
25615
25925
25931
25935
25953
25975
25987
25993
25997
26082
26084
26090
26092
26146
26148
26154
26156
26614
26628
26634
26637
26638
26639
26653
26655
26656
28782
28783
28784
28785
28789
28797
28803
28806
28807
28808
28809
28813
28819
28822
28823
28824
28825
29030
29032
29033
29118
29119
29120
29162
29163
29164
29166
29168
29169
29170
29172
29173
29193
29194
29196
29197
29202
29203
29204
29207
29208
29418
29420
29421
29427
29430
29431
29432
29451
29454
29456
29457
29461
29467
29470
29471
29472
29473
29477
30701
30707
30710
30712
30734
30736
30747
30750
30752
30753
30757
30822
30824
30825
30910
30911
30912
30955
30958
30960
30961
30965
30982
30984
30985
30989
30995
30998
30999
31000
31295
31338
31340
31341
31346
31347
31348
31351
31370
31371
31372
31377
31378
31380
31381
31391
31465
31594
31595
31596
31597
31601
31602
31603
31604
31605
31607
31626
31627
31628
31633
31634
31636
31637
31639
31647
33710
33713
33715
33716
33717
33719
33720
33769
33771
33772
33793
33794
33795
33805
33806
33807
33809
33811
33812
33813
33815
33816
33818
33869
33871
33872
33877
33878
33879
33881
33882
33883
43263
43274
43275
43276
43277
43278
43279
43280
43281
43282
43283
43284
43285
43287
43305
43322
43324
43325
43331
43332
43334
43335
43336
43337
43355
43358
43359
43360
43361
43365
43370
43371
43372
43373
43374
43375
43376
43377
43378
43379
43380
43381
43382
43383
43384
43398
43400
43401
43423
43424
43434
43435
43436
43437
43441
43442
43443
43444
43445
43446
43447
43448
43449
44230
44232
44233
44254
44255
44256
44266
44267
44268
44269
44273
44274
44275
44276
44277
44278
44279
44280
44281
44607
44618
44619
44620
44621
44622
44623
44624
44625
44626
44627
44628
44629
44631
44649
44795
44798
44799
44800
44801
44805
44810
44811
44812
44813
44818
44819
44820
44821
44822
44823
44824
44825
44826
44828
44829
44834
44835
44836
44838
44839
44840
44841
44906
44908
44909
44914
44915
44916
44918
44919
44920
44921
44922
44924
44925
44930
44931
44932
44934
44935
44936
44937
44954
44955
44956
44958
44959
44960
44961
44962
44964
44965
44970
44971
44972
44974
44975
44976
44977
44978
44980
44981
45821
45827
45830
45831
45832
45833
45851
45854
45855
45856
45857
45861
45866
45867
45868
45869
45870
45871
45872
45873
45874
45875
45876
45877
45878
45879
45880
45950
45951
45952
45962
45963
45964
45965
45966
45968
45969
45970
45971
45972
45973
45974
45975
45976
45990
45992
45993
46014
46015
46016
46017
46026
46027
46028
46029
46030
46032
46033
46034
46035
46036
46037
46038
46039
46040
46041
46045
46051
46054
46055
46056
46057
50950
50952
50953
50974
50975
50976
50986
50987
50988
50989
50990
50993
50994
50995
50996
50997
50999
51071
51082
51083
51084
51085
51089
51090
51091
51092
51093
51095
51113
51135
51146
51147
51148
51149
51153
51154
51155
51156
51157
51158
51159
51160
51177
51401
51423
51434
51435
51436
51437
51442
51443
51444
51445
51446
51447
51448
51786
51787
51788
51790
51792
51793
51794
51796
51797
51966
51967
51968
51969
51973
51978
51980
51981
51986
51987
51988
51990
51991
51992
51993
51997
52003
52006
52007
52008
52009
52077
52083
52086
52087
52088
52089
52090
52092
52093
52098
52099
52100
52102
52103
52104
52105
52123
52126
52127
52128
52129
52133
52138
52139
52140
52142
52143
52144
52145
52146
52148
52149
53326
53327
53328
53498
53499
53500
53501
53505
53506
53507
53508
53509
53510
53511
53512
53529
53530
53531
53532
53533
53534
53536
53537
53538
53539
53540
53541
53543
53550
53551
53552
53626
53627
53628
53630
53631
53632
53633
53634
53636
53637
53645
53651
53654
53656
53657
53658
53659
53660
53661
53666
53667
53668
53669
53670
53671
53672
53673
53679
53707
53710
53711
53712
53713
53717
54006
54008
54009
54350
54351
54352
54522
54523
54524
54525
54526
54528
54529
54530
54531
54532
54533
54534
54535
54536
54553
54554
54555
54556
54557
54558
54560
54561
54562
54563
54564
54565
54567
54574
54575
54576
54577
54650
54651
54652
54653
54654
54655
54656
54657
54658
54659
54660
54661
54663
54669
54675
54678
54679
54680
54681
54682
54683
54684
54685
54689
54690
54691
54692
54693
54694
54695
54696
54697
54703
54731
54734
54735
54736
54737
54741
55030
55032
55033
63437
63438
63439
63441
63442
63443
63444
63445
63447
63448
63453
63454
63455
63456
63460
63461
63462
63463
63464
63465
63466
63467
63468
63469
63471
63472
63477
63478
63479
63481
63482
63483
63484
63490
63677
63679
63680
63685
63686
63687
63689
63690
63691
63692
63773
63774
63775
63777
63778
63779
63780
63781
63783
63784
63821
63822
63823
63824
63825
63826
63827
63828
63829
63830
63831
63832
63834
63837
63839
63840
63845
63846
63847
63849
63850
63851
63852
63853
63854
63855
63856
63857
63859
63860
63861
63862
63863
63864
63865
63866
63867
63868
63873
63874
63875
63948
64034
64077
64078
64079
64080
64084
64085
64086
64087
64088
64089
64090
64091
64092
64108
64109
64110
64111
64112
64113
64114
64115
64116
64117
64118
64119
64120
64122
64125
64126
64127
64128
64129
64130
64131
64132
64133
64134
64135
64136
64138
135565
135566
135567
135568
135569
135570
135571
