7
55
57
383
384
385
386
387
388
390
391
2124
2129
2134
2135
2140
2141
2142
2143
2229
2490
2491
2492
2493
2494
2495
2497
2498
4238
4240
4242
4252
4253
4257
4259
4299
4300
4301
4305
4310
4574
4575
4576
4577
4578
4585
4586
4587
6326
6327
6328
6332
6336
6337
6348
6353
6354
6355
6357
6359
6360
6362
6363
6364
6367
6374
6654
6655
6656
6657
6666
6667
6668
8402
8403
8405
8408
8410
8412
8413
8414
8424
8425
8427
8429
8430
8443
8550
8553
8554
8562
8563
8564
8565
8566
8713
8714
8723
8724
8725
8726
8727
10870
10873
10874
11765
11766
11767
11770
11771
11772
11773
11774
11779
11784
11785
11786
11788
11789
11796
11797
11798
11812
11813
11814
11815
11831
11832
11833
11834
11836
11838
11839
11842
11843
11864
11867
11868
11869
11870
11873
12836
12837
12838
12839
12840
12842
12843
12844
12845
12846
12847
12855
12859
12860
12861
12862
12864
12865
12866
12871
12877
12880
12881
12882
12883
12924
12926
12927
12942
12952
12953
12954
12956
12957
12958
12963
12980
12981
12984
12985
12986
12991
12996
12997
12998
12999
13000
13001
13002
13003
13004
13006
13007
13027
13055
13056
13062
13063
13064
13066
13067
13068
13073
13078
13081
13082
13083
13141
13142
13143
13144
13145
13147
13148
13149
13150
13151
13152
13217
13218
13219
13220
13223
13224
13228
13229
13230
13231
13233
13234
13246
13249
13250
13251
13256
13260
13261
13262
13263
13265
13266
13267
13560
13563
13565
13566
13567
13568
13571
13574
13575
13576
13586
13587
13589
13592
13612
13629
13631
13632
13633
13635
13646
13647
13649
13726
13727
13728
14816
16178
16181
16182
16183
16865
16866
16867
16868
16869
16870
16871
16872
16873
16874
16875
16876
16881
16882
16883
16884
16887
16888
16889
16890
16891
16892
16893
16894
16895
16900
16906
16909
16910
16911
16912
16932
16936
16937
16938
16939
16941
16942
16943
16944
16957
16958
16959
16960
16961
16962
16963
16964
16965
16966
16967
16968
16969
16970
16971
16972
16973
16974
16982
17043
17044
17048
17049
17050
17051
17053
17054
17055
17107
17124
17125
17126
17128
17129
17130
17135
17140
17141
17142
17143
17144
17145
17146
17147
17148
17149
17150
17151
17204
17206
17207
17211
17212
17213
17214
17215
17216
17217
17218
17219
17222
17223
17227
17228
17229
17230
17232
17233
17234
17235
17245
17248
17249
17250
17251
17252
17253
17254
17255
17256
17257
17258
17259
17260
17261
17262
17263
17264
17265
17266
17273
17482
17483
17500
17501
17502
17504
17505
17506
17511
17516
17517
17518
17519
17520
17521
17522
17523
17524
17526
17527
19916
19917
19918
19919
19975
19978
19979
19980
19990
19991
19992
19994
19995
19996
19997
19998
20000
20001
20021
20160
20161
20162
20163
20164
20165
20166
20167
20168
20169
20170
20171
20173
20176
20177
20178
20179
20180
20181
20182
20183
20184
20185
20186
20187
20188
20189
20190
20191
20195
20200
20201
20202
20204
20205
20206
20207
20224
20246
20247
20248
20249
20250
20251
20459
20461
20462
20625
20636
20637
20638
20640
20641
20642
20643
20647
20799
20800
20801
20802
20803
20804
20805
20806
20807
20808
20809
20810
20811
20812
20815
20816
20817
20818
20819
20820
20821
20822
20823
20824
20825
20826
20827
20828
20829
20830
20834
20838
20839
20840
20841
20843
20844
20845
20846
20865
20866
20870
20871
20872
20873
20875
20876
20877
20878
20891
20892
20893
20894
20895
20896
20897
20898
20899
20900
20901
20902
20903
20904
20905
20906
20907
20908
20909
20911
20912
20913
20915
20916
20917
20922
20975
20976
20977
20978
20979
20980
20981
20982
20983
20984
20985
20986
20987
20988
20989
20990
21196
21276
21277
21278
21280
21281
21282
21287
21324
21325
21326
21327
21328
21329
21330
21331
21332
21333
21334
21335
21340
21341
21342
21343
21344
21345
21346
21347
21348
21349
21350
21351
21352
21353
21354
21359
21364
21365
21368
21369
21370
21371
21448
21449
21450
21451
21517
21520
21521
21522
21532
21533
21534
21536
21537
21538
21539
21542
21543
21563
21580
21581
21582
21583
21584
21585
21586
21587
21588
21590
21591
21596
21597
21598
21599
21600
21601
21602
21603
21604
21605
21606
21607
21608
21609
21624
21625
21626
21627
21848
21849
21850
21851
21867
21868
21869
21870
21871
21872
21873
21874
21875
21876
21878
21879
21884
21885
21886
21887
21888
21889
21890
21891
21892
21894
21895
21915
21932
21933
21936
21937
21938
21943
21948
21949
21950
21951
21952
21953
21954
21955
21956
21957
21958
21959
21960
21961
22015
22019
22020
22021
22022
22024
22025
22026
22027
22028
22029
22030
22031
22032
22034
22035
22036
22037
22038
22039
22040
22041
22042
22043
22047
22051
22052
22053
22054
22056
22057
22058
22059
22060
22061
22062
22063
22064
22066
22067
22068
22069
22070
22071
22072
22073
22074
22075
23424
23426
23427
23521
23532
23533
23534
23536
23537
23538
23543
23563
23629
23630
23631
23633
23634
23635
23636
23640
23645
23646
23647
23648
23649
23650
23651
23652
23653
23654
23655
23656
23673
23675
23676
23693
23695
23696
23700
23701
23702
23703
23704
23705
23706
23707
23712
23717
23718
23721
23722
23723
23724
23725
23727
23728
23732
23733
23734
23735
23737
23738
23739
23808
23813
23814
23817
23818
23819
23820
23897
23899
23900
23916
23917
23918
23919
23921
23922
23923
23924
23928
23933
23934
23935
23937
23938
23939
23944
23988
23990
23991
23995
23996
23997
23998
24000
24001
24002
24016
24017
24018
24019
24034
24035
24036
24037
24038
24039
24040
24041
24042
24043
24044
24045
24046
24047
24057
24361
24372
24373
24374
24375
24376
24377
24378
24379
24380
24381
24382
24383
