1171
1172
1173
1174
1175
1176
1177
3278
3279
3280
3281
3282
3283
3284
5412
5413
5414
5415
5417
5418
5419
7485
7486
7487
7488
7489
7492
9584
9586
9587
9588
9589
9590
9591
24656
24692
24698
24840
24846
24934
24941
24944
25045
25048
25054
25083
25094
25104
25699
25706
25709
25813
25819
25824
25859
25866
25868
25869
26357
26359
26385
26387
26388
26394
26399
26801
26803
26804
26810
26814
26815
26837
26839
26850
26856
26857
26860
26946
26953
26955
26956
26998
26999
27025
27028
27034
27037
27039
27142
29806
29807
29808
29830
29833
29834
29836
29837
29843
29846
29848
29849
30249
30250
30253
30259
30262
30264
30265
30286
30287
30288
30299
30306
30308
30309
30311
30395
30401
30402
30404
30405
30446
30448
30449
30474
30476
30477
30483
30484
30486
30487
30488
30495
32686
32687
32693
32695
32696
32698
32797
32799
32800
32805
32806
32807
32809
32810
32811
32833
32835
32836
32846
32849
32851
32852
32853
32855
32856
32882
34461
34462
34463
34464
34469
34470
34471
34472
34473
34474
34475
34494
34497
34499
34500
34501
34503
34504
34510
34513
34515
34516
34517
34519
34520
34605
34606
34607
34608
34613
34614
34615
34616
34618
34619
34657
34658
34659
34669
34672
34678
34681
34683
34684
34685
34687
34688
34694
34697
34699
34700
35038
35041
35043
35044
35048
35069
35070
35071
35072
35077
35078
35079
35080
35081
35082
35083
35090
35246
35249
35251
35252
35253
35255
35256
35344
35353
35355
35356
35357
35359
35360
35366
35369
35371
35372
35393
35394
35395
35405
35406
35407
35413
35414
35415
35416
35418
35825
35826
35827
47374
47375
47376
47377
47418
47420
47421
47427
47430
47432
47433
47455
47456
47466
47467
47468
47469
47474
47475
47476
47477
47478
47479
47480
47481
47485
47494
47496
47497
47519
47530
47531
47532
47533
47538
47539
47540
47542
47543
47544
47545
49097
49130
49132
49133
49139
49142
49143
49144
49145
49146
49149
49155
49158
49160
49161
49183
49184
49194
49195
49196
49197
49202
49203
49204
49205
49206
49207
49208
49209
49291
49294
49295
49296
49297
49298
49301
49339
49342
49344
49345
49346
49348
49349
49351
49370
49371
49372
49373
49374
49377
49378
49379
49380
49381
49383
49384
49390
49391
49392
49393
49727
49738
49740
49741
49747
49748
49750
49751
49752
49753
49754
49757
49763
49766
49768
49769
49919
49930
49931
49932
49933
49938
49939
49940
49941
49942
49943
49944
49945
49958
49960
49961
50042
50043
50044
50046
50048
50049
50050
50051
50052
50053
50055
50074
50075
50076
50078
50080
50081
50082
50083
50084
50085
50087
50091
50094
50095
50096
50097
50101
50123
50126
50127
50128
50129
50133
59341
59342
59343
59344
59345
59347
59348
59349
59350
59351
59352
59353
59354
59355
59373
59374
59375
59377
59378
59379
59380
59381
59383
59384
59386
59390
59393
59394
59395
59396
59397
59399
59400
59402
59790
59793
59794
59795
59796
59797
59799
59800
59802
59817
59819
59820
59821
59822
59823
59824
59828
59829
59830
59831
59832
59833
59834
59835
59836
59841
59842
59843
59844
59921
59922
59923
59924
59933
59935
59936
59942
59943
59945
59946
59947
59948
59949
59951
59952
59958
59959
59961
59962
59963
59964
59970
59986
59997
59998
59999
60000
60004
60005
60006
60007
60008
60009
60010
60011
60012
60025
60028
60125
60126
60127
60129
60130
60131
60132
60133
60134
60135
60136
60138
66321
66322
66328
66331
66332
66333
66334
66335
66336
66337
66338
66339
66340
66341
66342
66343
66347
66348
66349
66350
66424
66425
66427
66428
66429
66430
66431
66433
66434
66436
66439
66441
66442
66448
66449
66451
66452
66453
66454
66455
66456
66457
66458
66459
66462
66463
66464
66465
66466
66467
66468
66469
66470
66475
66476
66477
66478
66492
66503
66504
66505
66506
66507
66508
66509
66510
66511
66512
66513
66514
66515
66516
66517
66534
66827
66828
66829
66830
66871
66872
66873
66874
66879
66880
66881
66882
66883
66884
66885
66886
66904
66907
66908
66909
66910
66911
66913
66914
66919
66920
66921
66922
66923
66924
66925
66926
66927
66928
66929
66930
66931
66932
66933
66934
66947
66949
66950
66972
66983
66985
66986
66991
66992
66993
66995
66996
66997
66998
67083
67084
67085
67127
67128
67129
67130
67131
67133
67134
67135
67136
67137
67138
67139
67140
67141
67142
67159
67160
67161
67163
67164
67165
67166
67167
67169
67170
67172
67175
67176
67177
67178
67179
67180
67181
67182
67183
67184
67185
67186
67188
67189
67239
67242
67248
67251
67253
67254
68600
68603
68604
68605
68606
68607
68609
68610
68612
68615
68617
68618
68624
68627
68629
68630
68631
68632
68633
68634
68638
68639
68640
68641
68642
68643
68644
68645
68646
68651
68652
68653
68654
68728
68731
68732
68733
68734
68735
68738
68743
68745
68746
68752
68753
68755
68756
68757
68758
68759
68760
68761
68762
68767
68768
68769
68770
68771
68772
68773
68774
68780
68781
68796
68807
68808
68809
68810
68811
68813
68814
68815
68816
68817
68818
68819
68820
68821
68822
68835
68838
69447
69448
69449
69450
69451
69452
69453
69454
69455
69456
69457
69458
69459
69460
69461
69671
69673
69674
69680
69683
69685
69686
69772
69773
69815
69816
69817
69818
69823
69824
69825
69826
69827
69828
69829
69830
69848
69851
69852
69853
69854
69858
69863
69864
69865
69866
69867
69869
69870
69871
69872
69873
69874
69875
69876
69877
69878
69894
69927
69929
69930
69936
69939
69940
69941
69942
70027
70028
70029
70071
70072
70073
70074
70079
70080
70081
70082
70083
70084
70085
70086
70104
70107
70108
70109
70110
70111
70113
70114
70119
70120
70121
70122
70123
70125
70126
70127
70128
70129
70130
70131
70132
70133
