322
323
324
325
326
327
328
329
2115
2430
2431
2433
2434
2435
2436
2437
4208
4211
4216
4244
4246
4509
4512
4516
4517
4518
4536
4539
6297
6592
6593
6597
6617
6618
6619
6620
8375
8653
8654
8672
8673
8674
8675
8679
10425
10426
10427
10442
10443
10444
10445
10447
10453
10472
10488
10489
10490
10491
10495
10500
10553
10565
10568
10569
10615
10616
10619
10620
10621
10680
10681
10682
10686
10691
10747
10751
10752
10753
10754
10772
10773
10774
10790
10791
10795
10799
10800
10802
10927
10943
10944
10945
10946
10948
10949
10950
10955
10988
11057
11058
11059
11121
11123
11124
11127
11128
11131
11132
11133
11134
11135
11136
11144
11148
11149
11150
11151
11169
11170
11171
11316
11382
11385
11386
11397
11398
11399
11401
11402
11403
11408
11445
11446
11449
11450
11451
11456
11461
11462
11463
11465
11466
11467
11472
11492
11658
11701
11702
11703
11705
11706
11707
11712
11717
11718
11719
11721
11722
11723
11724
11727
11728
11748
12070
12071
12074
12075
12076
12077
12078
12079
12087
12091
12092
12093
12094
12096
12097
12108
12109
12112
12113
12114
12336
12337
12338
12339
12352
12353
12354
12355
12356
12357
12358
12359
12360
12361
12362
12363
12364
12365
12366
12367
12436
12438
12439
12442
12443
12444
12445
12446
12447
12449
12503
12507
12508
12509
12510
12512
12513
12514
12519
12523
12524
12525
12526
12528
12529
12530
12540
12541
12544
12545
12546
12547
12551
12555
12556
12557
12558
12560
12561
12562
13364
13365
13366
13367
13431
13432
13433
13434
13436
13437
13438
13439
13442
13443
13448
13449
13450
13451
13452
13453
13454
13455
13456
13457
13458
13459
13476
13478
13479
13732
13737
13738
13739
13741
13742
13757
13758
13759
13764
13769
13770
13773
13774
14000
14016
14017
14018
14019
14021
14022
14023
14028
14033
14034
14035
14037
14038
14039
14040
14043
14044
14289
14290
14291
14292
14295
14296
14297
14298
14299
14300
14301
14302
14303
14308
14313
14314
14315
14317
14318
14319
14320
14330
14333
14334
14335
14336
14337
14338
14339
14340
14341
14342
14343
14344
14345
14346
14347
14348
14349
14350
14381
14382
14383
14384
14397
14399
14400
14401
14402
14403
14404
14405
14406
14407
14408
14409
14410
14411
14412
14417
14418
14421
14422
14481
14482
14483
14484
14485
14486
14487
14488
14489
14490
14491
14492
15065
15066
15069
15070
15071
15072
15328
15329
15330
15331
15332
15333
15334
15335
15336
15339
15340
15345
15346
15347
15348
15349
15350
15351
15352
15353
15354
15355
15356
15375
15376
15393
15394
15395
15396
15397
15398
15399
15400
15401
15402
15403
15404
15409
15410
15411
15412
15413
15414
15415
15416
15417
15418
15419
15420
15437
15438
15439
15440
15517
15518
15519
15520
15586
15589
15590
15601
15602
15603
15605
15606
15607
15612
15649
15650
15651
15653
15654
15655
15660
15665
15666
15667
15668
15669
15670
15671
15672
15675
15676
15696
15776
16609
16610
16611
16612
16613
16614
16615
16616
16617
16618
16619
16620
16621
16622
16625
16626
16627
16628
16629
16631
16632
16633
16634
16635
16636
16637
16638
16639
16644
16648
16649
16650
16651
16653
16654
16655
16656
16675
16676
16680
16681
16682
16683
16684
16685
16686
16687
16692
16696
16697
16698
16699
16701
16702
16703
16704
16707
16708
16712
16713
16714
16715
16717
16718
16719
16788
16792
16793
16794
16795
16797
16798
16799
16800
18300
18301
18302
18303
18304
18305
18306
18307
18308
18309
18310
18311
18312
18313
18314
18316
18317
18318
18319
18320
18321
18322
18323
18324
18325
18326
18327
18328
18329
18330
18331
18334
18335
18339
18340
18341
18342
18343
18344
18345
18346
18347
18366
18367
18370
18371
18372
18373
18374
18375
18376
18377
18378
18379
18383
18387
18388
18389
18390
18392
18393
18394
18395
18396
18397
18398
18399
18400
18401
18402
18403
18404
18405
18406
18407
18408
18409
18410
18476
18477
18478
18479
18480
18482
18483
18484
18485
18486
18487
18488
18489
18490
18491
18868
18869
18870
18871
18872
18873
18874
18875
18876
18877
18878
18879
18881
18882
18883
18884
18885
18886
18887
18888
18890
18891
19103
19121
19124
19125
19136
19137
19138
19139
19140
19141
19142
19143
19144
19145
19146
19147
19148
19149
19150
19155
19159
19160
19161
19162
19164
19165
19166
19167
19176
19177
19180
19181
19182
19183
19184
19185
19186
19187
19188
19189
19190
19191
19192
19193
19194
19195
19196
19197
19198
19200
19201
19202
19204
19205
19206
19211
19228
19229
19230
19231
19244
19245
19246
19247
19248
19249
19250
19251
19252
19253
19254
19255
19256
19257
19258
19259
19264
19265
19266
19267
19268
19269
19270
19271
19272
19273
19274
19275
19294
19295
19311
19312
19313
19314
19316
19317
19318
19319
19323
19328
19329
19330
19331
19332
19333
19334
19335
19336
19337
19338
19339
19341
22574
22578
22579
22580
22581
22583
22584
22585
22586
22839
22841
22842
22843
22844
22845
22846
22847
22848
22849
22850
22851
22852
22853
22854
22859
22860
22861
22862
22863
22864
22865
22866
22867
22868
22869
22870
22887
22888
22889
22890
22907
22908
22909
22910
22911
22912
22913
22914
22915
22916
22917
22918
22919
22920
22923
22924
22925
22926
22927
22928
22929
22930
22931
22932
22933
22934
22935
22936
22937
22942
22947
22948
22949
22951
22952
22953
22954
23028
23031
23032
23033
23034
23104
23115
23116
23119
23120
23121
23163
23164
23165
23167
23168
23169
23174
23179
23180
23181
23183
23184
23185
23190
23210
23290
24403
24419
24420
24421
24422
24424
24425
24426
24431
24436
24437
24438
24440
24441
24442
24447
24488
24489
24500
24501
24502
24503
24504
24505
24506
24507
24508
24509
24510
24511
24530
24531
24547
24548
24549
24550
24552
24553
24554
24555
24558
24559
24564
24565
24568
24569
24570
24575
