1605
1607
1611
1612
1613
1614
1615
1616
3708
3713
3714
3715
3716
3717
3718
3719
5383
5875
5876
5877
5878
5879
5880
5881
6923
7454
7455
7456
7459
7954
7955
7956
7957
9549
9550
9551
9552
9553
9554
9555
9556
9557
24650
24652
24677
24815
24859
24938
24993
24995
25030
25040
25108
25683
25690
25693
25715
25722
25724
25735
25815
25838
25840
25841
25854
25856
25857
25891
25898
25900
26375
26560
26582
26593
26595
26601
26603
26606
26690
26696
26700
26741
26743
26768
26769
26771
26772
26778
26781
26782
26783
27044
27050
27053
27055
29742
29743
29744
29766
29768
29769
29770
29772
29773
29779
29782
29783
29784
29785
29867
29870
29872
29873
29877
29898
29899
29900
29901
29906
29907
29908
29911
29919
29950
29952
29953
30270
30272
30273
30362
30364
30365
30371
30374
30375
30376
30393
30415
30426
30428
30429
30435
30436
30439
30574
30576
30577
30581
30602
30604
30605
30611
30612
30615
30623
32750
32753
32756
32757
32759
32760
33488
33494
33497
33499
33500
33585
33586
33587
33629
33630
33631
33636
33637
33639
33640
33642
33661
33662
33663
33665
33668
33669
33671
33672
33674
33681
33682
33683
33684
34018
34029
34031
34032
34038
34041
34042
34043
34044
34048
34057
34059
34060
34221
34222
34223
34224
34229
34230
34231
34232
34234
34235
34329
34331
34332
34333
34335
34336
34341
34342
34343
34345
34346
34347
34348
34366
34369
34370
34371
34372
34376
34382
34385
34387
34388
34389
34391
34392
34418
35424
35430
35433
35435
35436
35457
35458
35459
35469
35470
35471
35476
35477
35479
35480
35482
47115
47118
47119
47120
47121
47122
47125
47162
47164
47165
47171
47174
47175
47176
47177
47198
47199
47200
47210
47211
47212
47213
47217
47218
47219
47220
47221
47222
47223
47224
47225
47238
47240
47241
47263
47274
47275
47276
47277
47282
47283
47284
47286
47287
47288
47289
47611
47614
47615
47616
47617
47621
47629
47635
47638
47640
47641
47642
47643
47644
47645
47650
47651
47652
47653
47654
47655
47656
47657
47663
47739
47742
47743
47744
47745
47746
47748
47749
47766
47768
47769
47770
47771
47772
47773
47777
47778
47779
47780
47781
47782
47783
47784
47785
47790
47791
47792
47819
47820
47822
47823
47824
47825
47826
47828
47829
47831
47946
47947
47948
47950
47952
47953
47954
47956
47957
47959
49215
49216
49226
49228
49229
49234
49235
49236
49238
49239
49240
49241
49245
49251
49254
49256
49257
49594
49596
49597
49603
49606
49607
49608
49609
49630
49631
49632
49633
49642
49643
49644
49645
49646
49649
49650
49651
49652
49653
49654
49655
49656
49673
49706
49708
49709
49715
49718
49719
49720
49721
49806
49807
49808
49809
49850
49851
49852
49853
49854
49856
49857
49858
49859
49860
49861
49863
49882
49883
49884
49886
49888
49889
49890
49892
49893
49895
49902
49903
49904
49905
49909
50431
50442
50443
50444
50445
50450
50451
50452
50453
50454
50455
50456
50473
50550
50553
50554
50555
50556
50557
50562
50563
50564
50566
50567
50568
50569
50587
50590
50591
50592
50593
50594
50597
50603
50606
50608
50609
50610
50612
50613
50639
59597
59598
59599
59600
59601
59603
59604
59605
59606
59607
59608
59610
59628
59629
59630
59631
59632
59633
59635
59636
59637
59638
59639
59640
59641
59642
59643
59646
59649
59650
59651
59652
59656
62589
62591
62592
62598
62601
62602
62603
62604
62945
62946
62947
63117
63118
63119
63120
63124
63125
63126
63127
63128
63129
63130
63131
63132
63149
63150
63151
63153
63154
63155
63156
63157
63159
63160
63162
63165
63166
63167
63169
63170
63171
63172
63173
63174
63175
63176
63178
63249
63250
63251
63261
63262
63263
63264
63265
63267
63268
63269
63270
63271
63272
63273
63274
63275
63276
63280
63286
63289
63291
63292
63313
63314
63315
63316
63325
63326
63327
63328
63332
63333
63334
63335
63336
63337
63338
63339
63340
63341
63343
63344
63350
63353
63354
63355
63356
64674
64717
64718
64719
64720
64721
64723
64724
64725
64726
64727
64728
64729
64730
64731
64732
64748
64749
64750
64751
64752
64753
64754
64755
64756
64757
64758
64759
64760
64761
64762
64763
64766
64767
64769
64770
64771
64772
64773
64775
64776
64832
64841
64843
64844
65438
65441
65442
65443
65444
65448
65485
65486
65487
65488
65493
65494
65495
65496
65497
65498
65499
65500
65518
65521
65522
65523
65524
65525
65527
65528
65533
65534
65535
65536
65537
65538
65539
65540
65541
65542
65543
65544
65545
65546
65547
65564
65586
65597
65599
65600
65605
65606
65607
65609
65610
65611
65612
65898
65900
65903
65904
65906
65907
65908
65909
65910
65911
65912
65913
65914
65930
65931
65932
65933
65934
65935
65936
65937
65938
65939
65940
65941
65942
65943
65944
65945
65947
65948
65949
65951
65952
65953
65954
65955
65957
65958
65960
66028
66031
66032
66033
66034
66038
66043
66044
66045
66046
66050
66051
66052
66053
66054
66055
66056
66057
66058
66059
66061
66062
66067
66068
66069
66071
66072
66073
66074
66080
66096
66097
66107
66108
66109
66110
66111
66113
66114
66115
66116
66117
66118
66119
66120
66121
66122
66126
66135
66137
66138
69610
69616
69619
69621
69622
69963
69964
69965
70135
70136
70137
70138
70142
70143
70144
70145
70146
70147
70148
70149
70150
70168
70171
70172
70173
70174
70175
70177
70178
70183
70184
70185
70186
70187
70188
70189
70190
70191
70192
70193
70194
70196
70268
70279
70280
70281
70282
70283
70285
70286
70287
70288
70289
70290
70291
70292
70293
70294
70307
70310
70331
70332
70333
70334
70343
70345
70346
70351
70352
70353
70355
70356
70357
70358
70359
70361
70362
70368
70369
70371
70372
70373
70374
70380
