642
661
664
1829
1830
1831
1832
1833
1835
1836
2760
2784
2787
2789
2796
2802
3933
3934
3935
3936
3937
3938
3939
4859
4864
4871
4873
4875
4897
4901
4943
4944
4949
4950
4953
5292
5293
5294
5295
5296
5297
5298
6964
6965
6967
6982
6983
6984
6990
6992
6993
6996
7002
7003
7004
7006
7008
7009
7013
7014
7357
7360
7361
7362
7363
7364
7367
9007
9008
9009
9010
9012
9019
9025
9026
9027
9029
9031
9036
9163
9164
9165
9166
9168
9169
9170
9175
9178
9186
9187
9390
9393
9397
9398
9399
9401
9404
25259
25260
25261
25263
27327
27328
27329
27331
27333
27334
27335
27337
27338
27346
27350
27351
27352
27354
27355
27356
27370
27371
27372
27435
27438
27439
27440
27449
27450
27451
27452
27453
27455
27456
27457
27458
27459
27460
27479
27497
27502
27503
27504
27506
27507
27508
27524
27525
27526
27527
27528
27529
27533
27534
27535
27536
27537
27601
27603
27604
27608
27609
27610
27611
27612
27623
27624
27634
27635
27638
27639
27640
27645
27650
27653
27654
27655
27660
27677
27683
27686
27687
27688
27951
27962
27963
27964
27966
27967
27968
27969
27973
28010
28012
28013
28017
28018
28019
28020
28021
28023
28035
28038
28039
28040
28041
28044
28045
28049
28050
28051
28052
28054
28055
28056
28134
28135
28136
28137
31849
31934
31935
31978
31979
31980
31981
31982
31983
31984
31987
31992
31997
31998
31999
32002
32009
32011
32012
32263
32265
32266
32267
32268
32272
32289
32290
32291
32292
32293
32295
32310
32312
32329
32330
32333
32334
32339
32346
36598
36599
36600
36601
36714
36715
36726
36727
36728
36730
36731
36732
36733
36736
36737
36757
36842
36843
36844
36846
36847
36848
36849
36853
36858
36859
36860
36861
36862
36863
36864
36865
36866
36867
36868
36869
36870
36871
36886
36887
36888
36889
36908
36909
36913
36914
36915
36916
36918
36919
36920
36921
36934
36935
36936
36937
36938
36939
36940
36941
36942
36943
36944
36945
36946
36947
36948
36949
36950
36951
36958
36959
36960
37020
37021
37025
37026
37027
37028
37030
37031
37032
37033
37189
37192
37193
37194
37199
37351
37352
37353
37354
37355
37356
37357
37358
37359
37360
37361
37362
37367
37368
37369
37370
37371
37372
37373
37374
37375
37376
37377
37378
37379
37380
37381
37382
37386
37391
37392
37393
37395
37396
37397
37398
37418
37423
37424
37425
37427
37428
37429
37430
37443
37445
37446
37447
37448
37449
37450
37451
37452
37453
37454
37455
37456
37457
37458
37460
37463
37464
37465
37467
37468
37469
37470
37474
37494
37516
37527
37528
37529
37530
37531
37533
37534
37535
37536
37537
37538
37539
37540
37541
37542
37812
37813
37863
37864
37865
37866
37869
37870
37871
37872
37873
37874
37875
37876
37877
37878
37942
37943
37944
37945
37946
37947
37948
37949
37950
37951
37952
37953
37954
37959
37960
37961
37962
37963
37964
37965
37966
37967
37968
37969
37970
37971
37972
37973
37978
37984
37987
37988
37989
37990
38011
38012
38023
38024
38025
38027
38028
38029
38030
38033
38034
38054
38275
38276
38277
38278
38294
38295
38296
38297
38299
38300
38301
38302
38303
38305
38306
38311
38312
38313
38315
38316
38317
38318
38321
38322
38342
38363
38364
38375
38376
38377
38378
38379
38380
38381
38382
38383
38384
38385
38386
38387
38388
38389
38451
38452
38453
38454
38455
38456
38457
38458
38459
38460
38461
38462
38463
38464
38465
38466
38467
38468
38471
38473
38474
38478
38479
38480
38481
38482
38483
38484
38485
38486
38489
38490
38494
38495
38496
38497
38499
38500
38501
38502
38536
38539
38540
38541
38969
38970
38974
38975
38976
38977
38979
38980
38981
38982
38995
38996
38997
38998
38999
39000
39001
39002
39003
39004
39005
39006
39007
39008
39009
39010
39012
39015
39016
39017
39019
39020
39021
39026
40123
40124
40125
40135
40136
40137
40138
40139
40140
40141
40142
40143
40145
40146
40166
40311
40312
40313
40314
40315
40316
40317
40318
40319
40320
40321
40322
40323
40324
40325
40327
40329
40330
40334
40335
40336
40337
40339
40340
40341
40342
40343
40344
40345
40346
40347
40349
40350
40351
40352
40353
40354
40355
40356
40357
40358
40364
40386
40388
40389
40390
40391
40392
40395
40400
40401
40402
40418
40419
40420
40421
40423
40424
40425
40426
40427
40429
40430
40435
40436
40437
40438
40439
40440
40441
40442
40443
40444
40445
40446
40447
40448
40714
40720
40723
40724
40725
40726
55545
55887
56058
56059
56060
56061
56062
56063
56064
56065
56066
56067
56068
56069
56070
56071
56077
56082
56083
56084
56086
56087
56088
56089
56092
56093
56097
56098
56099
56100
56102
56103
56104
56105
56134
56136
56137
56154
56155
56156
56158
56159
56160
56161
56165
56170
56171
56172
56174
56175
56176
56177
56180
56181
56201
56222
56223
56234
56235
56236
56237
56238
56239
56240
56241
56242
56243
56244
56245
56247
57264
57285
57286
57287
57297
57298
57299
57301
57302
57303
57304
57305
57307
57308
57328
57349
57350
57351
57361
57362
57363
57365
57366
57367
57368
57369
57371
57372
57424
57425
57426
57427
57428
57429
57430
57431
57435
57436
57437
57438
57439
57440
57441
57442
57453
57456
57457
57458
57459
57460
57462
57463
57467
57468
57469
57470
57472
57473
57474
57663
57664
57668
57669
57670
57671
57673
57674
57675
57689
57690
57691
57692
57693
57694
57695
57696
57697
57699
57700
57701
57702
57703
57704
57705
57706
57776
57781
57782
57785
57786
57787
57788
57854
57857
57858
57859
57864
57869
57870
57871
57872
57873
57874
57875
57876
57877
57878
57879
57880
57899
57900
57921
57922
57923
57933
57934
57935
57937
57938
57939
57940
57941
57943
57944
57964
