2015
2018
2022
2027
2028
2029
4114
4115
4116
4117
4119
4120
4126
6219
6220
6221
6222
6226
6232
6233
7615
8290
8292
8293
8295
8296
8297
8302
9722
10374
10375
10377
10378
10379
10380
10381
73206
73208
73527
73533
73537
73598
73600
73674
73693
73695
73750
73760
74879
74964
74965
74966
75009
75012
75014
75019
75036
75037
75038
75052
75054
75267
75272
75273
75277
75296
75298
75303
75304
75306
75604
75605
75606
75651
75657
75661
75680
75681
75682
75687
75691
75775
75908
75910
75933
75948
75950
80435
80441
80444
80445
80446
80784
80785
80786
80788
80790
80791
80792
80794
80795
80964
80965
80966
80976
80978
80979
80983
80984
80985
80986
80987
80989
81004
81006
81007
81038
81039
81060
81061
81062
81072
81073
81074
81076
81078
81079
81080
81082
81083
81125
81136
81137
81138
81139
81143
81144
81145
81146
81147
81149
81987
81993
81996
81997
81998
81999
82016
82017
82020
82021
82022
82023
82027
82036
82037
82038
82111
82112
82113
82114
82115
82119
82120
82121
82122
82123
82140
82142
82143
82144
82146
82147
82152
82153
82154
82157
82197
83344
83345
83346
83350
83351
83354
83355
83532
83534
83535
83553
83556
83557
83558
83563
83572
83573
83574
83648
83649
83650
83655
83656
83658
83659
83676
83678
83679
83683
83688
83689
83690
83692
83693
83694
83733
84019
84025
84028
84029
84030
84549
84560
84562
84563
84567
84568
84569
84570
84591
84623
84645
84657
84660
84662
84663
84667
84720
84722
84723
84728
84729
84730
84733
101267
101272
101273
101274
101276
101277
101278
101279
101295
101296
101297
101298
101300
101301
101302
101303
101304
101306
101307
101312
101313
101314
101315
101316
101317
101318
101319
101320
101322
101323
102503
102504
102505
102547
102548
102549
102550
102551
102552
102553
102554
102555
102556
102557
102558
102559
102560
102561
102563
102565
102566
102571
102572
102573
102575
102576
102577
102578
102579
102580
102581
102582
102586
102587
102588
102589
102590
102591
102592
102593
102594
102600
102671
102673
102674
103268
103271
103272
103273
103274
103278
103315
103316
103317
103318
103319
103320
103321
103322
103323
103324
103325
103326
103327
103328
103329
103334
103340
103343
103344
103345
103346
103347
103348
103349
103350
103351
103353
103354
103355
103356
103357
103358
103359
103360
103361
103362
103367
103368
103369
103430
103436
103439
103440
103441
103442
103555
103557
103558
103562
103563
103564
103565
103567
103568
103569
103570
103640
103651
103652
103653
103654
103655
103656
103657
103658
103659
103660
103661
103662
103664
103682
103699
103700
103701
103702
103703
103704
103705
103706
103707
103708
103709
103710
103715
103716
103717
103718
103721
103722
103723
103724
103725
103726
103727
103728
103729
103730
103731
103733
103734
103739
103740
103741
103743
103744
103745
103746
103826
103912
103955
103956
103957
103958
103962
103963
103964
103965
103966
103967
103968
103969
103970
103983
103985
103986
103987
103988
103989
103990
103991
103992
103993
103994
103995
103996
103997
103998
103999
104000
104003
104004
104005
104007
104008
104009
104010
104011
104013
104014
107362
107384
107395
107396
107397
107398
107402
107403
107404
107405
107406
107407
107408
107409
107410
107479
107480
107481
107491
107492
107493
107494
107495
107496
107497
107498
107499
107500
107501
107502
107503
107504
107505
107519
107521
107522
107540
107543
107544
107545
107546
107550
107555
107556
107557
107558
107559
107560
107561
107562
107563
107564
107565
107566
107567
107568
107569
107583
107585
107586
107858
107859
107860
107861
107862
107863
107864
107865
107866
107867
107868
107869
107870
107872
107875
107877
107878
107883
107884
107885
107887
107888
107889
107890
107891
107893
107894
107898
107899
107900
107901
107903
107904
107905
107906
107938
107960
107971
107972
107973
107974
107975
107977
107978
107979
107980
107981
107982
107983
107984
107985
107986
107990
107996
107999
108000
108001
108002
108019
108020
108021
108023
108024
108025
108026
108027
108029
108030
108035
108036
108037
108038
108039
108040
108041
108042
108043
108044
108045
108046
108196
108199
108200
108201
108202
108206
112787
112788
112789
112791
112792
112793
112794
112797
112798
112803
112805
112806
112811
112812
112813
112815
112816
112817
112818
112822
112828
112831
112832
112833
112834
113506
113528
113539
113540
113541
113542
113543
113545
113546
113547
113548
113549
113550
113551
113552
113553
113620
113623
113624
113625
113626
113630
113635
113636
113637
113638
113642
113643
113644
113645
113646
113647
113648
113649
113663
113664
113665
113666
113688
113699
113700
113701
113703
113704
113705
113706
113707
113709
113710
113730
113999
114000
114001
114002
114003
114004
114005
114006
114007
114009
114010
114011
114012
114013
114014
114015
114016
114017
114031
114032
114033
114034
114035
114036
114037
114038
114039
114041
114042
114043
114044
114045
114046
114047
114048
114049
114056
114115
114117
114118
114123
114124
114125
114127
114128
114129
114130
114131
114133
114134
114139
114140
114141
114143
114144
114145
114146
114162
114163
114164
114165
114166
114167
114168
114169
114170
114171
114172
114173
114174
114180
114183
114184
114185
114186
114190
114343
114344
114345
115487
115489
115490
115511
115512
115513
115523
115524
115525
115526
115527
115528
115529
115530
115531
115532
115533
115534
117603
117604
117607
117608
117609
117610
117614
117651
117653
117654
117658
117659
117660
117661
117663
117664
117665
117682
117683
117684
117685
117686
117687
117689
117690
117691
117692
117693
117694
117696
117703
117704
117705
117772
117775
117776
117777
117778
117903
117904
117905
117906
117988
117991
117992
117993
117994
117998
118035
118036
118037
118039
118040
118041
118042
118046
118054
118059
118060
118061
118063
118064
118065
118070
118076
118079
118080
118081
118082
118291
118293
118294
118298
118299
118300
118301
118303
118304
118305
118322
118323
118324
118325
118326
118327
118329
118330
118331
118332
118333
118334
118336
118343
118344
135762
135763
135764
135765
135766
135767
135768
