353
354
356
357
358
359
363
2117
2121
2126
2161
2163
2165
2465
2466
2467
2468
2470
2471
2472
4220
4221
4223
4227
4243
4545
4546
4547
4548
4549
4550
4551
4552
6309
6310
6312
6314
6315
6322
6386
6629
6630
6631
6632
6633
6634
6635
8379
8380
8432
8433
8434
8438
8441
8684
8685
8686
8687
8688
8689
8690
10512
10579
10582
10583
10584
10586
10594
10612
10613
10614
10824
10825
10826
10828
10830
10835
10842
10846
10847
10848
10849
10868
10869
10883
10893
10896
10897
10898
10916
10917
10928
10929
10930
10932
10934
10939
10959
11204
11220
11221
11222
11223
11225
11226
11227
11232
11242
11496
11501
11502
11503
11505
11506
11507
11512
11517
11518
11521
11522
11523
11537
11538
11539
11540
11543
11544
11548
11549
11550
11551
11588
11605
11606
11607
11609
11610
11611
11616
11622
11625
11626
11685
11686
11687
11689
11690
11691
11692
11695
11696
12644
12645
12646
12647
12648
12649
12650
12651
12652
12653
12654
12655
12660
12662
12663
12667
12668
12669
12670
12671
12673
12688
12689
12690
12691
12711
12715
12716
12717
12718
12720
12721
12722
12733
12736
12737
12738
12739
12742
12743
12747
12748
12749
12750
12751
12752
12753
12823
12828
12829
12830
12832
12833
12834
13042
13043
13158
13161
13162
13173
13174
13175
13177
13178
13179
13184
13204
13304
13305
13308
13309
13310
13320
13321
13322
13324
13325
13326
13331
13351
13368
13369
13370
13371
13372
13374
13375
13376
13377
13378
13379
13387
13391
13392
13393
13394
13397
13412
13413
13414
13415
13494
13495
13613
13615
13616
13620
13621
13623
13624
13662
13663
13664
13669
13674
13675
13678
13679
13694
13695
13696
13701
13705
13706
13707
13708
14612
14616
14617
14618
14619
14621
14622
14623
14685
14686
14687
14688
14689
14690
14691
14692
14693
14694
14695
14696
14697
14698
14699
14700
14702
14705
14707
14708
14712
14713
14714
14715
14716
14717
14718
14719
14724
14729
14730
14731
14733
14734
14735
14736
15780
15785
15786
15787
15789
15790
15791
15792
15805
15806
15807
15808
15809
15810
15811
15812
15813
15814
15815
15816
15817
15818
15819
15820
15822
15826
15829
15830
15831
15889
15890
15891
15892
15893
15894
15895
15896
15897
15898
15899
15900
15901
15902
15903
15956
15961
15962
15963
15965
15966
15967
15968
15969
15970
15971
15972
15973
15975
15976
15977
15978
15979
15980
15981
15982
15983
15988
15992
15993
15994
15995
15997
15998
15999
16000
16003
16004
16008
16009
16010
16011
16013
16014
16015
16016
16157
16159
16160
16225
16226
16229
16230
16231
16236
16241
16242
16243
16245
16246
16247
16248
16252
16272
16289
16290
16291
16293
16294
16295
16296
16300
16305
16306
16307
16308
16309
16310
16311
16312
16313
16314
16315
16316
16333
16335
16336
16416
16486
16497
16498
16499
16501
16502
16503
16508
16545
16546
16547
16548
16549
16550
16551
16552
16553
16554
16555
16556
16561
16562
16563
16564
16565
16566
16567
16568
16569
16570
16571
16572
16573
16574
16589
16590
16591
16592
18552
18553
18554
18555
18913
18916
18917
18918
18960
18961
18962
18964
18965
18966
18971
18976
18977
18978
18979
18980
18981
18982
18983
18984
18985
18986
18987
19006
19007
19087
19664
19665
19666
19667
19668
19669
19670
19671
19672
19674
19675
19680
19681
19682
19683
19684
19685
19686
19687
19688
19689
19690
19691
19693
19708
19709
19710
19711
19728
19729
19730
19731
19732
19733
19734
19735
19736
19737
19738
19739
19740
19741
19742
19744
19745
19746
19747
19748
19749
19750
19751
19752
19753
19754
19755
19756
19757
19758
19759
19760
19762
19763
19767
19768
19769
19770
19771
19772
19773
19774
19775
19843
19848
19849
19850
19852
19853
19854
19855
19922
19923
19927
19928
19929
19930
19932
19933
19934
19935
19939
19940
19941
19942
19943
19944
19945
19946
19947
19948
19949
19950
19951
19952
19953
19954
19956
19957
19958
19960
19963
20111
20132
20133
20144
20145
20146
20147
20148
20149
20150
20151
20152
20153
20154
20155
20156
20157
20158
20159
21053
21054
21712
21713
21724
21725
21726
21728
21729
21730
21735
21755
22331
22332
22333
22334
22335
22336
22337
22338
22339
22340
22341
22342
22344
22347
22348
22349
22350
22351
22352
22353
22354
22355
22356
22357
22358
22359
22360
22361
22366
22371
22372
22373
22375
22376
22377
22378
22395
22396
22397
22398
22399
22401
22402
22403
22404
22405
22406
22407
22408
22409
22410
22414
22418
22419
22420
22421
22423
22424
22425
22426
22427
22428
22429
22430
22431
22433
22434
22435
22436
22437
22438
22439
22440
22441
22442
22510
22514
22515
22516
22517
22519
22520
22521
22522
22590
22595
22596
22599
22600
22601
22602
22615
22616
22617
22618
22619
22620
22621
22622
22623
22624
22625
22626
22627
22628
22629
22630
22632
22635
22636
22637
22639
22640
22641
22646
22665
22666
22682
22683
22684
22685
22687
22688
22689
22694
22699
22700
22701
22702
22703
22704
22705
22706
22707
22708
22709
22710
22727
22729
22730
22746
22747
22748
22749
22751
22752
22753
22754
22758
22763
22764
22765
22766
22767
22768
22769
22770
22771
22773
22774
23072
23083
23084
23085
23086
23087
23088
23089
23090
23091
23092
23093
23094
23095
23096
23097
23824
23828
23829
23830
23831
23833
23834
23835
23836
23849
23850
23851
23852
23853
23854
23855
23856
23857
23859
23860
23861
23862
23863
23864
23865
23866
24116
24117
24118
24119
24120
24121
24122
24123
24124
24125
24126
24127
24144
24145
24146
24147
24163
24164
24165
24166
24168
24169
24170
24171
24174
24175
24180
24181
24184
24185
24186
24191
24232
24233
24244
24245
24246
24247
24248
24249
24250
24251
24252
24253
24254
24255
24272
24274
24275
24291
24292
24293
24294
24296
24297
24298
24299
24303
24308
24309
24310
24312
24313
24314
24319
