1352
1355
1356
1357
1358
1359
1362
3461
3462
3463
3464
3465
3466
3467
3468
5610
5611
5612
5613
5614
5615
5616
7685
7686
7687
7688
7689
7690
7691
9714
9795
9797
9798
9799
9800
9804
9805
9806
73137
73155
73174
73298
73299
73316
73321
73326
73328
73365
73382
73383
73386
73388
73393
73464
74096
74097
74098
74100
74102
74107
74163
74167
74168
74169
74170
74188
74190
74207
74210
74215
74218
74364
74365
74366
74431
74432
74433
74434
74436
74437
74438
74443
74450
74451
74455
74456
74458
74478
74479
74755
74760
74761
74762
74780
74781
74793
74796
74797
76068
76069
76085
77312
77313
77314
77316
77318
77319
77322
77323
77330
77331
77335
77336
77337
77338
77356
77357
77358
77359
77580
77581
77582
77583
77598
77599
77600
77601
77602
77603
77604
77605
77606
77607
77608
77610
77611
77682
77683
77687
77688
77689
77690
77756
77757
77758
77763
77767
77768
77769
77770
77772
77773
77785
77788
77789
77790
77795
77799
77800
77801
77802
77804
77805
78384
78385
78386
78387
78388
78389
78390
78391
78392
78393
78394
78395
78652
78653
78654
78655
78656
78657
78658
78659
78660
78662
78663
78664
78665
78666
78667
78675
78679
78680
78681
78682
78684
78685
78686
78696
78697
78700
78701
78702
78703
78723
78728
78729
78730
78732
78733
78734
78748
78749
78750
78751
78754
78755
78759
78760
78761
78762
78763
78764
78765
78835
78839
78840
78841
78842
78844
78845
78846
79948
79950
79951
79967
79968
79969
79970
79972
79973
79974
79975
79978
79979
79989
80036
80037
80048
80049
80050
80052
80053
80054
80059
80079
80096
80097
80100
80101
80102
80107
80112
80113
80114
80116
80117
80118
80123
85119
85188
85189
85200
85201
85202
85204
85205
85206
85211
85231
85253
85264
85265
85268
85269
85270
85275
90176
90177
90178
90179
90180
90181
90182
90183
90184
90185
90186
90187
90192
90193
90194
90195
90198
90199
90200
90201
90202
90203
90204
90205
90206
90216
90217
90220
90221
90222
90223
90243
90247
90248
90249
90250
90252
90253
90254
90259
90263
90264
90265
90266
90268
90269
90270
90271
90274
90275
90279
90280
90281
90282
90283
90284
90285
90286
90355
90359
90360
90361
90362
90364
90365
90366
90367
91215
91232
91233
91236
91237
91238
91248
91249
91250
91251
91252
91253
91254
91255
91256
91257
91258
91259
91312
91313
91314
91315
91316
91318
91319
91320
91321
91322
91323
91324
91325
91326
91331
91335
91336
91337
91338
91340
91341
91342
91343
91352
91353
91356
91357
91358
91359
91360
91361
91362
91363
91364
91365
91366
91367
91368
91369
91370
91371
91372
91373
91374
91660
91661
91662
91663
91678
91679
91680
91681
91682
91683
91684
91685
91686
91687
91688
91689
91690
91691
91696
91697
91698
91700
91701
91702
91707
91952
91953
91954
91955
91956
91957
91958
91959
91960
91961
91962
91963
91964
91965
91977
91980
91981
91982
91983
91996
91997
91998
91999
92000
92001
92002
92003
92004
92005
92006
92007
92008
92009
92010
92011
92020
92021
92044
92046
92047
92063
92064
92065
92066
92068
92069
92070
92071
92074
92075
92080
92081
92082
92084
92085
92086
92087
92091
92111
92128
92129
92130
92132
92133
92134
92139
92144
92145
92146
92147
92148
92149
92150
92151
92152
92153
92154
92155
94335
94400
94401
94404
94405
94406
94411
94416
94417
94418
94420
94421
94422
94427
94447
94464
94465
94466
94467
94468
94469
94470
94471
94472
94473
94474
94475
94480
94481
94482
94483
94484
94485
94486
94487
94488
94489
94490
94491
94492
94493
94494
94504
94505
94508
94509
94510
94511
94758
94759
94775
94776
94777
94778
94780
94781
94782
94783
94787
94792
94793
94794
94795
94796
94797
94798
94799
94800
94801
94802
94803
94804
94805
94819
94820
94821
94822
94823
94824
94825
94826
94828
94916
94917
94918
94919
94920
94921
94922
94923
94924
94925
94926
94927
94928
94929
94930
94931
94983
94987
94988
94989
94990
94992
94993
94994
94995
94996
94997
94998
94999
95000
95001
95002
95003
95004
95005
95006
95007
95008
95009
95010
95012
95013
95014
95015
95016
95018
95019
95020
95021
95022
95023
95024
95025
95026
95027
95028
95030
95031
95034
95035
95036
95037
95038
95039
95040
95041
95042
95043
95081
95318
95319
95323
95324
95325
95326
95328
95329
95330
95331
95335
95339
95340
95341
95342
95344
95345
95346
95347
95348
95349
95350
95351
95352
95353
95354
95355
95356
95357
95358
95359
95360
95361
95362
95364
95365
95368
95369
95370
95375
99340
99341
99342
99343
99407
99408
99409
99410
99412
99413
99414
99415
99419
99424
99425
99426
99427
99428
99429
99430
99431
99432
99433
99434
99435
99454
99455
99472
99473
99474
99475
99476
99477
99478
99479
99482
99483
99488
99489
99490
99491
99492
99493
99494
99495
99496
99497
99498
99499
99516
99517
99518
99519
99728
99729
99730
99731
99732
99733
99734
99735
99736
99737
99738
99739
99740
99741
99742
99746
99747
99751
99752
99753
99754
99755
99756
99757
99758
99759
99762
99763
99767
99768
99769
99770
99772
99773
99774
99775
99843
99847
99848
99849
99850
99852
99853
99854
99855
99916
99917
99918
99919
99920
99921
99922
99923
99924
99925
99926
99927
99928
99929
99930
99931
99933
99936
99937
99938
99939
99940
99941
99942
99943
99944
99945
99946
99947
99948
99949
99950
99955
99960
99961
99964
99965
99966
99967
99988
99989
100000
100001
100002
100004
100005
100006
100011
119887
119888
119889
119890
120152
120163
120164
120167
120168
120169
120174
120211
120212
120213
120215
120216
120217
120222
120227
120228
120229
120230
120231
120232
120233
120234
120235
120236
120237
120238
120257
120258
120338
120404
120407
120408
120419
120420
120421
120423
120424
120425
120430
120450
120467
120468
120469
120471
120472
120473
120474
120477
120478
120483
120484
120485
120486
120487
120488
120489
120490
120491
120492
120493
120494
120511
120513
120514
120594
