1252
1268
1269
1270
1271
1272
1273
1274
3361
3362
3363
3377
3378
3379
3380
3381
5498
5499
5500
5501
5502
5503
5504
5505
7575
7576
7577
7578
7579
7580
7581
7582
9679
9687
9688
9689
9690
9691
9692
9693
24977
24980
25109
25112
25121
25124
25157
25160
25169
25172
26289
26292
26301
26304
26337
26340
26346
26349
26351
26352
26438
26481
26483
26484
26490
26493
26495
26496
26518
26529
26531
26532
26538
26541
26543
26544
26886
27057
27059
27060
27066
27069
27071
27072
27094
27105
27107
27108
27114
27117
27119
27120
27206
27249
27251
27252
27258
27261
27263
27264
27286
27297
27299
27300
27306
27309
27311
27312
30079
32413
32415
32416
32422
32425
32427
32428
32450
32461
32463
32464
32470
32473
32475
32476
32562
32605
32607
32608
32614
32617
32619
32620
32642
32653
32655
32656
32662
32665
32667
32668
33010
33181
33183
33184
33190
33191
33193
33194
33195
33196
33218
33219
33229
33230
33231
33232
33238
33239
33241
33242
33243
33244
33330
33331
33373
33374
33375
33376
33382
33383
33385
33386
33387
33388
33410
33411
33421
33422
33423
33424
33430
33431
33433
33434
33435
33436
34802
34803
35485
35486
35487
35488
35493
35494
35495
35497
35498
35499
35500
35521
35522
35523
35524
35533
35534
35535
35536
35541
35542
35543
35544
35545
35546
35547
35548
35633
35634
35635
35636
35677
35678
35679
35680
35685
35686
35687
35688
35689
35690
35691
35692
35713
35714
35715
35716
35725
35726
35727
35728
35733
35734
35735
35736
35737
35738
35739
35740
36081
36082
36083
36084
36253
36254
36255
36256
36261
36262
36263
36264
36265
36266
36267
36268
36289
36290
36291
36292
36301
36302
36303
36304
36309
36310
36311
36312
36313
36314
36315
36316
36401
36402
36403
36404
36445
36446
36447
36448
36453
36454
36455
36456
36457
36458
36459
36460
36481
36482
36483
36484
36493
36494
36495
36496
36501
36502
36503
36504
36505
36506
36507
36508
48462
48463
48464
48465
58253
58254
58255
58256
58261
58262
58263
58264
58265
58266
58267
58268
58289
58290
58291
58292
58301
58302
58303
58304
58309
58310
58311
58312
58313
58314
58315
58316
58401
58402
58403
58404
58445
58446
58447
58448
58453
58454
58455
58456
58457
58458
58459
58460
58481
58482
58483
58484
58493
58494
58495
58496
58501
58502
58503
58504
58505
58506
58507
58508
58849
58850
58851
58852
59021
59022
59023
59024
59025
59028
59029
59030
59031
59032
59033
59034
59035
59036
59057
59058
59059
59060
59061
59064
59069
59070
59071
59072
59073
59076
59077
59078
59079
59080
59081
59082
59083
59084
59169
59170
59171
59172
59173
59176
59213
59214
59215
59216
59217
59220
59221
59222
59223
59224
59225
59226
59227
59228
59249
59250
59251
59252
59253
59256
59261
59262
59263
59264
59265
59268
59269
59270
59271
59272
59273
59274
59275
59276
60641
60642
60643
60644
60645
60648
61325
61326
61327
61328
61329
61332
61333
61334
61335
61336
61337
61338
61339
61340
61358
61361
61362
61363
61364
61365
61367
61368
61373
61374
61375
61376
61377
61379
61380
61381
61382
61383
61384
61385
61386
61387
61388
61470
61473
61474
61475
61476
61477
61479
61480
61482
61517
61518
61519
61520
61521
61523
61524
61525
61526
61527
61528
61529
61530
61531
61532
61550
61553
61554
61555
61556
61557
61559
61560
61562
61565
61566
61567
61568
61569
61571
61572
61573
61574
61575
61576
61577
61578
61579
61580
61918
61921
61922
61923
61924
61925
61927
61928
61930
62093
62094
62095
62096
62097
62099
62100
62101
62102
62103
62104
62105
62106
62107
62108
62126
62129
62130
62131
62132
62133
62135
62136
62138
62141
62142
62143
62144
62145
62147
62148
62149
62150
62151
62152
62153
62154
62155
62156
62238
62241
62242
62243
62244
62245
62247
62248
62250
62285
62286
62287
62288
62289
62291
62292
62293
62294
62295
62296
62297
62298
62299
62300
62318
62321
62322
62323
62324
62325
62327
62328
62330
62333
62334
62335
62336
62337
62339
62340
62341
62342
62343
62344
62345
62346
62347
62348
67656
67659
67660
67661
67662
67663
67665
67666
67668
70391
70392
70393
70394
70395
70397
70398
70399
70400
70401
70402
70403
70404
70405
70406
70424
70427
70428
70429
70430
70431
70433
70434
70436
70439
70440
70441
70442
70443
70445
70446
70447
70448
70449
70450
70451
70452
70453
70454
70536
70539
70540
70541
70542
70543
70545
70546
70548
70583
70584
70585
70586
70587
70589
70590
70591
70592
70593
70594
70595
70596
70597
70598
70616
70619
70620
70621
70622
70623
70625
70626
70628
70631
70632
70633
70634
70635
70637
70638
70639
70640
70641
70642
70643
70644
70645
70646
70984
70987
70988
70989
70990
70991
70993
70994
70996
71159
71160
71161
71162
71163
71165
71166
71167
71168
71169
71170
71171
71172
71173
71174
71192
71195
71196
71197
71198
71199
71201
71202
71204
71207
71208
71209
71210
71211
71213
71214
71215
71216
71217
71218
71219
71220
71221
71222
71304
71305
71307
71308
71309
71310
71311
71313
71314
71316
71351
71352
71353
71354
71355
71356
71357
71358
71359
71360
71361
71362
71363
71364
71365
71366
71384
71385
71387
71388
71389
71390
71391
71392
71393
71394
71396
71397
71399
71400
71401
71402
71403
71404
71405
71406
71407
71408
71409
71410
71411
71412
71413
71414
72208
72209
72211
72212
72213
72214
72215
72216
72217
72218
72220
72221
72895
72896
72897
72898
72899
72900
72901
72902
72903
72904
72905
72906
72907
72908
72909
72910
72928
72929
72931
72932
72933
72934
72935
72936
72937
72938
72940
72941
72943
72944
72945
72946
72947
72948
72949
72950
72951
72952
72953
72954
72955
72956
72957
72958
73034
73035
73037
73038
73039
73040
73041
73042
73043
73044
73046
73047
73081
73082
73083
73084
73085
73086
73087
73088
73089
73090
73091
73092
73093
73094
73095
73101
73102
73103
73104
73105
