2080
2081
2082
2083
2084
2085
2086
2089
4176
4179
4180
4181
4182
4183
4184
5710
5711
5712
5713
5714
5715
5716
7618
7784
7785
7786
7787
7788
7790
7791
9899
9900
9901
9902
9904
9905
73125
73182
73184
73434
73436
73483
73501
73502
73504
73525
73736
73741
73768
73774
74300
74301
74629
74640
74642
74647
74650
74671
74833
74836
74838
74843
74883
74888
74889
74890
74893
74911
74915
74920
74921
74922
75004
75006
75007
75852
75853
75854
75872
75873
75874
75879
75883
75961
75965
75980
75982
76000
76001
76011
78095
78116
78117
78118
78128
78129
78130
78132
78133
78134
78135
78139
79440
79441
79442
79444
79445
79446
79451
79488
79490
79491
79495
79496
79497
79498
79501
79516
79518
79519
79522
79523
79527
79528
79529
79530
79533
79612
79614
79615
80257
80260
80261
80262
80267
80272
80273
80274
80275
80279
80280
80281
80282
80283
80302
80303
80457
80460
80461
80462
80463
80479
80480
80481
80482
80484
80485
80486
80487
80488
80490
80491
80500
80501
80563
80568
80569
80570
80572
80573
80574
80579
80585
80588
80589
80590
80591
80607
80608
80609
80610
80612
80613
80614
80615
80616
80618
80619
80628
80629
80947
80952
80953
80954
80956
80957
80958
84336
84337
84338
84339
84343
84344
84346
84347
84415
84416
84417
84418
84422
84423
84424
84426
84427
84435
84441
84444
84445
84446
84457
84460
84461
84462
84751
84772
84773
84774
84785
84788
84789
84790
84848
84850
84851
84855
84856
84857
84858
84928
84929
84930
84932
84934
84935
84939
84947
84952
84953
84956
84957
84972
84973
84974
85013
93296
93298
93299
93303
93304
93305
93306
93308
93309
93310
93311
93375
93376
93377
93378
93380
93381
93382
93383
93387
93392
93393
93394
93395
93396
93397
93398
93399
93400
93401
93402
93403
93404
93405
93420
93421
93422
93423
93444
93445
93446
93456
93457
93458
93460
93461
93462
93463
93464
93466
93467
93487
97237
97248
97249
97250
97252
97253
97254
97255
97256
97258
97259
97279
97296
97297
97298
97299
97300
97301
97302
97303
97304
97305
97306
97307
97308
97309
97310
97312
97314
97315
97319
97320
97321
97322
97324
97325
97326
97327
97328
97330
97331
97335
97336
97337
97338
97339
97340
97341
97342
97343
97420
97421
97422
97423
97500
97502
97503
97520
97521
97522
97524
97525
97526
97527
97531
97536
97537
97538
97539
97540
97541
97542
97543
97544
97545
97546
97547
97603
97609
97612
97613
97614
97615
97616
97617
97618
97619
97620
97622
97623
97624
97625
97626
97627
97628
97629
97630
97635
97640
97641
97642
97644
97645
97646
97647
97648
97649
97650
97651
97654
97655
97656
97657
97658
97659
97660
97661
97662
97663
97701
97950
97951
97969
97972
97973
97974
97979
97984
97985
97986
97987
97988
97989
97990
97991
97992
97993
97994
97995
97997
100577
100580
100581
100582
100624
100625
100626
100627
100628
100629
100630
100631
100632
100633
100634
100635
100640
100641
100642
100643
100644
100646
100647
100648
100649
100650
100651
100652
100653
100654
100655
100659
100664
100665
100666
100668
100669
100670
100671
100751
101331
101336
101337
101338
101340
101341
101342
101343
101358
101359
101360
101361
101362
101363
101364
101365
101366
101367
101368
101369
101370
101371
101376
101377
101378
101380
101381
101382
101383
101384
101386
101387
101440
101442
101443
101447
101448
101449
101450
101452
101453
101454
101455
101456
101457
101458
101459
101460
101462
101463
101464
101465
101466
101467
101468
101469
101470
101471
101475
101481
101484
101485
101486
101487
101488
101489
101490
101491
101492
101493
101494
101495
101496
101497
101498
101499
101500
101501
101502
101505
101508
101509
101510
101541
101724
101726
101727
101731
101732
101733
101734
101736
101737
101738
101739
101741
101742
101743
101744
101745
101748
101759
101781
101792
101793
101794
101795
101796
101798
101799
101800
101801
101802
101803
101804
101805
101806
101807
101871
101872
101873
101874
101876
101877
101878
101879
101880
101882
101883
101888
101889
101890
101891
101892
101893
101894
101895
101896
101897
101898
101899
101900
101901
101902
101907
101913
101916
101917
101918
101919
101937
101940
101941
101942
101947
101952
101953
101954
101955
101956
101957
101958
101959
101960
101961
101962
101963
101965
101980
101982
101983
103202
103224
103235
103236
103237
103238
103239
103241
103242
103243
103244
103245
103246
103247
103248
103249
103250
116758
116763
116764
116765
116767
116768
116769
116770
116783
116785
116786
116787
116788
116789
116790
116791
116792
116793
116794
116795
116796
116797
116798
116800
116804
116807
116808
116809
117074
117075
117076
117077
117079
117080
117081
117082
117083
117085
117086
117091
117092
117093
117094
117097
117098
117099
117100
117101
117102
117103
117104
117105
117119
117120
117121
117122
117142
117148
117151
117152
117153
117154
117170
117171
117172
117173
117174
117175
117176
117177
117178
117179
117180
117181
117182
117187
117188
117191
117192
117193
117198
117251
117252
117253
117254
117258
117259
117260
117261
117262
117263
117264
117265
117411
117412
117413
117415
117416
117417
117418
117422
118415
118416
118417
118418
118499
118500
118501
118503
118504
118505
118506
118510
118547
118548
118551
118552
118553
118558
118563
118564
118565
118566
118569
118570
118571
118572
118573
118574
118576
118591
118593
118594
118803
118804
118805
118806
118810
118811
118812
118813
118814
118815
118816
118828
118831
118832
118833
118834
118835
118837
118838
118842
118843
118844
118845
118847
118848
118849
119119
119121
119122
119123
119124
119125
119126
119127
119129
119130
119131
119132
119133
119134
119136
119142
119147
119148
119149
119151
119152
119153
119154
119158
119162
119163
119164
119165
119167
119168
119169
119170
119202
119220
119223
119224
119225
119230
119235
119236
119237
119239
119240
119241
119242
119243
119245
119246
119266
119287
119288
119299
119300
119301
119302
119303
119304
119305
119306
119307
119308
119309
119310
119464
