665
682
683
689
693
698
1004
1005
1006
1007
1008
1009
1010
2759
2763
2774
2776
2777
2780
2781
2786
2812
2813
2814
2817
2828
2855
2857
2859
2860
2861
3103
3104
3105
3106
3107
3108
3109
4891
4893
4895
4906
4910
4912
4913
4915
4917
4918
4920
4921
4923
4925
4926
4930
4931
4934
4936
4937
4941
4945
5051
5052
5053
5054
5055
5063
5070
5075
5078
5180
5181
5182
5184
5185
5186
5187
6971
6972
6973
6974
6977
6978
6989
6998
6999
7029
7030
7031
7032
7033
7034
7039
7043
7044
7045
7091
7093
7094
7095
7102
7105
7118
7119
7122
7129
7130
7131
7132
7133
7134
7136
7139
7140
7142
7143
7144
7145
7146
7148
7149
7151
7153
7245
7248
7249
7250
7251
7252
9070
9071
9073
9074
9076
9077
9079
9080
9081
9082
9083
9084
9102
9103
9104
9111
9112
9113
9116
9117
9118
9119
9120
9121
9124
9125
9126
9127
9128
9129
9130
9131
9133
9137
9138
9139
9140
9141
9145
9146
9147
9148
9149
9152
9153
9154
9156
9157
9158
9159
9160
9161
9162
9190
9192
9193
9194
9276
9277
9278
9279
9280
9281
9283
9513
27314
27315
27317
27318
27392
27393
27394
27395
27396
27397
27398
27399
27401
27402
27403
27404
27405
27406
27413
27418
27419
27420
27422
27423
27424
27425
27427
27428
27429
27430
27431
27432
27446
27448
27465
27466
27467
27469
27470
27475
27480
27481
27482
27483
27484
27485
27486
27487
27488
27489
27549
27550
27552
27625
27626
27627
27628
27629
27646
27648
27666
27667
27668
27669
27670
27672
27673
36538
36539
36540
36541
36542
36544
36545
36546
36547
36548
36549
36550
36551
36552
36557
36561
36562
36563
36564
36566
36567
36568
36569
36570
36572
36573
36577
36578
36579
36580
36582
36583
36584
36585
36631
36633
36634
36638
36639
36640
36641
36642
36643
36644
36645
36646
36650
36654
36655
36656
36657
36659
36660
36661
36662
36675
36676
36677
36678
36679
36680
36681
36682
36683
36684
36685
36686
36687
36688
36689
36690
36692
36699
36700
36701
36725
36746
36747
36758
36759
36760
36761
36762
36763
36764
36765
36766
36767
36768
36769
36771
36786
36787
36788
36789
36800
36801
36802
36803
36805
36806
36807
36808
36811
36812
36817
36818
36819
36821
36822
36823
36824
36827
36828
37144
37145
37146
37147
37148
37149
37150
37151
37152
37153
37154
37155
37156
37157
37158
37160
37161
37162
37163
37167
37187
37209
37220
37221
37222
37223
37224
37226
37227
37228
37229
37230
37231
37232
37233
37234
37235
37238
37239
37243
37244
37245
37246
37248
37249
37250
37251
37264
37265
37266
37267
37268
37269
37270
37271
37272
37273
37274
37275
37276
37277
37278
37279
37280
37281
37284
37285
37286
37288
37289
37290
37291
37294
37295
37411
37413
37414
37495
37496
37499
37500
37501
37506
37543
37544
37545
37546
37547
37548
37549
37550
37551
37552
37553
37554
37555
37556
37557
37559
37560
37561
37562
37565
37566
37567
37568
37569
37570
37571
37572
37573
37574
37575
37577
37578
37582
37583
37584
37585
37587
37588
37589
37590
37654
37655
37656
37657
37691
37692
37693
37703
37704
37705
37707
37708
37709
37710
37711
37713
37714
37734
37750
37751
37752
37753
37754
37755
37756
37757
37758
37759
37760
37761
37766
37767
37768
37769
37770
37771
37772
37773
37774
37775
37776
37777
37778
37779
37780
37781
37785
37790
37791
37792
37794
37795
37796
37797
38055
38056
38057
38058
38059
38061
38062
38063
38064
38065
38066
38067
38068
38069
38070
38332
38343
38344
38345
38347
38348
38349
38350
38354
38391
38392
38393
38394
38395
38396
38397
38398
38399
38400
38401
38402
38407
38408
38409
38410
38411
38413
38414
38415
38416
38417
38418
38419
38420
38421
38426
38431
38432
38433
38435
38436
38437
38438
38515
38517
38518
38598
38599
38600
38602
38603
38604
38609
38634
38635
38636
38637
38638
38639
38640
38641
38642
38643
38644
38645
38650
38651
38652
38653
38654
38655
38656
38657
38658
38659
38660
38661
38662
38663
38664
38669
38675
38678
38679
38680
38681
38712
38713
38778
38782
38783
38784
38785
38787
38788
38789
38790
38803
38804
38805
38806
38807
38808
38809
38810
38811
38812
38813
38814
38815
38816
38817
38818
38820
38823
38824
38825
38827
38828
38829
38834
38854
38875
38876
38887
38888
38889
38890
38891
38892
38893
38894
38895
38896
38897
38898
38899
38900
38901
38906
38911
38912
38915
38916
38917
38918
38933
38934
38935
38936
38937
38938
38939
38940
38941
38942
38943
38944
38945
38946
38951
38952
38953
38955
38956
38957
38958
38961
38962
56118
56119
56120
56121
56187
56190
56191
56192
56202
56203
56204
56205
56206
56207
56208
56209
56210
56212
56213
56233
56250
56251
56252
56254
56255
56256
56261
56265
56266
56267
56268
56269
56270
56271
56272
56273
56274
56275
56276
56287
56288
57313
57314
57317
57318
57319
57324
57329
57330
57331
57332
57333
57334
57335
57336
57337
57338
57339
57340
57359
57360
57379
57380
57381
57382
57383
57384
57385
57386
57393
57394
57395
57396
57397
57398
57399
57400
57403
57404
57405
57406
57407
57408
57409
57410
57479
57484
57485
57488
57489
57490
57491
57560
57565
57566
57567
57569
57570
57571
57572
57573
57574
57575
57576
57577
57578
57579
57580
57594
57599
57602
57603
57604
57605
57606
57608
57609
57613
57614
57615
57616
57617
57618
57619
57620
57625
57631
57634
57635
57636
57637
57638
57640
57641
57645
57646
57647
57648
57649
57650
57651
57652
57932
57949
57950
57953
57954
57955
57960
57965
57966
57967
57969
57970
57971
57972
57975
57976
58241
58244
58245
58246
58247
58248
58249
58250
