1403
1404
1405
1406
1407
1408
1410
1411
3510
3511
3512
3513
3514
3515
3517
3518
5659
5660
5661
5662
5663
5670
5671
5672
7733
7734
7735
7736
7745
7746
7747
9849
9850
9859
9860
9861
9862
9863
73124
73143
73169
73334
73335
73345
73410
73411
73412
73449
73454
73456
73785
73787
74240
74241
74242
74251
74259
74264
74265
74266
74284
74286
74544
74545
74546
74550
74551
74554
74555
74575
74596
74597
74598
74609
74612
74613
74614
74675
74680
74681
74700
74701
74702
74719
74720
74722
74727
74730
74731
75989
76036
76037
76038
76050
76055
76079
77888
77889
77890
77891
77894
77895
77896
77898
77899
77907
77912
77913
77914
77916
77917
77932
77933
77934
77964
77965
77966
77967
77983
77984
77985
77986
77988
77990
77991
77994
77995
78067
78071
78072
78073
78074
78077
79104
79105
79106
79107
79108
79110
79111
79112
79113
79114
79115
79123
79127
79128
79129
79130
79132
79133
79134
79139
79145
79148
79149
79150
79151
79228
79230
79231
79301
79312
79313
79314
79316
79317
79318
79323
79360
79361
79364
79365
79366
79371
79376
79377
79378
79379
79380
79381
79382
79383
79384
79386
79387
79407
79630
79631
79648
79649
79650
79652
79653
79654
79659
79665
79668
79669
79670
79728
79729
79730
79731
79732
79734
79735
79736
79737
79738
79739
79804
79805
79806
79807
79810
79811
79815
79816
79817
79818
79820
79821
79833
79836
79837
79838
79843
79847
79848
79849
79850
79852
79853
79854
84543
84881
84884
84885
84886
84891
85057
85060
85061
85062
85072
85073
85074
85078
85079
85082
85083
85103
85123
85128
85129
85130
85133
85148
85149
85150
85155
85160
85161
85162
85165
85244
85245
85246
90431
91793
91796
91797
91798
92480
92481
92482
92483
92484
92485
92486
92487
92488
92489
92490
92491
92496
92497
92498
92499
92502
92503
92504
92505
92506
92507
92508
92509
92510
92515
92521
92524
92525
92526
92527
92547
92551
92552
92553
92554
92556
92557
92558
92559
92572
92573
92574
92575
92576
92577
92578
92579
92580
92581
92582
92583
92584
92585
92586
92587
92588
92589
92597
92658
92659
92663
92664
92665
92666
92668
92669
92670
92751
92768
92769
92770
92772
92773
92774
92779
92784
92785
92786
92787
92788
92789
92790
92791
92792
92793
92794
92795
92848
92850
92851
92855
92856
92857
92858
92859
92860
92861
92862
92863
92866
92867
92871
92872
92873
92874
92876
92877
92878
92879
92889
92892
92893
92894
92895
92896
92897
92898
92899
92900
92901
92902
92903
92904
92905
92906
92907
92908
92909
92910
92917
93198
93199
93216
93217
93218
93220
93221
93222
93227
93232
93233
93234
93235
93236
93237
93238
93239
93240
93242
93243
95888
95889
95890
95891
95947
95950
95951
95952
95962
95963
95964
95966
95967
95968
95969
95970
95972
95973
95993
96132
96133
96134
96135
96136
96137
96138
96139
96140
96141
96142
96143
96145
96148
96149
96150
96151
96152
96153
96154
96155
96156
96157
96158
96159
96160
96161
96162
96163
96167
96172
96173
96174
96176
96177
96178
96179
96196
96218
96219
96220
96221
96222
96223
96460
96462
96463
96789
96800
96801
96802
96804
96805
96806
96807
96811
96976
96977
96978
96979
96980
96981
96982
96983
96984
96985
96986
96987
96988
96989
96992
96993
96994
96995
96996
96997
96998
96999
97000
97001
97002
97003
97004
97005
97006
97007
97011
97015
97016
97017
97018
97020
97021
97022
97023
97042
97043
97047
97048
97049
97050
97052
97053
97054
97055
97068
97069
97070
97071
97072
97073
97074
97075
97076
97077
97078
97079
97080
97081
97082
97083
97084
97085
97086
97088
97089
97090
97092
97093
97094
97099
97152
97153
97154
97155
97156
97157
97158
97159
97160
97161
97162
97163
97164
97165
97166
97167
98063
98144
98145
98146
98148
98149
98150
98155
98192
98193
98194
98195
98196
98197
98198
98199
98200
98201
98202
98203
98208
98209
98210
98211
98212
98213
98214
98215
98216
98217
98218
98219
98220
98221
98222
98227
98232
98233
98236
98237
98238
98239
98316
98317
98318
98319
98385
98388
98389
98390
98400
98401
98402
98404
98405
98406
98407
98410
98411
98431
98448
98449
98450
98451
98452
98453
98454
98455
98456
98458
98459
98464
98465
98466
98467
98468
98469
98470
98471
98472
98473
98474
98475
98476
98477
98492
98493
98494
98495
98716
98717
98718
98719
98735
98736
98737
98738
98739
98740
98741
98742
98743
98744
98746
98747
98752
98753
98754
98755
98756
98757
98758
98759
98760
98762
98763
98783
98800
98801
98804
98805
98806
98811
98816
98817
98818
98819
98820
98821
98822
98823
98824
98825
98826
98827
98828
98829
98883
98887
98888
98889
98890
98892
98893
98894
98895
98896
98897
98898
98899
98900
98902
98903
98904
98905
98906
98907
98908
98909
98910
98911
98915
98919
98920
98921
98922
98924
98925
98926
98927
98928
98929
98930
98931
98932
98934
98935
98936
98937
98938
98939
98940
98941
98942
98943
117583
117585
117586
118936
118947
118948
118949
118951
118952
118953
118958
118978
119635
119636
119637
119639
119640
119641
119642
119646
119651
119652
119653
119654
119655
119656
119657
119658
119659
119660
119661
119662
119679
119681
119682
119699
119701
119702
119706
119707
119708
119709
119710
119711
119712
119713
119718
119723
119724
119727
119728
119729
119730
119731
119733
119734
119738
119739
119740
119741
119743
119744
119745
119814
119819
119820
119823
119824
119825
119826
119903
119905
119906
119922
119923
119924
119925
119927
119928
119929
119930
119934
119939
119940
119941
119943
119944
119945
119950
120003
120005
120006
120010
120011
120012
120013
120015
120016
120017
120031
120032
120033
120034
120049
120050
120051
120052
120053
120054
120055
120056
120057
120058
120059
120060
120061
120062
120072
120376
120387
120388
120389
120390
120391
120392
120393
120394
120395
120396
120397
120398
