1898
1899
1900
1902
1903
1904
1916
1917
3410
3995
3999
4000
4001
4002
4003
4004
4007
4014
6107
6108
6109
6110
6111
6112
6113
6114
6121
8178
8179
8180
8181
8182
8183
8184
8185
9724
9941
9942
9943
9944
9945
9946
10268
73232
73258
73260
73642
73654
73729
73731
73857
73867
73888
73890
73896
73898
75153
75159
75163
75376
75379
75385
75389
75476
75478
75479
75524
75526
75555
75561
75824
75826
75832
75834
75837
76356
76358
76380
76382
76383
76387
76396
76398
76481
76482
76488
76490
76491
76513
76520
76522
76523
76533
76565
81540
81541
81542
81555
81561
81564
81566
81567
81571
81577
81580
81582
81583
82432
82434
82435
82441
82444
82445
82446
82468
82470
82471
82481
82484
82486
82487
82491
82821
82832
82834
82835
82841
82842
82844
82845
82846
82863
83024
83026
83027
83032
83033
83034
83037
83132
83134
83135
83139
83145
83148
83150
83172
83173
83174
83185
83188
83191
83195
84095
84181
84224
84225
84226
84227
84232
84233
84234
84235
84237
84257
84260
84263
84264
84266
84267
84276
84277
84278
86352
86353
86354
86359
86360
86362
86363
86365
86448
86450
86451
86457
86460
86461
86462
86463
86476
86478
86479
86501
86502
86512
86513
86514
86519
86520
86521
86522
86523
86525
86849
86852
86853
86854
86855
86856
86859
86876
86878
86879
86880
86882
86883
86888
86889
86890
86892
86893
86894
86901
86977
86980
86982
86983
86984
86986
86987
87007
87008
87009
87010
87011
87016
87017
87018
87019
87020
87021
87022
87029
87060
87061
87062
87063
87185
87188
87189
87190
87191
87195
105575
105576
105577
105578
105619
105620
105621
105622
105627
105628
105629
105630
105631
105632
105633
105634
105652
105655
105656
105657
105658
105659
105661
105662
105667
105668
105669
105670
105671
105672
105673
105674
105675
105676
105677
105678
105680
105731
105733
105734
105740
105743
105744
105745
105746
108614
108620
108623
108625
108626
108967
108968
108969
109139
109140
109141
109142
109146
109147
109148
109149
109150
109151
109152
109153
109154
109171
109172
109173
109175
109176
109177
109178
109179
109181
109182
109184
109188
109191
109192
109193
109194
109195
109198
109271
109272
109273
109283
109285
109286
109291
109292
109293
109295
109296
109297
109298
109302
109308
109311
109313
109314
109336
109347
109348
109349
109350
109351
109354
109355
109356
109357
109358
109359
109360
109361
109378
110695
110696
110697
110698
110739
110741
110742
110748
110751
110752
110753
110754
110772
110775
110776
110777
110778
110782
110787
110788
110789
110791
110793
110794
110795
110796
110797
110798
110800
110851
110853
110854
110860
110863
110864
110865
110866
111507
111508
111509
111510
111511
111513
111514
111515
111516
111517
111518
111520
111539
111540
111541
111542
111543
111545
111546
111547
111548
111549
111550
111552
111559
111560
111561
111906
111928
111939
111941
111942
111947
111948
111949
111951
111952
111953
111954
111967
111969
111970
111992
112003
112004
112005
112006
112010
112011
112012
112013
112014
112015
112016
112017
112099
112100
112101
112103
112105
112106
112107
112109
112110
112148
112151
112152
112153
112154
112158
112166
112172
112175
112177
112178
112179
112181
112182
112188
112189
112191
112192
112193
112194
115791
115793
115794
116136
116307
116308
116309
116310
116314
116315
116316
116317
116318
116319
116320
116321
116322
116339
116340
116341
116343
116344
116345
116346
116347
116349
116350
116356
116357
116359
116360
116361
116362
116363
116365
116366
116439
116440
116441
116451
116452
116453
116454
116458
116459
116460
116461
116462
116463
116464
116465
116466
116470
116476
116479
116481
116482
116504
116515
116516
116517
116518
116522
116523
116524
116525
116526
116527
116528
116529
116530
116543
116545
116546
124776
124819
124820
124821
124822
124823
124825
124826
124827
124828
124829
124830
124831
124832
124833
124834
124850
124851
124852
124853
124854
124855
124856
124857
124858
124859
124860
124861
124862
124864
124865
124868
124871
124872
124873
124874
124875
124878
124943
124945
124946
125215
125217
125218
125240
125251
125252
125253
125254
125258
125259
125260
125261
125262
125263
125264
125265
125266
125267
125269
125270
125275
125276
125277
125279
125280
125281
125282
125300
125303
125304
125305
125306
125310
125315
125316
125317
125318
125319
125321
125322
125323
125324
125325
125326
125327
125328
125329
125330
125400
125411
125412
125413
125414
125415
125416
125417
125418
125419
125420
125421
125422
125423
125424
125425
125442
125460
125463
125464
125465
125466
125470
125475
125477
125478
125483
125484
125485
125487
125488
125489
125490
125491
125493
125494
125499
125500
125501
125503
125504
125505
125506
125512
126807
126808
126809
126819
126820
126821
126822
126823
126824
126825
126826
126827
126828
126829
126830
126831
126832
126833
126834
126838
126847
126849
126850
126879
126881
126882
126904
126905
126915
126916
126917
126918
126922
126923
126924
126925
126926
126927
126928
126929
126930
126931
126933
126934
126939
126940
126941
126943
126944
126945
126946
126964
126967
126968
126969
126970
126971
126974
126979
126980
126981
126982
126983
126984
126985
126986
126987
126988
126989
126990
126991
126992
126993
126994
127016
127314
127315
127316
127317
127318
127319
127320
127321
127322
127323
127324
127325
127326
127328
127334
127340
127343
127344
127345
127346
127347
127348
127349
127350
127351
127353
127354
127355
127356
127357
127358
127359
127360
127361
127362
127367
127368
127369
127370
127442
127443
127444
127445
127446
127447
127448
127449
127450
127451
127452
127453
127454
127456
127459
127462
127468
127471
127472
127473
127474
127475
127476
127477
127478
127479
127481
127482
127483
127484
127485
127486
127487
127488
127489
127490
127495
127496
127497
127523
127524
127525
127527
127528
127529
127530
127531
127533
127534
127536
127651
127652
127653
127655
127656
127657
127658
127659
127661
127662
128148
128151
128152
128153
128154
128158
128163
128164
128165
128166
128167
128169
128170
128171
128172
128173
128175
128176
128181
128182
128183
128185
128186
128187
128188
