1955
1956
1957
1966
1967
1968
1969
4054
4061
4063
4064
4065
4066
4067
6163
6170
6173
6174
6175
6176
6177
8239
8240
8241
8243
8244
8245
8246
10322
10323
10324
10325
10326
10327
10328
73543
73549
73553
73573
73577
73583
73587
73702
73708
73712
73722
73877
75076
75077
75078
75100
75102
75116
75118
75119
75196
75198
75212
75214
75236
75238
75252
75254
75583
75587
75593
75597
75617
75623
75627
75637
75716
75718
75740
75742
75756
75758
75796
75798
76433
76436
76438
76439
76443
81232
81233
81234
81236
81238
81239
81240
81242
81243
81295
81317
81328
81329
81330
81331
81335
81336
81337
81338
81339
81341
81359
81381
81392
81393
81394
81395
81400
81401
81402
81404
81405
81406
81679
81701
81712
81714
81715
81720
81721
81722
81725
81743
81765
81776
81777
81778
81779
81783
81784
81785
81786
81787
81789
81861
81872
81873
81874
81875
81879
81880
81881
81882
81883
81885
81903
81925
81936
81937
81938
81939
81943
81944
81945
81946
81947
81949
81967
83251
83257
83260
83261
83262
83276
83278
83279
83300
83301
83302
83313
83316
83318
83319
83323
83396
83397
83398
83411
83417
83420
83421
83422
83436
83438
83439
83473
83476
83478
83479
83483
83781
83792
83794
83795
83800
83801
83802
83805
83823
83888
83890
83891
83896
83897
83898
83901
83919
83941
83952
83953
83954
83959
83960
83962
83963
84112
84113
84114
84119
84120
84122
84123
86660
86661
86662
86672
86674
86675
86680
86681
86682
86684
86685
86686
86700
86702
86703
104296
104339
104340
104341
104342
104343
104344
104345
104346
104347
104348
104349
104350
104352
104355
104357
104358
104363
104364
104365
104367
104368
104369
104370
104371
104372
104373
104374
104378
104379
104380
104381
104382
104383
104384
104385
104386
104392
104466
104579
104581
104582
104587
104588
104589
104591
104592
104593
104594
104676
104677
104679
104680
104681
104682
104683
104685
104686
104723
104724
104725
104726
104727
104728
104729
104730
104731
104732
104733
104734
104736
104737
104742
104748
104751
104752
104753
104754
104755
104756
104757
104758
104759
104761
104762
104763
104764
104765
104766
104767
104768
104769
104770
104775
104776
104777
104850
104936
104979
104980
104981
104982
104986
104987
104988
104989
104990
104991
104992
104993
104994
105010
105011
105012
105013
105014
105015
105016
105017
105018
105019
105020
105021
105022
105024
105027
105028
105029
105031
105032
105033
105034
105035
105037
105038
106127
106129
106130
106215
106216
106217
106259
106260
106261
106262
106263
106265
106266
106267
106268
106269
106270
106271
106272
106273
106287
106289
106290
106291
106292
106293
106294
106295
106297
106298
106299
106300
106301
106302
106303
106304
106305
106311
106312
106313
106383
106385
106386
106471
106472
106473
106515
106516
106517
106518
106519
106521
106522
106523
106524
106525
106526
106527
106528
106529
106543
106545
106546
106547
106548
106549
106550
106551
106553
106554
106555
106556
106557
106558
106559
106560
106561
106567
106568
106569
106855
106856
106857
106899
106900
106901
106902
106903
106904
106905
106906
106907
106908
106909
106910
106911
106912
106913
106918
106927
106929
106930
106931
106932
106933
106934
106935
106937
106938
106939
106940
106941
106942
106943
106944
106945
106946
106951
106952
106953
107023
107025
107026
107108
107111
107112
107113
107114
107118
107155
107156
107157
107158
107159
107161
107162
107163
107164
107165
107166
107167
107168
107169
107170
107183
107185
107186
107187
107188
107189
107190
107191
107192
107193
107194
107195
107196
107197
107198
107199
107200
107201
107204
107207
107208
107209
107210
107214
107270
107276
107279
107280
107281
107282
112415
112417
112418
112439
112440
112441
112451
112452
112453
112455
112457
112458
112459
112461
112462
112515
112517
112518
112523
112524
112525
112527
112528
112529
112611
112612
112613
112615
112617
112618
112619
112621
112622
112660
112663
112664
112665
112666
112670
112675
112677
112678
112683
112684
112685
112687
112688
112689
112690
112694
112700
112703
112704
112705
112706
112995
112996
112997
112999
113000
113001
113002
113003
113005
113006
113046
113052
113055
113056
113057
113058
113076
113079
113080
113081
113082
113086
113091
113092
113093
113095
113096
113097
113098
113099
113101
113102
113155
113157
113158
113163
113164
113165
113167
113168
113169
113170
113300
113303
113304
113305
113306
113310
113318
113324
113327
113328
113329
113330
113331
113333
113334
113339
113340
113341
113343
113344
113345
113346
114532
114535
114536
114537
114538
114542
114579
114580
114581
114582
114586
114587
114588
114589
114590
114591
114592
114593
114594
114610
114611
114612
114613
114614
114615
114616
114617
114618
114619
114620
114621
114622
114624
114628
114631
114632
114633
114634
114638
114694
114700
114703
114704
114705
114706
114963
114965
114966
114971
114972
114973
114975
114976
114977
114978
114995
114996
114997
114999
115000
115001
115002
115003
115005
115006
115012
115015
115016
115017
115018
115022
115078
115084
115087
115088
115089
115090
115172
115175
115176
115177
115178
115182
115219
115220
115221
115223
115224
115225
115226
115227
115229
115230
115238
115244
115247
115248
115249
115250
115251
115252
115253
115254
115259
115260
115261
115262
115263
115264
115265
115266
115272
115816
115859
115860
115861
115862
115863
115864
115865
115866
115867
115868
115869
115870
115872
115878
115884
115887
115889
115890
115891
115892
115893
115894
115898
115899
115900
115901
115902
115903
115904
115905
115906
115912
115986
126051
126052
126053
126055
126056
126057
126058
126059
126061
126062
126099
126100
126101
126102
126106
126107
126108
126109
126110
126111
126112
126113
126114
126130
126131
126132
126133
126134
126135
126136
126137
126138
126139
126140
126141
126142
126144
126147
126148
126149
126150
126151
126152
126153
126154
126155
126156
126157
126158
126160
126178
126211
126213
126214
126219
126220
126221
126223
126224
126225
126226
135709
135710
135711
135712
135713
135714
135715
