1434
1435
1436
1437
1438
1439
1440
3547
3548
3549
3550
3551
3552
3553
5747
5748
5749
5750
5752
5753
5754
7826
7827
7828
7829
7830
7833
9729
10002
10004
10005
10006
10007
10008
10009
73269
73271
73640
73646
73809
73816
73819
73920
73923
73929
73958
73969
73979
75345
75352
75355
75459
75465
75470
75505
75512
75514
75515
76164
76166
76192
76194
76195
76201
76206
76608
76610
76611
76617
76621
76622
76644
76646
76657
76663
76664
76667
76753
76760
76762
76763
76805
76806
76832
76835
76841
76844
76846
76949
82308
82309
82310
82332
82335
82336
82338
82339
82345
82348
82350
82351
82751
82752
82755
82761
82764
82766
82767
82788
82789
82790
82801
82808
82810
82811
82813
82897
82903
82904
82906
82907
82948
82950
82951
82976
82978
82979
82985
82986
82988
82989
82990
82997
85585
85586
85592
85594
85595
85597
85696
85698
85699
85704
85705
85706
85708
85709
85710
85732
85734
85735
85745
85748
85750
85751
85752
85754
85755
85781
87360
87361
87362
87363
87368
87369
87370
87371
87372
87373
87374
87393
87396
87398
87399
87400
87402
87403
87409
87412
87414
87415
87416
87418
87419
87504
87505
87506
87507
87512
87513
87514
87515
87517
87518
87556
87557
87558
87568
87571
87577
87580
87582
87583
87584
87586
87587
87593
87596
87598
87599
87937
87940
87942
87943
87947
87968
87969
87970
87971
87976
87977
87978
87979
87980
87981
87982
87989
88145
88148
88150
88151
88152
88154
88155
88243
88252
88254
88255
88256
88258
88259
88265
88268
88270
88271
88292
88293
88294
88304
88305
88306
88312
88313
88314
88315
88317
88724
88725
88726
108647
108648
108649
108650
108691
108693
108694
108700
108703
108705
108706
108728
108729
108739
108740
108741
108742
108747
108748
108749
108750
108751
108752
108753
108754
108758
108767
108769
108770
108792
108803
108804
108805
108806
108811
108812
108813
108815
108816
108817
108818
110370
110403
110405
110406
110412
110415
110416
110417
110418
110419
110422
110428
110431
110433
110434
110456
110457
110467
110468
110469
110470
110475
110476
110477
110478
110479
110480
110481
110482
110564
110567
110568
110569
110570
110571
110574
110612
110615
110617
110618
110619
110621
110622
110624
110643
110644
110645
110646
110647
110650
110651
110652
110653
110654
110656
110657
110663
110664
110665
110666
111000
111011
111013
111014
111020
111021
111023
111024
111025
111026
111027
111030
111036
111039
111041
111042
111192
111203
111204
111205
111206
111211
111212
111213
111214
111215
111216
111217
111218
111231
111233
111234
111315
111316
111317
111319
111321
111322
111323
111324
111325
111326
111328
111347
111348
111349
111351
111353
111354
111355
111356
111357
111358
111360
111364
111367
111368
111369
111370
111374
111396
111399
111400
111401
111402
111406
121747
121748
121749
121750
121751
121753
121754
121755
121756
121757
121758
121759
121760
121761
121779
121780
121781
121783
121784
121785
121786
121787
121789
121790
121792
121796
121799
121800
121801
121802
121803
121805
121806
121808
122196
122199
122200
122201
122202
122203
122205
122206
122208
122223
122225
122226
122227
122228
122229
122230
122234
122235
122236
122237
122238
122239
122240
122241
122242
122247
122248
122249
122250
122327
122328
122329
122330
122339
122341
122342
122348
122349
122351
122352
122353
122354
122355
122357
122358
122364
122365
122367
122368
122369
122370
122376
122392
122403
122404
122405
122406
122410
122411
122412
122413
122414
122415
122416
122417
122418
122431
122434
122531
122532
122533
122535
122536
122537
122538
122539
122540
122541
122542
122544
128727
128728
128734
128737
128738
128739
128740
128741
128742
128743
128744
128745
128746
128747
128748
128749
128753
128754
128755
128756
128830
128831
128833
128834
128835
128836
128837
128839
128840
128842
128845
128847
128848
128854
128855
128857
128858
128859
128860
128861
128862
128863
128864
128865
128868
128869
128870
128871
128872
128873
128874
128875
128876
128881
128882
128883
128884
128898
128909
128910
128911
128912
128913
128914
128915
128916
128917
128918
128919
128920
128921
128922
128923
128940
129233
129234
129235
129236
129277
129278
129279
129280
129285
129286
129287
129288
129289
129290
129291
129292
129310
129313
129314
129315
129316
129317
129319
129320
129325
129326
129327
129328
129329
129330
129331
129332
129333
129334
129335
129336
129337
129338
129339
129340
129353
129355
129356
129378
129389
129391
129392
129397
129398
129399
129401
129402
129403
129404
129489
129490
129491
129533
129534
129535
129536
129537
129539
129540
129541
129542
129543
129544
129545
129546
129547
129548
129565
129566
129567
129569
129570
129571
129572
129573
129575
129576
129578
129581
129582
129583
129584
129585
129586
129587
129588
129589
129590
129591
129592
129594
129595
129645
129648
129654
129657
129659
129660
131006
131009
131010
131011
131012
131013
131015
131016
131018
131021
131023
131024
131030
131033
131035
131036
131037
131038
131039
131040
131044
131045
131046
131047
131048
131049
131050
131051
131052
131057
131058
131059
131060
131134
131137
131138
131139
131140
131141
131144
131149
131151
131152
131158
131159
131161
131162
131163
131164
131165
131166
131167
131168
131173
131174
131175
131176
131177
131178
131179
131180
131186
131187
131202
131213
131214
131215
131216
131217
131219
131220
131221
131222
131223
131224
131225
131226
131227
131228
131241
131244
131853
131854
131855
131856
131857
131858
131859
131860
131861
131862
131863
131864
131865
131866
131867
132077
132079
132080
132086
132089
132091
132092
132178
132179
132221
132222
132223
132224
132229
132230
132231
132232
132233
132234
132235
132236
132254
132257
132258
132259
132260
132264
132269
132270
132271
132272
132273
132275
132276
132277
132278
132279
132280
132281
132282
132283
132284
132300
132333
132335
132336
132342
132345
132346
132347
132348
132433
132434
132435
132477
132478
132479
132480
132485
132486
132487
132488
132489
132490
132491
132492
132510
132513
132514
132515
132516
132517
132519
132520
132525
132526
132527
132528
132529
132531
132532
132533
132534
132535
132536
132537
132538
132539
