2071
2072
2073
2074
2075
2076
2078
2079
4170
4171
4172
4173
4174
4175
4177
4178
5717
6278
6279
6280
6281
6282
6283
6284
7789
7792
7793
7794
8348
8349
8350
8351
9906
9907
9908
9909
9910
9911
9912
9913
9914
73179
73233
73235
73240
73349
73435
73482
73484
73497
73503
73743
73763
74302
74641
74644
74646
74651
74821
74832
74834
74839
74840
74842
74863
74892
74894
74912
74913
74914
74916
74918
74919
74923
74933
74995
75001
75005
75843
75848
75849
75871
75875
75880
75882
75955
75960
75962
75983
76004
76005
76006
76020
76021
76022
78131
78136
78137
78138
78140
78141
79489
79492
79493
79494
79499
79504
79506
79507
79511
79512
79513
79514
79517
79532
79534
79535
80209
80212
80213
80214
80219
80256
80258
80259
80263
80264
80265
80266
80269
80284
80285
80286
80287
80288
80290
80291
80295
80296
80297
80298
80300
80301
80380
80382
80383
80496
80497
80498
80499
80502
80503
80504
80505
80506
80507
80575
80576
80577
80578
80580
80581
80582
80583
80584
80586
80587
80595
80600
80601
80602
80604
80605
80606
80611
80617
80620
80621
80622
80623
80660
80661
80662
80911
80929
80932
80933
80934
80944
80945
80946
80948
80949
80950
80951
80955
84300
84302
84303
84320
84321
84322
84324
84325
84326
84327
84331
84340
84341
84342
84412
84413
84414
84419
84425
84428
84429
84430
84447
84448
84449
84450
84451
84455
84456
84458
84459
84745
84748
84749
84750
84767
84768
84769
84770
84775
84778
84779
84860
84861
84862
84933
84944
84945
84946
84951
84954
84955
84975
85008
85009
85010
85012
85014
85015
85019
93440
93441
93442
93443
93447
93448
93449
93450
93451
93452
93453
93454
93459
93465
93468
93469
93470
93471
93472
93473
93474
93475
93476
93478
93479
93480
93481
93482
93483
93484
93485
93486
93493
97313
97316
97317
97318
97323
97488
97489
97490
97491
97492
97493
97494
97495
97496
97497
97498
97499
97501
97504
97505
97506
97507
97511
97512
97513
97514
97515
97516
97517
97518
97519
97523
97528
97529
97530
97532
97533
97534
97535
97564
97565
97566
97567
97583
97584
97585
97586
97588
97589
97590
97591
97594
97595
97600
97601
97602
97604
97605
97606
97607
97608
97610
97611
97631
97652
97653
97664
97665
97666
97667
97668
97669
97670
97671
97672
97673
97674
97675
97676
97677
97678
97996
97998
97999
100384
100385
100386
100388
100389
100390
100391
100395
100560
100561
100562
100563
100564
100565
100566
100567
100568
100569
100570
100571
100573
100576
100578
100579
100583
100584
100585
100586
100587
100588
100589
100590
100591
100592
100594
100595
100599
100600
100601
100602
100604
100605
100606
100607
100636
100637
100638
100639
100656
100657
100658
100660
100661
100662
100663
100667
100672
100673
100674
100675
100676
100677
100678
100679
100680
100681
100682
100683
100685
100700
100702
100703
100721
100724
100725
100726
100731
100736
100737
100738
100739
100740
100741
100742
100743
100744
100745
100746
100747
100748
100749
100750
101068
101070
101071
101379
101385
101388
101389
101390
101391
101461
101472
101473
101474
101476
101477
101478
101479
101480
101482
101483
101503
101520
101521
101522
101523
101524
101525
101526
101527
101528
101529
101530
101531
101536
101537
101538
101539
101540
101542
101543
101544
101545
101546
101547
101548
101549
101550
101551
101555
101560
101561
101562
101564
101565
101566
101567
101749
101750
101751
101752
101753
101754
101755
101756
101757
101758
101760
101762
101763
101767
101768
101769
101770
101772
101773
101774
101775
101776
101777
101778
101779
101780
101782
101783
101784
101785
101786
101787
101788
101789
101790
101791
101797
101822
101823
101841
101844
101845
101846
101856
101857
101858
101859
101860
101861
101862
101863
101864
101865
101866
101867
101868
101869
101870
101875
101881
101884
101885
101886
101887
101903
101904
101905
101906
101908
101909
101910
101911
101912
101914
101915
101920
101921
101922
101923
101924
101925
101926
101927
101928
101929
101930
101931
101933
102081
102084
102087
103058
103140
103143
103144
103145
103187
103188
103189
103190
103191
103192
103193
103194
103195
103196
103197
103198
103199
103200
103201
103205
103206
103211
103212
103213
103215
103216
103217
103218
103219
103220
103221
103222
103223
103225
103226
103227
103228
103229
103230
103231
103232
103233
103234
103240
116614
116619
116620
116623
116624
116625
116626
116695
116696
116697
116707
116708
116709
116710
116711
116712
116713
116714
116715
116717
116718
116738
116755
116756
116757
116759
116760
116761
116762
116766
116771
116772
116773
116774
116775
116776
116777
116778
116779
116780
116781
116782
116784
116799
116801
116802
117059
117061
117062
117066
117067
117068
117069
117071
117072
117073
117078
117084
117087
117088
117089
117090
117106
117107
117108
117109
117110
117111
117112
117113
117114
117115
117116
117117
117118
117124
117127
117128
117129
117134
117189
117190
117194
117195
117196
117197
117199
117200
117201
117202
117206
117211
117212
117213
117215
117216
117217
117218
117231
117233
117234
117235
117236
117237
117238
117239
117240
117241
117242
117243
117244
117245
117246
117248
117255
117256
117257
118370
118392
118403
118404
118405
118406
118407
118409
118410
118411
118412
118413
118414
118482
118483
118484
118485
118486
118487
118488
118489
118490
118491
118493
118494
118502
118507
118508
118509
118511
118512
118513
118518
118523
118524
118527
118528
118529
118530
118567
118568
118817
118818
118836
118839
118840
118841
118846
118851
118852
118853
118855
118856
118857
118858
118859
118861
118862
119128
119139
119140
119141
119143
119144
119145
119146
119150
119187
119188
119189
119190
119194
119195
119196
119197
119198
119199
119200
119201
119212
119215
119216
119217
119218
119219
119221
119222
119226
119227
119228
119229
119231
119232
119233
119311
119312
119313
119314
119443
119444
119445
119447
119448
119449
119450
119454
119459
119460
119461
119462
119463
119465
119466
119467
119468
119469
119470
119471
119472
119487
119488
119489
119490
