285
288
316
317
318
319
320
321
2110
2111
2120
2133
2396
2397
2425
2426
2427
2428
2429
2432
4215
4485
4492
4508
4510
4511
4513
4514
4515
6298
6568
6569
6589
6590
6591
6594
6595
6596
8354
8357
8358
8360
8361
8362
8378
8637
8640
8648
8649
8650
8651
8652
10440
10441
10446
10469
10470
10471
10487
10492
10496
10499
10531
10547
10548
10549
10550
10552
10554
10559
10617
10626
10664
10665
10668
10669
10684
10685
10744
10745
10746
10748
10749
10750
10755
10775
10792
10793
10794
10796
10797
10798
10803
10960
10961
10962
10964
10965
10966
10971
10985
10989
10990
10991
11047
11048
11052
11053
11054
11055
11056
11112
11116
11117
11118
11119
11122
11137
11138
11139
11153
11154
11155
11160
11164
11165
11166
11167
11310
11313
11314
11315
11377
11378
11379
11380
11381
11383
11384
11387
11388
11389
11390
11391
11392
11400
11404
11405
11406
11407
11425
11426
11427
11428
11704
11708
11709
11710
11711
11713
11714
11720
11725
11726
11729
11730
11731
11736
11741
11742
11745
11746
11747
11939
12003
12004
12005
12006
12008
12009
12010
12015
12020
12021
12022
12024
12025
12026
12031
12051
12068
12069
12072
12073
12084
12085
12086
12088
12089
12090
12095
12115
12324
12325
12326
12327
12328
12329
12330
12331
12332
12333
12334
12335
12340
12341
12342
12343
12344
12345
12346
12347
12348
12349
12350
12351
12368
12369
12370
12371
12448
12450
12451
12515
12516
12517
12518
12520
12521
12522
12527
12532
12533
12534
12535
12536
12537
12538
12539
12542
12543
12563
12581
12584
12585
12596
12597
12600
12601
12602
12607
13496
13497
13498
13499
13500
13501
13502
13503
13506
13507
13512
13513
13514
13515
13516
13517
13518
13519
13520
13521
13522
13523
13542
13543
13743
13744
13760
13761
13762
13763
13765
13767
13768
13771
13772
13988
13992
13993
13994
13995
13997
13998
13999
14004
14008
14009
14010
14011
14013
14014
14015
14020
14024
14025
14026
14027
14029
14030
14031
14253
14254
14255
14256
14269
14270
14271
14272
14273
14274
14275
14276
14277
14278
14279
14280
14281
14282
14283
14284
14293
14294
14353
14354
14355
14356
14357
14358
14359
14360
14361
14362
14363
14364
14366
14419
14420
14423
14424
14425
14426
14427
14428
14429
14430
14431
14436
14440
14441
14442
14443
14445
14446
14447
14448
14457
14458
14461
14462
14463
14464
14465
14466
14467
14468
14469
14470
14471
14472
14473
14474
14475
14476
14477
14478
15024
15040
15041
15042
15043
15045
15046
15047
15052
15057
15058
15059
15060
15061
15062
15063
15064
15067
15068
15313
15314
15315
15316
15317
15318
15319
15320
15321
15322
15323
15324
15325
15326
15327
15337
15338
15341
15342
15343
15344
15357
15358
15359
15360
15361
15362
15363
15364
15365
15366
15367
15368
15369
15370
15371
15372
15373
15374
15377
15378
15381
15382
15405
15406
15407
15408
15421
15422
15423
15424
15425
15426
15427
15428
15429
15430
15431
15432
15433
15434
15435
15436
15441
15442
15443
15445
15446
15447
15452
15472
15489
15490
15491
15493
15494
15495
15500
15505
15506
15507
15508
15509
15510
15511
15512
15513
15514
15515
15516
16623
16624
16640
16641
16642
16643
16645
16646
16647
16652
16657
16658
16659
16661
16662
16663
16664
16667
16668
16688
16705
16706
16709
16710
16711
16716
16721
16722
16723
16724
16725
16726
16727
16728
16729
16730
16731
16732
16749
16750
16751
16752
16767
16768
16769
16770
16771
16772
16773
16774
16775
16776
16777
16779
16780
16785
16786
16787
16789
16790
16791
16796
17774
17775
17779
17780
17781
17782
17783
17784
17785
17786
17787
18036
18037
18040
18041
18042
18043
18044
18045
18046
18047
18048
18049
18050
18051
18052
18053
18054
18055
18056
18057
18060
18061
18062
18063
18064
18065
18066
18067
18068
18069
18070
18071
18072
18073
18074
18079
18083
18084
18085
18086
18088
18089
18090
18091
18108
18109
18110
18111
18112
18113
18114
18115
18116
18117
18118
18119
18120
18121
18122
18124
18125
18126
18127
18128
18129
18130
18131
18132
18133
18134
18135
18136
18137
18138
18143
18147
18148
18149
18150
18152
18153
18154
18155
18223
18227
18228
18229
18230
18232
18233
18234
18235
18364
18365
18368
18369
18380
18381
18382
18384
18385
18386
18391
18411
18765
18766
18767
18768
18776
18777
18778
18779
18780
18889
18892
18893
18894
18895
19151
19152
19153
19154
19156
19157
19158
19163
19168
19169
19170
19171
19172
19173
19174
19175
19178
19179
19199
19216
19217
19218
19219
19220
19221
19222
19223
19224
19225
19226
19227
19232
19233
19234
19235
19236
19237
19238
19239
19240
19241
19242
19243
19260
19261
19262
19263
19340
19342
19343
19408
19409
19410
19411
19412
19413
19414
19415
19418
19419
19424
19425
19426
19427
19428
19429
19430
19431
19432
19433
19434
19435
19452
19453
19454
19455
19472
19473
19474
19475
19476
19477
19478
19479
19480
19481
19482
19483
19488
19489
19490
19491
19492
19493
19494
19495
19496
19497
19498
19499
19516
19517
19518
19519
19596
19597
19598
19599
23099
23100
23101
23102
23103
23105
23106
23107
23108
23109
23110
23111
23112
23113
23114
23117
23118
23122
23123
23124
23125
23126
23127
23128
23129
23130
23131
23133
23134
23137
23138
23139
23140
23141
23142
23143
23144
23145
23146
23166
23170
23171
23172
23173
23175
23176
23177
23178
23182
23186
23187
23188
23189
23191
23192
23193
23194
23195
23196
23197
23198
23199
23200
23201
23202
23203
23204
23205
23206
23207
23208
23209
23275
23276
23277
23278
23279
23280
23281
23282
23283
23284
23285
23286
23287
23288
23289
24439
24443
24444
24445
24446
24448
24449
24450
24512
24513
24514
24515
24516
24517
24518
24519
24520
24522
24523
24524
24525
24526
24527
24528
24529
24534
24535
24538
24539
24540
24541
24542
24543
24544
24545
24546
24551
24556
24557
24560
24561
24562
24563
