1342
1343
1344
1345
1346
1347
1348
1349
3450
3451
3453
3454
3455
3456
3457
5594
5597
5601
5602
5603
5621
5624
7671
7672
7676
7696
7697
7698
7699
9789
9790
9808
9809
9810
9811
9815
73121
73153
73156
73294
73295
73362
73363
73364
73380
73385
73389
73390
73392
73470
73471
73793
73795
74063
74079
74080
74081
74082
74086
74091
74149
74161
74164
74165
74224
74225
74228
74229
74230
74352
74353
74354
74358
74363
74419
74423
74424
74425
74426
74444
74445
74446
74462
74463
74467
74471
74472
74474
74767
74783
74784
74785
74786
74788
74789
74790
74795
76087
77180
77181
77182
77244
77246
77247
77250
77251
77254
77255
77256
77257
77258
77259
77267
77271
77272
77273
77274
77292
77293
77294
77439
77505
77508
77509
77520
77521
77522
77524
77525
77526
77531
77568
77569
77572
77573
77574
77579
77584
77585
77586
77588
77589
77590
77595
77615
77781
77824
77825
77826
77828
77829
77830
77835
77840
77841
77842
77844
77845
77846
77847
77850
77851
77871
78338
78339
78342
78343
78344
78345
78346
78347
78355
78359
78360
78361
78362
78364
78365
78376
78377
78380
78381
78382
78604
78605
78606
78607
78620
78621
78622
78623
78624
78625
78626
78627
78628
78629
78630
78631
78632
78633
78634
78635
78704
78706
78707
78710
78711
78712
78713
78714
78715
78717
78771
78775
78776
78777
78778
78780
78781
78782
78787
78791
78792
78793
78794
78796
78797
78798
78808
78809
78812
78813
78814
78815
78819
78823
78824
78825
78826
78828
78829
78830
79996
79997
79998
79999
80063
80064
80065
80066
80068
80069
80070
80071
80074
80075
80080
80081
80082
80083
80084
80085
80086
80087
80088
80089
80090
80091
80108
80110
80111
85251
85256
85257
85258
85260
85261
85276
85277
85278
85283
85288
85289
85292
85293
89615
89631
89632
89633
89634
89636
89637
89638
89643
89648
89649
89650
89652
89653
89654
89655
89658
89659
89904
89905
89906
89907
89910
89911
89912
89913
89914
89915
89916
89917
89918
89923
89928
89929
89930
89932
89933
89934
89935
89945
89948
89949
89950
89951
89952
89953
89954
89955
89956
89957
89958
89959
89960
89961
89962
89963
89964
89965
89996
89997
89998
89999
90012
90014
90015
90016
90017
90018
90019
90020
90021
90022
90023
90024
90025
90026
90027
90032
90033
90036
90037
90096
90097
90098
90099
90100
90101
90102
90103
90104
90105
90106
90107
90680
90681
90684
90685
90686
90687
90943
90944
90945
90946
90947
90948
90949
90950
90951
90954
90955
90960
90961
90962
90963
90964
90965
90966
90967
90968
90969
90970
90971
90990
90991
91008
91009
91010
91011
91012
91013
91014
91015
91016
91017
91018
91019
91024
91025
91026
91027
91028
91029
91030
91031
91032
91033
91034
91035
91052
91053
91054
91055
91132
91133
91134
91135
91201
91204
91205
91216
91217
91218
91220
91221
91222
91227
91264
91265
91266
91268
91269
91270
91275
91280
91281
91282
91283
91284
91285
91286
91287
91290
91291
91311
91391
92224
92225
92226
92227
92228
92229
92230
92231
92232
92233
92234
92235
92236
92237
92240
92241
92242
92243
92244
92246
92247
92248
92249
92250
92251
92252
92253
92254
92259
92263
92264
92265
92266
92268
92269
92270
92271
92290
92291
92295
92296
92297
92298
92299
92300
92301
92302
92307
92311
92312
92313
92314
92316
92317
92318
92319
92322
92323
92327
92328
92329
92330
92332
92333
92334
92403
92407
92408
92409
92410
92412
92413
92414
92415
94272
94273
94274
94275
94276
94277
94278
94279
94280
94281
94282
94283
94284
94285
94286
94288
94289
94290
94291
94292
94293
94294
94295
94296
94297
94298
94299
94300
94301
94302
94303
94306
94307
94311
94312
94313
94314
94315
94316
94317
94318
94319
94338
94339
94342
94343
94344
94345
94346
94347
94348
94349
94350
94351
94355
94359
94360
94361
94362
94364
94365
94366
94367
94368
94369
94370
94371
94372
94373
94374
94375
94376
94377
94378
94379
94380
94381
94382
94448
94449
94450
94451
94452
94454
94455
94456
94457
94458
94459
94460
94461
94462
94463
94840
94841
94842
94843
94844
94845
94846
94847
94848
94849
94850
94851
94853
94854
94855
94856
94857
94858
94859
94860
94862
94863
95075
95093
95096
95097
95108
95109
95110
95111
95112
95113
95114
95115
95116
95117
95118
95119
95120
95121
95122
95127
95131
95132
95133
95134
95136
95137
95138
95139
95148
95149
95152
95153
95154
95155
95156
95157
95158
95159
95160
95161
95162
95163
95164
95165
95166
95167
95168
95169
95170
95172
95173
95174
95176
95177
95178
95183
95200
95201
95202
95203
95216
95217
95218
95219
95220
95221
95222
95223
95224
95225
95226
95227
95228
95229
95230
95231
95236
95237
95238
95239
95240
95241
95242
95243
95244
95245
95246
95247
95266
95267
95283
95284
95285
95286
95288
95289
95290
95291
95295
95300
95301
95302
95303
95304
95305
95306
95307
95308
95309
95310
95311
95313
99523
99527
99528
99529
99530
99532
99533
99534
99535
99788
99790
99791
99792
99793
99794
99795
99796
99797
99798
99799
99800
99801
99802
99803
99808
99809
99810
99811
99812
99813
99814
99815
99816
99817
99818
99819
99836
99837
99838
99839
99856
99857
99858
99859
99860
99861
99862
99863
99864
99865
99866
99867
99868
99869
99872
99873
99874
99875
99876
99877
99878
99879
99880
99881
99882
99883
99884
99885
99886
99891
99896
99897
99898
99900
99901
99902
99903
99977
99980
99981
99982
99983
100053
100064
100065
100068
100069
100070
100112
100113
100114
100116
100117
100118
100123
100128
100129
100130
100132
100133
100134
100139
100159
100239
120418
120434
120435
120436
120437
120439
120440
120441
120446
120451
120452
120453
120455
120456
120457
120462
120503
120504
120515
120516
120517
120518
120519
120520
120521
120522
120523
120524
120525
120526
120545
120546
120562
120563
120564
120565
120567
120568
120569
120570
120573
120574
120579
120580
120583
120584
120585
120590
