1301
1451
1456
1457
1458
1459
1460
1461
1462
3566
3568
3572
3573
3574
3575
3576
3577
5764
5770
5771
5772
5773
5774
5775
5776
7623
7847
7848
7849
7853
7854
7855
7856
9733
9738
10018
10019
10020
10021
10022
10031
10032
73633
73635
73808
73811
73817
73953
73960
73962
74004
74006
74007
75404
75406
75407
75429
75442
75453
75519
76160
76162
76163
76169
76196
76198
76209
76216
76218
76219
76613
76627
76636
76638
76639
76652
76654
76655
76740
76742
76743
76768
76770
76777
76778
76781
76789
76817
76824
76827
76944
76946
76947
76953
76954
76957
76958
82325
82499
82508
82510
82511
82533
82544
82546
82547
82553
82554
82557
82558
82644
82646
82647
82689
82695
82696
82698
82699
82721
82727
82728
82730
82731
82740
82742
82743
82995
83001
83004
83006
83007
85568
85569
85570
85571
85576
85577
85578
85581
85582
85604
85606
85607
85617
85620
85623
85624
85626
85627
85713
85719
85720
85722
85723
85725
85764
85765
85766
85767
85792
85794
85795
85801
85802
85804
85805
85806
85813
87380
87381
87382
87424
87427
87433
87436
87438
87439
87461
87472
87473
87474
87475
87480
87481
87482
87484
87485
87486
87487
87503
87536
87538
87539
87545
87548
87550
87551
87888
87889
87890
87891
87896
87897
87898
87899
87900
87901
87902
88001
88002
88004
88007
88008
88010
88011
88013
88033
88036
88038
88039
88040
88042
88043
88045
88052
88054
88055
88059
88084
88085
88086
88087
88197
88198
88211
88220
88222
88223
88224
88226
88227
88233
88236
88238
88239
88704
88705
88706
88707
88712
88713
88714
88715
88716
88717
88718
88737
88740
88741
88742
88743
88747
88753
88756
88758
88759
88760
88762
88763
88765
108711
108712
108713
109395
109397
109398
109404
109407
109408
109409
109410
109431
109432
109433
109443
109444
109445
109446
109451
109452
109453
109454
109455
109456
109457
109458
109540
109543
109544
109545
109546
109547
109550
109587
109588
109589
109591
109593
109594
109595
109596
109597
109598
109600
109619
109620
109621
109623
109625
109626
109627
109629
109630
109632
109636
109639
109640
109641
109642
109643
109646
109987
109988
109989
109990
109995
109996
109997
109998
109999
110000
110001
110002
110018
110167
110168
110169
110179
110181
110182
110188
110191
110193
110194
110195
110197
110198
110204
110207
110208
110209
110210
110216
110295
110296
110297
110298
110322
110323
110324
110325
110326
110331
110332
110333
110334
110335
110336
110337
110338
110344
110345
110371
110372
110373
110375
110377
110378
110379
110381
110382
110384
111394
111416
111427
111429
111430
111436
111439
111441
111442
121000
121683
121684
121685
121686
121691
121692
121693
121694
121695
121696
121697
121698
121716
121719
121720
121721
121722
121726
121731
121732
121733
121734
121735
121737
121738
121739
121740
121741
121742
121744
121745
121828
121829
121831
121833
121834
121835
121837
121838
121840
121876
121879
121880
121881
121882
121883
121885
121886
121888
121906
121907
121908
121909
121910
121911
121914
121915
121916
121917
121918
121919
121920
121921
121922
121927
121928
121929
121930
122264
122265
122275
122276
122277
122278
122283
122284
122285
122287
122288
122289
122290
122291
122293
122294
122300
122303
122305
122306
122456
122467
122468
122469
122470
122475
122476
122477
122478
122479
122480
122481
122482
122483
122485
122486
122492
122495
122497
122498
122580
122581
122583
122584
122585
122586
122587
122589
122590
122592
122610
122611
122612
122613
122614
122615
122617
122618
122619
122620
122621
122622
122623
122624
122625
122626
122631
122632
122633
122634
122638
122659
122660
122661
122663
122664
122665
122666
122667
122668
122669
122670
122672
123718
123727
123729
123730
128785
128786
128787
128957
128958
128959
128960
128961
128964
128965
128966
128967
128968
128969
128970
128971
128972
128990
128993
128994
128995
128996
128997
128999
129000
129002
129005
129006
129007
129008
129009
129010
129011
129012
129013
129014
129015
129016
129017
129018
129019
129020
129101
129102
129103
129104
129105
129106
129107
129108
129109
129110
129111
129112
129113
129114
129115
129116
129150
129151
129153
129154
129155
129156
129157
129159
129160
129162
129165
129167
129168
129174
129177
129179
129180
129181
129182
129183
129184
129185
129187
129188
129189
129190
129191
129192
129193
129194
129195
129196
129201
129202
129203
129204
129420
129453
129455
129456
129462
129465
129466
129467
129468
130769
130770
130771
130772
130813
130814
130815
130816
130821
130822
130823
130825
130826
130827
130828
130849
130850
130851
130852
130861
130862
130863
130864
130865
130868
130869
130870
130871
130872
130873
130874
130875
130876
130880
130889
130891
130892
130914
130925
130927
130928
130934
130935
130937
130938
130939
130940
131266
131277
131278
131279
131280
131281
131284
131285
131286
131287
131288
131289
131290
131291
131292
131293
131296
131302
131305
131307
131308
131389
131390
131391
131392
131393
131394
131395
131396
131397
131398
131399
131400
131401
131402
131403
131421
131422
131423
131424
131425
131426
131427
131428
131429
131430
131431
131432
131433
131434
131435
131438
131441
131442
131443
131444
131445
131447
131448
131450
131470
131473
131474
131475
131476
131477
131479
131480
131482
131585
131586
131587
131588
131597
131598
131599
131600
131605
131606
131607
131609
131610
131611
131612
131613
131614
131615
131616
131621
131622
131623
131625
131626
131627
131628
131634
132050
132093
132094
132095
132096
132101
132102
132103
132104
132105
132106
132107
132108
132126
132129
132130
132131
132132
132133
132136
132141
132142
132143
132144
132145
132147
132148
132149
132150
132151
132152
132153
132154
132155
132156
132205
132207
132208
132214
132217
132219
132220
133905
133906
133907
133908
134077
134078
134079
134080
134084
134085
134086
134087
134088
134089
134090
134091
134092
134110
134113
134114
134115
134116
134117
134119
134120
134125
134126
134127
134128
134129
134130
134131
134132
134133
134134
134135
134136
134137
134138
134139
134140
134150
134151
134152
134153
134154
134155
134177
134312
134321
134323
134324
134346
134357
134359
134360
134365
134366
134367
134369
134370
134371
134372
