2006
2007
2008
2009
2011
2012
2013
4101
4103
4104
4105
4106
4107
4110
6203
6210
6213
6214
6215
6216
6217
8279
8280
8281
8283
8284
8285
8286
10362
10363
10364
10365
10366
10367
10368
73218
73238
73529
73557
73579
73591
73597
73601
73673
73675
73753
73755
75011
75017
75020
75021
75022
75041
75047
75051
75061
75132
75134
75135
75220
75221
75222
75268
75270
75292
75293
75294
75308
75310
75600
75602
75607
75608
75610
75663
75685
75697
75703
75707
75763
75769
75773
75920
75922
75928
75930
80972
80974
80975
80993
80996
80997
80998
81008
81009
81010
81012
81013
81014
81015
81019
81088
81089
81090
81092
81093
81094
81095
81099
81107
81113
81116
81117
81118
81119
81123
81129
81132
81133
81134
81135
81169
81172
81173
81174
81179
81456
81458
81459
81464
81465
81466
81468
81469
81470
81797
81808
81809
81810
81812
81814
81815
81816
81818
81819
81839
81989
82000
82001
82002
82003
82007
82008
82009
82010
82011
82013
82031
82063
82084
82085
82096
82097
82098
82100
82102
82103
82104
82106
82107
82160
82162
82163
82167
82168
82169
82170
82173
83328
83329
83330
83335
83336
83338
83339
83359
83360
83362
83363
83368
83369
83370
83373
83580
83581
83582
83583
83665
83668
83669
83670
83671
83675
83716
83717
83718
83731
83736
83737
83740
83741
83742
83756
83758
83759
83971
83977
83980
83981
83982
84001
84004
84006
84007
84011
84020
84021
84022
84565
84608
84610
84615
84616
84618
84639
84640
84642
84643
84648
84649
84650
84653
84735
103266
103287
103288
103299
103300
103301
103302
103303
103305
103306
103307
103308
103309
103310
103311
103312
103313
103314
103380
103383
103384
103385
103390
103395
103396
103397
103398
103399
103400
103401
103402
103403
103404
103405
103406
103407
103408
103409
103423
103425
103426
103444
103447
103448
103449
103450
103454
103459
103460
103461
103462
103463
103464
103465
103466
103467
103468
103469
103470
103471
103472
103473
103478
103484
103487
103488
103489
103490
103763
103764
103765
103767
103768
103769
103770
103771
103773
103774
103779
103780
103781
103782
103783
103785
103786
103787
103788
103789
103790
103791
103792
103793
103794
103795
103797
103798
103803
103804
103805
103807
103808
103809
103810
103839
103841
103842
103863
103864
103865
103875
103876
103877
103878
103879
103881
103882
103883
103884
103885
103886
103887
103888
103889
103890
103894
103900
103903
103904
103905
103906
103923
103924
103925
103927
103928
103929
103930
103934
103939
103940
103941
103942
103943
103944
103945
103946
103947
103948
103949
103950
103951
103952
103953
104087
104088
104089
104099
104100
104101
104102
104103
104104
104105
104106
104107
104108
104109
104110
104112
104130
105238
105243
105244
105247
105248
105249
105250
105267
105268
105269
105271
105272
105273
105274
105275
105277
105278
105283
105284
105285
105286
105287
105288
105289
105290
105291
105292
105293
105294
105296
106600
106643
106644
106645
106646
106647
106648
106649
106650
106651
106652
106653
106654
106659
106660
106661
106662
106666
106667
106668
106669
106670
106671
106672
106673
106674
106675
106677
106678
106683
106684
106685
106687
106688
106689
106690
106770
107363
107364
107365
107367
107368
107369
107370
107371
107373
107374
107411
107412
107413
107414
107418
107419
107420
107421
107422
107423
107424
107425
107426
107439
107441
107442
107443
107444
107445
107446
107447
107448
107449
107450
107451
107452
107453
107454
107456
107460
107463
107464
107465
107466
107470
107526
107531
107532
107533
107535
107536
107537
107538
107663
107664
107665
107666
107748
107751
107752
107753
107754
107758
107795
107796
107797
107798
107799
107800
107801
107802
107803
107804
107805
107806
107808
107814
107820
107823
107824
107825
107826
107827
107828
107829
107830
107834
107835
107836
107837
107838
107839
107840
107841
107842
107848
107919
107921
107922
108007
108008
108009
108051
108052
108053
108054
108055
108057
108058
108059
108060
108061
108062
108063
108064
108065
108076
108079
108080
108081
108082
108083
108084
108085
108086
108087
108089
108090
108091
108092
108093
108094
108095
108096
108097
108103
108104
108105
112552
112723
112724
112725
112726
112727
112729
112730
112731
112733
112734
112742
112748
112751
112752
112753
112754
112755
112757
112758
112763
112764
112765
112767
112768
112769
112770
112835
112837
112838
112843
112844
112845
112847
112848
112849
112850
112854
112860
112863
112864
112865
112866
112883
112884
112885
112887
112888
112889
112890
112891
112893
112894
112899
112900
112903
112904
112905
112906
112910
113234
113695
113697
113698
113719
113720
113721
113731
113732
113733
113734
113735
113737
113738
113739
113740
113741
113742
113744
114068
114071
114072
114073
114074
114078
114083
114084
114085
114086
114090
114091
114092
114093
114094
114095
114096
114097
114102
114108
114111
114112
114113
114114
114264
114275
114276
114277
114278
114279
114280
114281
114282
114283
114284
114285
114286
114306
114323
114325
114326
114331
114332
114333
114335
114336
114337
114338
114354
114355
114356
114357
114359
114360
114361
114362
114363
114365
114366
114371
114372
114373
114375
114376
114377
114378
114379
114381
114382
114435
114437
114438
114443
114444
114445
114447
114448
114449
114450
115295
115297
115298
115319
115320
115321
115331
115332
115333
115334
115335
115337
115338
115339
115340
115341
115342
115344
115412
115415
115416
115417
115418
115422
115427
115428
115429
115430
115434
115435
115436
115437
115438
115439
115440
115441
115455
115456
115457
115458
115480
115491
115492
115493
115495
115496
115497
115498
115499
115501
115502
115522
117671
117672
117673
117843
117844
117845
117846
117850
117851
117852
117853
117854
117855
117856
117857
117873
117874
117875
117876
117877
117878
117882
117883
117884
117885
117886
117888
117896
117967
117969
117970
117971
117973
117974
117979
117980
117981
117983
117984
117985
118002
118003
118004
118005
118006
118007
118009
118010
118011
118012
118013
118014
118023
118024
118025
118351
118353
118354
135749
135750
135751
135752
135753
135754
