284
309
310
311
312
313
314
315
2393
2394
2395
2420
2421
2422
2423
2424
4476
4477
4478
4479
4480
4481
4482
4483
6557
6558
6559
6560
6561
6562
6563
6564
8616
8617
8618
8619
8620
8621
8622
8623
10408
10409
10413
10414
10417
10418
10428
10429
10432
10433
10457
10458
10461
10462
10473
10474
10477
10478
10479
10484
10516
10517
10518
10520
10521
10522
10527
10532
10533
10534
10536
10537
10538
10543
10563
10630
10632
10633
10634
10636
10637
10638
10643
10648
10649
10650
10652
10653
10654
10659
10679
10696
10697
10698
10700
10701
10702
10707
10712
10713
10714
10716
10717
10718
10723
10743
10823
10975
10997
10998
10999
11001
11002
11003
11008
11013
11014
11015
11017
11018
11019
11024
11044
11061
11062
11063
11065
11066
11067
11072
11077
11078
11079
11081
11082
11083
11088
11108
11188
11253
11254
11255
11257
11258
11259
11260
11263
11264
11269
11270
11271
11272
11273
11274
11275
11276
11279
11280
11299
11300
11317
11318
11319
11320
11321
11322
11323
11324
11327
11328
11333
11334
11335
11336
11337
11338
11339
11340
11343
11344
11363
11364
11443
11444
11764
11876
11877
11878
11879
11880
11881
11882
11883
11884
11886
11887
11892
11893
11894
11895
11896
11897
11898
11899
11900
11901
11902
11903
11920
11921
11922
11923
11940
11941
11942
11943
11944
11945
11946
11947
11948
11949
11950
11951
11956
11957
11958
11959
11960
11961
11962
11963
11964
11965
11966
11967
11984
11985
11986
11987
12064
12065
12066
12067
12132
12133
12134
12135
12136
12137
12138
12139
12140
12141
12142
12143
12148
12149
12150
12151
12152
12153
12154
12155
12156
12157
12158
12159
12176
12177
12178
12179
12196
12197
12198
12199
12200
12201
12202
12203
12204
12205
12206
12207
12212
12213
12214
12215
12216
12217
12218
12219
12220
12221
12222
12223
12240
12241
12242
12243
12320
12321
12322
12323
12640
12641
12642
12643
13558
13559
13792
13793
13794
13795
13796
13797
13798
13799
13800
13801
13802
13803
13804
13809
13810
13811
13812
13813
13814
13815
13816
13817
13818
13819
13820
13837
13838
13839
13840
13857
13858
13859
13860
13861
13862
13863
13864
13865
13866
13867
13868
13873
13874
13875
13876
13877
13878
13879
13880
13881
13882
13883
13884
13901
13902
13903
13904
13981
13982
13983
13984
14049
14050
14051
14052
14053
14054
14055
14056
14057
14058
14059
14060
14061
14062
14065
14066
14067
14068
14069
14070
14071
14072
14073
14074
14075
14076
14077
14078
14089
14090
14093
14094
14095
14096
14113
14114
14115
14116
14117
14118
14119
14120
14121
14122
14123
14124
14125
14126
14129
14130
14131
14132
14133
14134
14135
14136
14137
14138
14139
14140
14141
14142
14153
14154
14157
14158
14159
14160
14233
14234
14237
14238
14239
14240
14557
14558
14559
14560
14817
14818
14819
14820
14821
14822
14823
14824
14825
14826
14827
14828
14829
14830
14833
14834
14835
14836
14837
14838
14839
14840
14841
14842
14843
14844
14845
14846
14847
14852
14857
14858
14859
14861
14862
14863
14864
14881
14882
14883
14884
14885
14886
14887
14888
14889
14890
14891
14892
14893
14894
14895
14897
14898
14899
14900
14901
14902
14903
14904
14905
14906
14907
14908
14909
14910
14911
14916
14920
14921
14922
14923
14925
14926
14927
14928
14996
15000
15001
15002
15003
15005
15006
15007
15008
15073
15074
15075
15076
15077
15078
15079
15080
15081
15082
15083
15084
15085
15086
15087
15089
15090
15091
15092
15093
15094
15095
15096
15097
15098
15099
15100
15101
15102
15103
15108
15112
15113
15114
15115
15117
15118
15119
15120
15137
15138
15139
15140
15141
15142
15143
15144
15145
15146
15147
15148
15149
15150
15151
15153
15154
15155
15156
15157
15158
15159
15160
15161
15162
15163
15164
15165
15166
15167
15172
15176
15177
15178
15179
15181
15182
15183
15184
15252
15256
15257
15258
15259
15261
15262
15263
15264
15572
15576
15577
15578
15579
15581
15582
15583
15584
16857
16858
16861
16862
16863
16864
17532
17533
17534
17535
17536
17537
17538
17539
17540
17541
17542
17543
17544
17545
17546
17548
17549
17550
17551
17552
17553
17554
17555
17556
17557
17558
17559
17560
17561
17562
17567
17571
17572
17573
17574
17576
17577
17578
17579
17596
17597
17598
17599
17600
17601
17602
17603
17604
17605
17606
17607
17608
17609
17610
17612
17613
17614
17615
17616
17617
17618
17619
17620
17621
17622
17623
17624
17625
17626
17631
17635
17636
17637
17638
17640
17641
17642
17643
17711
17715
17716
17717
17718
17720
17721
17722
17723
17788
17789
17790
17791
17792
17793
17794
17795
17796
17797
17798
17799
17800
17801
17802
17804
17805
17806
17807
17808
17809
17810
17811
17812
17813
17814
17815
17816
17817
17818
17823
17827
17828
17829
17830
17832
17833
17834
17835
17852
17853
17854
17855
17856
17857
17858
17859
17860
17861
17862
17863
17864
17865
17866
17867
17868
17869
17870
17871
17872
17873
17874
17875
17876
17877
17878
17879
17880
17881
17882
17883
17886
17887
17890
17891
17892
17893
17894
17895
17896
17897
17898
17899
17966
17967
17971
17972
17973
17974
17976
17977
17978
17979
18287
18291
18292
18293
18294
18296
18297
18298
18299
18556
18557
18558
18559
18560
18561
18562
18563
18564
18565
18566
18567
18568
18569
18570
18571
18572
18573
18574
18575
18576
18577
18578
18579
18580
18581
18582
18583
18584
18585
18586
18587
18590
18591
18594
18595
18596
18597
18598
18599
18600
18601
18602
18603
18620
18621
18622
18623
18624
18625
18626
18627
18628
18629
18630
18631
18632
18633
18634
18635
18636
18637
18638
18639
18694
18695
18698
18699
18700
18701
18702
18703
18704
18705
18706
18707
19650
19651
19654
19655
19656
19657
19658
19659
19660
19661
19662
19663
23342
23346
23347
23348
23349
23351
23352
23353
23354
24640
24641
24642
24643
