1433
1844
1845
1846
1847
1848
1849
1850
1853
3544
3545
3546
3945
3946
3947
3948
3949
5740
5741
5742
5743
5744
5745
5746
5751
7624
7818
7819
7821
7822
7823
7824
7825
7831
7832
9726
9991
9995
9996
9997
9999
10000
10003
10010
73275
73610
73612
73637
73639
73815
73919
73932
73934
73957
73976
73978
75346
75354
75357
75456
75458
75469
75492
75494
75495
75508
75511
75541
76165
76188
76190
76191
76204
76207
76595
76601
76604
76606
76607
76620
76623
76645
76656
76658
76659
76665
76666
76669
76756
76758
76759
76804
76807
76811
76834
76840
76842
76845
76853
82305
82311
82312
82314
82315
82337
82343
82344
82346
82347
82349
82356
82357
82358
82753
82754
82760
82762
82763
82765
82785
82791
82792
82795
82804
82806
82807
82896
82898
82899
82905
82908
82909
82910
82949
82960
82962
82963
82969
82972
82974
82975
82991
83093
85588
85589
85590
85591
85647
85669
85680
85682
85683
85689
85692
85693
85694
85695
85711
85733
85744
85746
85747
85753
85756
85757
85758
85759
87299
87308
87310
87311
87333
87344
87345
87346
87347
87352
87353
87354
87356
87357
87358
87359
87375
87397
87408
87410
87411
87417
87420
87421
87422
87423
87508
87509
87510
87511
87552
87553
87554
87559
87560
87561
87562
87563
87565
87585
87588
87590
87591
87592
87594
87595
87597
87604
87605
87606
87607
87941
87952
87954
87955
87960
87961
87962
87964
87965
87966
87967
87983
88133
88144
88146
88147
88153
88156
88157
88158
88159
88172
88174
88175
88257
88260
88263
88264
88266
88267
88269
88289
88290
88295
88296
88298
88299
88301
88308
88309
88310
88311
88340
88341
88342
88343
108632
108633
108643
108644
108645
108646
108651
108652
108653
108654
108655
108656
108657
108658
108659
108662
108668
108671
108673
108674
108755
108756
108757
108759
108761
108762
108763
108764
108765
108766
108768
108787
108788
108789
108790
108791
108793
108794
108795
108796
108797
108798
108800
108801
108807
108808
108809
108810
108814
108836
108839
108840
108841
108842
108843
108846
110420
110421
110423
110425
110426
110427
110429
110430
110432
110451
110452
110453
110454
110455
110458
110459
110460
110461
110462
110464
110471
110472
110473
110474
110552
110563
110565
110566
110572
110573
110575
110576
110577
110578
110582
110588
110591
110593
110594
110616
110627
110628
110629
110630
110635
110636
110637
110638
110639
110640
110641
110642
110655
110658
110995
110996
110997
110998
110999
111001
111002
111003
111004
111005
111006
111008
111028
111029
111031
111033
111034
111035
111037
111038
111040
111044
111047
111048
111049
111050
111054
111207
111208
111209
111210
111251
111254
111260
111263
111265
111266
111288
111289
111299
111300
111301
111302
111307
111308
111309
111310
111311
111312
111313
111314
111318
111327
111329
111330
111352
111363
111365
111366
111371
111372
111373
111375
111376
111377
111378
111780
111783
111784
111785
111786
111790
121752
121763
121764
121765
121766
121771
121772
121773
121774
121775
121776
121777
121778
121782
121788
121791
121793
121794
122131
122134
122140
122143
122145
122146
122168
122169
122179
122180
122181
122182
122187
122188
122189
122190
122191
122192
122193
122194
122195
122197
122198
122204
122207
122209
122210
122231
122232
122233
122243
122244
122245
122246
122251
122252
122253
122254
122255
122256
122257
122258
122340
122343
122344
122345
122346
122347
122350
122387
122388
122389
122390
122391
122393
122394
122395
122396
122397
122398
122400
122401
122419
122420
122421
122422
122423
122425
122426
122427
122428
122429
122430
122432
122433
122436
122439
122440
122441
122442
122443
122446
128612
128618
128621
128623
128624
128662
128663
128705
128706
128707
128708
128712
128713
128714
128715
128716
128717
128718
128719
128721
128722
128750
128751
128752
128757
128758
128759
128760
128761
128762
128763
128764
128846
128849
128850
128851
128852
128853
128856
128893
128894
128895
128896
128897
128899
128900
128901
128902
128903
128904
128905
128906
128907
128908
128924
128925
128926
128927
128928
128929
128930
128931
128932
128933
128934
128935
128936
128937
128938
128939
128941
128942
128943
128945
128946
128947
128948
128949
128951
128952
128954
129281
129282
129283
129284
129293
129294
129295
129296
129297
129300
129301
129302
129303
129304
129305
129306
129307
129308
129309
129311
129312
129318
129321
129322
129323
129324
129473
129474
129475
129476
129485
129486
129487
129488
129492
129493
129494
129495
129496
129497
129498
129499
129500
129501
129503
129504
129510
129513
129514
129515
129516
129593
129596
129597
129598
129599
129600
129601
129603
129604
129605
129606
129607
129608
129609
129610
129611
129612
129628
129629
129630
129631
129632
129633
129634
129635
129636
129637
129638
129639
129640
129641
129642
129643
129646
129647
129649
129650
129651
129652
129653
129655
129656
129658
129678
129681
129682
129683
129684
129685
129687
129688
131022
131025
131026
131027
131028
131029
131031
131032
131034
131069
131072
131078
131081
131083
131084
131105
131106
131107
131117
131118
131119
131120
131125
131126
131127
131128
131129
131130
131131
131132
131133
131135
131136
131142
131143
131145
131146
131147
131148
131169
131170
131171
131172
131181
131182
131183
131184
131185
131188
131189
131190
131191
131192
131193
131194
131195
131196
131218
131837
131838
131839
131840
131841
131842
131843
131844
131845
131846
131847
131848
131850
131851
131868
131869
131870
131871
131872
131873
131875
131876
131877
131878
131879
131880
131881
131882
131883
131884
131886
131889
131890
131891
131892
131893
131896
132285
132286
132287
132288
132289
132291
132292
132293
132294
132295
132296
132297
132298
132299
132317
132318
132319
132320
132321
132322
132323
132324
132325
132326
132327
132328
132330
132331
132334
132337
132338
132339
132340
132341
132343
132344
132418
132419
132429
132430
132431
132432
132436
132437
132438
132439
132440
132441
132442
132443
132444
132445
132448
132454
132457
132459
132460
132481
132482
132483
132484
132493
132494
132495
132496
132501
132502
132503
132504
132505
132506
132507
132508
132509
132511
132512
132518
132521
132522
132523
132524
132530
132622
132625
132626
132627
132628
132629
132632
