1545
1546
1547
1548
1549
1550
1555
3658
3659
3661
3662
3663
3664
3665
5554
5556
5558
5560
5858
5859
5860
5861
5863
5865
5866
7937
7938
7940
7941
7942
7943
7945
9740
9742
9744
9746
9748
9750
10091
10092
10093
10094
10095
10096
10120
74022
74033
74042
74045
75412
75414
76097
76104
76106
76107
76109
76132
76134
76135
76145
76152
76154
76155
76157
76244
76246
76247
76296
76299
76324
76327
76344
76347
76695
76696
76699
76868
76871
76897
76904
76907
76916
76918
76919
77009
77016
77018
77019
77021
77060
77062
77063
77089
77096
77098
77099
77101
77108
77110
77111
82577
82584
82586
82587
82589
85316
85318
85319
85345
85346
85352
85353
85354
85355
85357
85358
85364
85365
85366
85456
85457
85458
85459
85465
85466
85469
85470
85509
85510
85536
85537
85538
85539
85545
85546
85548
85549
85550
85551
85557
85558
85904
85906
85907
85913
85916
85918
85919
86085
86112
86114
86115
86121
86124
86126
86127
86133
86224
86226
86227
86233
86236
86238
86239
86243
86252
86255
86277
86288
86291
86300
86302
86303
86304
86306
86307
86313
86316
86318
86319
86325
87685
87696
87698
87699
87705
87708
87710
87711
87712
87714
87715
87721
87724
87726
87727
87733
88389
88400
88402
88403
88409
88412
88414
88415
88416
88419
88425
88428
88430
88431
88517
88528
88531
88540
88543
88544
88546
88547
88553
88556
88558
88559
88565
88592
88594
88595
88601
88602
88604
88605
88606
88607
88611
88620
88623
88964
88965
88966
88967
88992
88993
88994
88995
89001
89002
89004
89005
89006
89007
89013
89014
89168
89169
89170
89171
89176
89177
89178
89179
89180
89181
89182
89183
89284
89285
89286
89287
89312
89313
89314
89315
89320
89321
89322
89323
89324
89325
89326
89327
89332
89333
89334
89335
89360
89361
89362
89363
89368
89369
89370
89371
89372
89373
89374
89375
109719
109720
109721
109722
109723
109726
109747
109748
109749
109750
109755
109756
109757
109758
109759
109760
109761
109762
109767
109768
109769
109770
120675
120676
120677
120678
120679
120682
120683
120684
120685
120686
120687
120688
120689
120788
120791
120792
120793
120794
120795
120797
120798
120800
120820
120821
120823
120825
120826
120827
120828
120829
120830
120832
120833
120836
120839
120840
120841
120842
120843
120846
120868
120869
120871
120873
120874
120875
120876
120877
120878
120880
120881
121236
121239
121241
121242
121243
121245
121246
121248
121268
121271
121273
121274
121275
121277
121278
121280
121284
121287
121289
121290
121291
121293
121294
121296
121444
121447
121449
121450
121451
121453
121454
121456
121556
121557
121559
121561
121562
121563
121564
121565
121566
121568
121569
121588
121591
121592
121593
121594
121595
121597
121598
121600
121604
121605
121607
121609
121610
121611
121613
121614
121616
121636
121639
121640
121641
121642
121643
121645
121646
121648
123027
123028
123029
123030
123031
123033
123034
123035
123036
123037
123038
123039
123040
123041
123042
123060
123063
123064
123065
123066
123067
123069
123070
123072
123075
123076
123077
123078
123079
123081
123082
123083
123084
123085
123086
123087
123088
123089
123748
123751
123752
123753
123754
123755
123757
123758
123760
123859
123860
123861
123862
123863
123866
123867
123868
123869
123870
123871
123872
123873
123874
123895
123896
123897
123898
123899
123902
123907
123908
123909
123910
123911
123913
123914
123915
123916
123917
123918
123919
123920
123921
123922
123943
123944
123945
123946
123947
123950
124307
124308
124309
124310
124315
124316
124317
124318
124319
124320
124321
124322
124343
124344
124345
124346
124350
124355
124356
124357
124358
124359
124362
124363
124364
124365
124366
124367
124368
124369
124370
124383
124386
124419
124422
124431
124434
124519
124520
124521
124522
124563
124565
124566
124572
124575
124577
124578
124600
124611
124613
124614
124620
124623
124625
124626
124627
124628
124629
124630
124635
124636
124637
124638
124639
124640
124641
124642
124663
124664
124665
124666
124675
124676
124677
124678
124683
124684
124685
124686
124687
124688
124689
124690
124711
124712
124713
124714
130002
130045
130046
130047
130048
130053
130054
130055
130056
130057
130058
130059
130060
130081
130082
130083
130084
130093
130094
130095
130096
130101
130102
130103
130104
130105
130106
130107
130108
130109
130111
130112
130118
130121
130123
130124
130146
130157
130159
130160
130166
130169
130171
130172
130194
132817
132818
132819
132820
132861
132863
132864
132870
132871
132873
132874
132875
132876
132898
132899
132909
132910
132911
132912
132918
132919
132921
132922
132923
132924
132925
132926
132927
132928
132933
132934
132935
132936
132937
132938
132939
132940
132961
132962
132963
132964
132973
132974
132975
132976
132981
132982
132983
132984
132985
132986
132987
132988
133010
133011
133329
133330
133331
133332
133373
133374
133375
133376
133382
133383
133385
133386
133387
133388
133410
133411
133421
133422
133423
133424
133430
133431
133433
133434
133435
133436
133437
133438
133439
133440
133445
133446
133447
133448
133449
133450
133451
133452
133473
133474
133475
133476
133485
133486
133487
133488
133493
133494
133495
133496
133497
133498
133499
133500
133521
133522
133523
133586
133587
133629
133630
133631
133632
133637
133638
133639
133640
133641
133642
133643
133644
133665
133666
133667
133668
133677
133678
133679
133680
133685
133686
133687
133688
133689
133690
133691
133692
133693
133695
133696
133702
133705
133707
133708
133730
133741
133743
133744
133750
133753
133755
133756
133778
134550
134553
134554
134555
134556
134557
134559
134560
134562
134597
134599
134600
134606
134609
134611
134612
134634
134645
134647
134648
134654
134657
134659
134660
134661
134662
134663
134664
134665
134668
134669
134670
134671
134672
134673
134674
134675
134676
134697
134698
134699
134700
134701
134704
134709
134710
134711
134712
134713
134716
134717
134718
134719
134720
134721
134722
134723
134724
134745
134746
134747
134748
135322
135365
135366
135367
135368
135369
135371
135372
135373
135374
135375
135376
135377
135378
135379
135380
135398
135401
135402
135403
135404
135405
135407
135408
135410
135413
135414
135415
135416
135417
135419
135420
135421
135422
135423
135425
135426
135432
135435
135437
135438
135460
135471
135473
135474
135480
135483
135485
135486
