12
26
355
360
361
362
364
365
366
367
2125
2162
2462
2463
2464
2469
2473
2475
2476
4222
4224
4226
4229
4541
4542
4543
4544
4556
4557
4558
6311
6316
6317
6318
6319
6320
6380
6384
6385
6624
6625
6626
6627
6628
6637
6652
8381
8382
8384
8385
8387
8388
8396
8437
8439
8440
8691
8692
8693
8694
8706
8707
8711
10515
10580
10581
10591
10592
10593
10595
10827
10831
10832
10833
10834
10851
10852
10853
10858
10863
10866
10867
10880
10882
10886
10888
10889
10890
10892
10894
10899
10903
10911
10933
11237
11238
11239
11241
11243
11244
11247
11248
11508
11509
11510
11511
11513
11514
11515
11516
11519
11520
11527
11528
11532
11533
11534
11535
11553
11554
11555
11556
11576
11581
11582
11585
11586
11587
11601
11602
11603
11604
11608
11612
11613
11614
11615
11688
11693
11694
11697
11698
11699
12656
12657
12658
12659
12672
12674
12675
12676
12677
12678
12679
12680
12681
12682
12683
12684
12685
12686
12687
12723
12740
12741
12744
12745
12746
12756
12757
12758
12760
12761
12762
12763
12767
12787
12804
12805
12808
12809
12810
12815
12820
12821
12822
12824
12825
12826
12827
12831
13030
13031
13035
13036
13037
13038
13040
13041
13093
13094
13097
13098
13099
13104
13109
13110
13111
13113
13114
13115
13116
13119
13120
13140
13157
13159
13160
13163
13164
13165
13166
13167
13168
13176
13180
13181
13182
13183
13185
13186
13187
13192
13197
13198
13201
13202
13203
13281
13282
13283
13284
13373
13384
13385
13386
13388
13389
13390
13395
13585
13597
13598
13601
13602
13603
13608
13614
13617
13618
13619
13652
13653
13657
13658
13659
13660
13680
13681
13697
13698
13699
13700
13702
13703
13704
13709
14624
14706
14709
14710
14711
14753
14754
14755
14756
14757
14758
14759
14760
14761
14762
14763
14764
14769
14770
14771
14772
14773
14774
14775
14776
14777
14778
14779
14780
14781
14782
14797
14798
14799
14800
15825
15827
15828
15832
15833
15834
15835
15836
15837
15838
15839
15840
15844
15848
15849
15850
15851
15853
15854
15855
15856
15860
15865
15866
15869
15870
15871
15872
15873
15874
15875
15876
15877
15878
15879
15880
15881
15882
15883
15884
15885
15886
15887
15917
15918
15919
15920
15936
15937
15938
15939
15941
15942
15943
15944
15947
15948
15953
15954
15955
15957
15958
15959
15960
15964
15984
16001
16002
16005
16006
16007
16012
16017
16018
16019
16020
16021
16022
16023
16024
16025
16026
16027
16028
16134
16145
16146
16147
16148
16149
16150
16151
16152
16153
16154
16155
16156
16158
16212
16216
16217
16218
16219
16221
16222
16223
16224
16227
16228
16232
16233
16234
16235
16237
16238
16239
16244
16249
16250
16251
16253
16254
16255
16256
16257
16259
16260
16264
16265
16266
16267
16268
16269
16270
16271
16557
16558
16559
16560
16575
16576
16577
16578
16579
16580
16581
16582
16583
16584
16585
16586
16587
16588
16593
16594
16595
16597
16598
16599
16604
19673
19676
19677
19678
19679
19692
19694
19695
19696
19697
19698
19699
19700
19701
19702
19703
19704
19705
19706
19707
19712
19713
19714
19715
19716
19717
19718
19719
19720
19722
19723
19743
19761
19764
19765
19766
19776
19777
19778
19779
19780
19781
19782
19783
19784
19785
19786
19787
19788
19789
19790
19795
19800
19801
19802
19804
19805
19806
19807
19820
19821
19822
19823
19824
19825
19826
19827
19828
19829
19830
19831
19832
19833
19834
19835
19837
19840
19841
19842
19844
19845
19846
19847
19851
19959
19961
19962
19964
20055
20058
20097
20098
20099
20100
20101
20102
20103
20104
20105
20106
20107
20108
20109
20110
20112
20113
20114
20115
20118
20119
20120
20121
20122
20123
20124
20125
20126
20127
20128
20129
20130
20131
20134
20135
20136
20137
20138
20139
20140
20141
20142
20143
21006
21023
21024
21025
21027
21028
21029
21034
21039
21040
21041
21042
21043
21044
21045
21046
21047
21048
21049
21050
21051
21052
21405
21408
21409
21452
21453
21454
21456
21457
21458
21463
21468
21469
21470
21471
21472
21473
21474
21475
21476
21477
21478
21479
21498
21499
21579
21644
21645
21646
21647
21648
21649
21650
21651
21652
21653
21654
21655
21657
21660
21661
21662
21663
21664
21665
21666
21667
21668
21669
21670
21671
21672
21673
21674
21679
21684
21685
21686
21688
21689
21690
21691
21708
21709
21710
21711
21714
21715
21716
21717
21718
21719
21720
21721
21722
21723
21727
21731
21732
21733
21734
21736
21737
21738
21739
21740
21741
21742
21743
21744
21745
21746
21747
21748
21749
21750
21751
21752
21753
21754
21761
21820
21822
21823
21827
21828
21829
21830
21831
21832
21833
21834
21835
22152
22153
22154
22155
22400
22411
22412
22413
22415
22416
22417
22422
22587
22588
22589
22591
22592
22593
22594
22597
22598
22603
22604
22605
22606
22607
22608
22609
22610
22611
22612
22613
22614
22631
22633
22634
22651
22652
22653
22654
22655
22656
22657
22658
22659
22660
22661
22662
22663
22664
22667
22668
22669
22670
22671
22673
22674
22675
22676
22677
22678
22679
22680
22681
22686
22690
22691
22692
22693
22695
22696
22697
22698
22772
22775
22776
22777
22778
23098
23691
23692
23758
23761
23762
23763
23773
23774
23775
23777
23778
23779
23784
23804
23821
23822
23823
23825
23826
23827
23832
23837
23838
23839
23840
23841
23842
23843
23844
23845
23846
23847
23848
23867
23868
24077
24080
24081
24082
24083
24096
24098
24099
24100
24101
24102
24103
24104
24105
24106
24107
24108
24109
24110
24111
24182
24183
24187
24188
24189
24190
24192
24193
24194
24256
24257
24258
24259
24260
24261
24262
24263
24264
24266
24267
24268
24269
24270
24271
24273
24279
24283
24284
24285
24286
24288
24289
24290
24295
24300
24301
24302
24304
24305
24306
24307
