1983
1984
1985
1986
1995
1996
1997
4081
4082
4083
4084
4085
4087
4094
6187
6188
6189
6190
6191
6194
6201
8258
8259
8260
8261
8263
8264
8265
10342
10343
10344
10345
10346
10347
10348
73541
73545
73551
73555
73575
73581
73585
73595
73700
73704
73710
73714
75059
75065
75068
75069
75070
75084
75086
75087
75108
75109
75110
75124
75126
75204
75206
75228
75230
75244
75246
75284
75286
75585
75591
75595
75615
75619
75625
75629
75708
75710
75724
75726
75748
75750
75764
75766
75925
81164
81166
81167
81188
81189
81190
81200
81201
81202
81204
81206
81207
81208
81210
81211
81264
81266
81267
81272
81273
81274
81276
81277
81278
81349
81360
81361
81362
81363
81364
81366
81367
81368
81370
81371
81391
81413
81424
81425
81426
81427
81431
81432
81433
81434
81435
81437
81455
81733
81744
81745
81746
81747
81751
81752
81753
81754
81755
81757
81775
81807
81829
81840
81841
81842
81843
81847
81848
81849
81850
81851
81853
81871
81893
81904
81905
81906
81907
81911
81912
81913
81914
81915
81917
82053
82064
82065
82066
82071
82072
82074
82075
82095
83268
83269
83270
83283
83289
83292
83293
83294
83308
83310
83311
83379
83385
83388
83389
83390
83404
83406
83407
83428
83429
83430
83441
83444
83446
83447
83451
83760
83762
83763
83768
83769
83770
83773
83791
83813
83824
83825
83826
83831
83832
83834
83835
83909
83920
83922
83923
83928
83929
83930
83933
83951
83984
83985
83986
83991
83992
83994
83995
84625
84628
84630
84631
84635
104067
104069
104070
104075
104076
104077
104079
104080
104081
104082
104152
104163
104164
104165
104167
104168
104169
104170
104171
104173
104174
104211
104212
104213
104214
104215
104216
104217
104218
104219
104220
104221
104222
104224
104227
104228
104229
104230
104234
104235
104236
104237
104238
104239
104240
104241
104242
104243
104244
104245
104246
104250
104251
104252
104253
104254
104255
104256
104257
104258
104264
104338
104424
104467
104468
104469
104470
104474
104475
104476
104477
104478
104479
104480
104481
104482
104498
104499
104500
104501
104502
104503
104504
104505
104506
104507
104508
104509
104510
104512
104515
104516
104517
104519
104520
104521
104522
104523
104525
104526
104808
104851
104852
104853
104854
104855
104856
104857
104858
104859
104860
104861
104862
104864
104867
104869
104870
104875
104876
104877
104879
104880
104881
104882
104883
104884
104885
104886
104890
104891
104892
104893
104894
104895
104896
104897
104898
104904
104978
105059
105060
105061
105063
105064
105065
105066
105067
105069
105070
105107
105108
105109
105110
105113
105114
105115
105116
105117
105118
105119
105120
105121
105122
105135
105137
105138
105139
105140
105141
105142
105143
105144
105145
105146
105147
105148
105149
105150
105151
105152
105153
105156
105159
105160
105161
105162
105166
105221
105222
105227
105228
105229
105231
105232
105233
105234
106343
106344
106345
106387
106388
106389
106390
106391
106393
106394
106395
106396
106397
106398
106399
106400
106401
106415
106417
106418
106419
106420
106421
106422
106423
106425
106426
106427
106428
106429
106430
106431
106432
106433
106439
106440
106441
106511
106513
106514
106630
106636
106639
106640
106641
106642
106724
106727
106728
106729
106730
106734
106771
106772
106773
106774
106775
106776
106777
106778
106779
106780
106781
106782
106783
106784
106785
106790
106796
106799
106800
106801
106802
106803
106804
106805
106806
106807
106809
106810
106811
106812
106813
106814
106815
106816
106817
106818
106823
106824
106825
106895
106897
106898
106983
106984
106985
107027
107028
107029
107030
107031
107033
107034
107035
107036
107037
107038
107039
107040
107041
107042
107055
107057
107058
107059
107060
107061
107062
107063
107064
107065
107066
107067
107068
107069
107070
107071
107072
107073
107076
107079
107080
107081
107623
107624
107625
107667
107668
107669
107670
107671
107673
107674
107675
107676
107677
107678
107679
107680
107681
107695
107697
107698
107699
107700
107701
107702
107703
107705
107706
107707
107708
107709
107710
107711
107712
107713
107719
107720
107721
107791
107793
107794
112483
112484
112485
112487
112489
112490
112491
112493
112494
112534
112540
112543
112544
112545
112546
112564
112567
112568
112569
112570
112574
112579
112580
112581
112583
112584
112585
112586
112587
112589
112590
112643
112645
112646
112651
112652
112653
112655
112656
112657
112918
112924
112927
112928
112929
112930
112947
112948
112949
112951
112952
112953
112954
112955
112957
112958
112964
112967
112968
112969
112970
112974
113027
113029
113030
113035
113036
113037
113039
113040
113041
113042
113123
113124
113125
113127
113128
113129
113130
113131
113133
113134
113172
113175
113176
113177
113178
113182
113187
113189
113190
113195
113196
113197
113199
113200
113201
113202
113206
113212
113215
113216
113217
113218
114322
114408
114451
114452
114453
114454
114458
114459
114460
114461
114462
114463
114464
114465
114466
114482
114483
114484
114485
114486
114487
114488
114489
114490
114491
114492
114493
114494
114496
114500
114503
114504
114505
114510
114566
114572
114575
114576
114577
114578
114660
114663
114664
114665
114666
114670
114707
114708
114709
114710
114711
114712
114713
114714
114715
114716
114717
114718
114720
114726
114732
114735
114736
114737
114738
114739
114740
114741
114742
114746
114747
114748
114749
114750
114751
114752
114753
114754
114760
115044
115047
115048
115049
115050
115054
115091
115093
115094
115099
115100
115101
115103
115104
115105
115106
115122
115123
115124
115125
115126
115127
115128
115129
115130
115131
115132
115133
115134
115140
115143
115144
115145
115146
115150
115206
115212
115215
115216
115217
115218
115347
115348
115349
115351
115352
115353
115354
115355
115357
115358
115366
115372
115375
115376
115377
115378
115379
115381
115382
115387
115388
115389
115391
115392
115393
115394
117911
117912
117913
117923
117925
117926
117931
117932
117933
117935
117936
117937
117951
117953
117954
135729
135730
135731
135732
135733
135734
135735
