1891
1892
1893
1894
1901
1905
1906
3990
3992
3993
3996
3997
3998
4005
6099
6102
6103
6104
6105
6106
8171
8172
8173
8174
8175
8176
8177
9723
9947
9948
9949
9950
9951
9952
9953
73212
73252
73563
73618
73620
73664
73732
73864
73866
73889
73899
73909
75156
75158
75343
75365
75378
75384
75386
75473
75483
75525
75548
75551
75564
75566
75827
75833
75836
75838
76353
76359
76363
76384
76386
76392
76393
76394
76397
76484
76486
76487
76511
76512
76514
76515
76521
76525
76526
76564
76566
76567
81552
81553
81554
81559
81560
81562
81563
81565
82291
82297
82300
82302
82303
82388
82389
82390
82433
82436
82439
82440
82442
82443
82464
82465
82466
82472
82473
82474
82475
82477
82485
82820
82822
82823
82847
82848
82850
82851
82857
82860
82861
82862
83025
83028
83030
83031
83035
83120
83122
83123
83129
83133
83151
83184
83186
83187
83192
83193
83194
83197
84236
84238
84239
84261
84262
84272
84273
84274
84279
84280
84282
84283
84285
86340
86341
86342
86355
86361
86364
86366
86367
86371
86377
86380
86382
86383
86464
86465
86466
86467
86471
86472
86473
86474
86475
86477
86496
86497
86498
86500
86503
86504
86506
86507
86509
86516
86517
86518
86548
86549
86550
86864
86865
86866
86867
86871
86872
86873
86874
86875
86877
86895
86963
86972
86974
86975
86976
86978
86979
86985
86988
86989
86990
86991
87012
87013
87014
87015
87025
87026
87028
87030
87031
87032
87034
87035
87173
87184
87186
87187
87192
87193
87194
87196
87197
87198
87199
87212
87214
87215
105623
105624
105625
105626
105635
105636
105637
105638
105643
105644
105645
105646
105647
105648
105649
105650
105651
105653
105654
105660
105663
105664
105665
105666
108431
108433
108434
108520
108563
108564
108565
108566
108571
108572
108573
108574
108575
108576
108577
108578
108596
108599
108600
108601
108602
108603
108605
108606
108611
108612
108613
108615
108616
108617
108618
108619
108621
108622
108624
108952
108963
108964
108965
108966
108970
108971
108972
108973
108974
108975
108976
108977
108978
108991
108993
108994
109143
109144
109145
109155
109156
109157
109158
109163
109164
109165
109166
109167
109168
109169
109170
109174
109180
109183
109185
109186
109263
109265
109266
109267
109268
109269
109270
109274
109275
109276
109277
109278
109279
109280
109281
109282
109299
109300
109301
109303
109304
109305
109306
109307
109309
109310
109312
109316
109319
109320
109321
109322
109323
109325
109326
109352
109353
110680
110691
110692
110693
110694
110699
110700
110701
110702
110703
110704
110705
110706
110719
110721
110722
110790
110799
110801
110802
110803
110804
110805
110806
110811
110812
110813
110814
110815
110816
110817
110818
110836
110839
110840
110841
110842
110843
110845
110846
110852
110855
110856
110857
110858
110859
110861
110862
110888
111512
111523
111524
111525
111526
111531
111532
111533
111534
111535
111536
111537
111538
111551
111553
111554
111759
111761
111762
111848
111891
111892
111893
111894
111899
111900
111901
111902
111903
111904
111905
111924
111927
111929
111930
111931
111933
111934
111940
111943
111944
111945
111946
111950
112018
112104
112147
112149
112150
112155
112156
112157
112159
112160
112161
112162
112180
112183
112184
112185
112186
112187
112190
112196
112199
112200
112201
112202
112203
112205
112206
116355
116358
116364
116367
116368
116369
116370
116455
116456
116457
116499
116500
116501
116502
116503
116505
116506
116507
116508
116509
116510
116511
116512
116513
116514
116531
116532
116533
116534
116535
116536
116537
116538
116539
116540
116541
116542
116544
116548
116551
116552
116553
116554
116555
116557
116558
124760
124771
124772
124773
124774
124775
124777
124778
124779
124780
124781
124782
124783
124784
124785
124786
124799
124801
124802
124867
124869
124870
124876
124877
124879
124880
124881
124882
124883
124884
124885
124886
124891
124892
124893
124894
124895
124896
124897
124898
124916
124919
124920
124921
124922
124923
124925
124926
124931
124932
124933
124934
124935
124936
124937
124938
124939
124940
124941
124942
124944
124968
125268
125271
125272
125273
125274
125278
125283
125284
125285
125286
125291
125292
125293
125295
125296
125297
125298
125299
125301
125302
125307
125308
125309
125311
125312
125313
125314
125320
125391
125393
125394
125395
125396
125397
125398
125399
125401
125402
125403
125404
125405
125406
125407
125408
125409
125410
125426
125427
125428
125429
125430
125431
125432
125433
125434
125435
125436
125437
125438
125439
125440
125441
125444
125447
125448
125449
125450
125451
125453
125454
125476
125479
125480
125481
125482
125486
125592
125603
125604
125605
125606
125607
125608
125609
125610
125611
125612
125613
125614
125615
125616
125617
125631
125634
126867
126868
126869
126870
126871
126872
126873
126874
126875
126876
126877
126878
126880
126883
126885
126886
126892
126895
126896
126897
126898
126899
126900
126901
126902
126903
126906
126907
126908
126909
126910
126911
126912
126913
126914
126919
126920
126921
127122
127208
127251
127253
127254
127259
127260
127261
127263
127264
127265
127266
127284
127287
127288
127289
127290
127294
127299
127300
127301
127302
127303
127304
127305
127306
127307
127308
127309
127310
127311
127312
127313
127327
127329
127330
127352
127363
127364
127365
127366
127371
127372
127373
127374
127375
127376
127377
127378
127460
127461
127463
127464
127465
127466
127467
127469
127470
127507
127508
127509
127510
127511
127512
127513
127514
127515
127516
127517
127518
127519
127520
127521
127526
127532
127535
127537
127538
127539
127540
127541
127542
127543
127545
127546
127547
127548
127549
127550
127551
127552
127553
127554
127559
127560
127561
127562
127566
128099
128100
128101
128102
128103
128104
128105
128106
128107
128108
128109
128110
128112
128147
128149
128150
128155
128156
128157
128159
128160
128161
128162
128174
128177
128178
128179
128180
128184
128189
128190
128191
128192
128193
128194
128195
128196
128197
128200
128209
128211
128212
128233
128234
128235
128245
128246
128247
128248
128252
128253
128254
128255
128256
128257
128258
128259
128260
