1254
1255
1256
1257
1258
1259
1260
1262
3364
3365
3366
3367
3368
3370
3371
5476
5479
5507
5508
5509
5513
5516
7549
7550
7551
7552
7586
7590
7591
8954
9648
9652
9653
9654
9655
9695
9696
24715
24718
24825
24827
24925
24928
25069
25072
25113
25115
25116
25142
25149
25151
25154
25163
25775
26294
26321
26323
26324
26330
26335
26342
26433
26436
26445
26447
26448
26500
26509
26512
26528
26870
26897
26899
26900
26906
26909
26911
26912
26918
27073
27075
27076
27082
27087
27189
27191
27192
27218
27225
27227
27230
27238
27239
27266
27273
27275
27276
27278
30059
30062
30065
30066
30068
30069
30091
30094
30097
30098
30101
30110
30112
30113
32433
32435
32436
32542
32543
32549
32550
32551
32552
32554
32555
32577
32579
32580
32590
32597
32599
32600
32602
32625
32626
32627
32989
32991
32992
32998
33001
33003
33004
33026
33037
33039
33040
33046
33047
33049
33050
33051
33052
33116
33202
33245
33248
33254
33257
33259
33260
33282
33293
33295
33296
33302
33305
33307
33308
33312
33321
33324
33357
33359
33360
33366
33369
33371
33372
34737
34738
34739
34740
34845
34847
34848
34854
34855
34857
34858
34859
34860
34881
34882
34883
34893
34894
34895
34896
34901
34902
34903
34904
34905
34906
34907
34908
34930
35550
35551
35557
35558
35559
35560
35562
35563
35585
35587
35588
35589
35592
35598
35601
35604
35605
35607
35608
35610
36013
36014
36015
36020
36021
36022
36023
36024
36026
36027
36126
36129
36131
36132
36133
36135
36136
36138
36158
36161
36163
36164
36165
36167
36168
36170
36177
36178
36179
36180
36181
36184
36206
36209
36211
36212
36213
36215
36216
36218
36321
36322
36323
36324
36349
36350
36351
36352
36357
36358
36359
36360
36361
36362
36363
36364
36369
36370
36371
36372
48383
48394
48396
48397
48403
48406
48408
48409
48410
48412
48413
48419
48422
48424
48425
48431
48511
48512
48522
48525
48531
48534
48536
48537
48538
48540
48541
48547
48548
48550
48551
48552
48553
48559
48586
48587
48588
48589
48594
48595
48596
48597
48598
48599
48600
48601
48614
48617
58322
58333
58335
58336
58342
58343
58345
58346
58347
58348
58349
58351
58352
58358
58361
58363
58364
58370
58766
58769
58770
58771
58772
58773
58775
58776
58797
58798
58799
58800
58801
58804
58805
58806
58807
58808
58809
58810
58811
58812
58817
58818
58819
58820
58824
58909
58910
58911
58912
58917
58918
58919
58920
58921
58922
58923
58924
58961
58962
58963
58964
58973
58976
58985
58988
58989
58990
58991
58992
58997
58998
58999
59000
59001
59002
59003
59004
59009
59010
59011
59101
59102
59103
59104
59105
59107
59108
59109
59110
59111
59112
59114
59115
60557
60558
60559
60560
60561
60564
60565
60566
60567
60568
60569
60570
60571
60572
60590
60593
60594
60595
60596
60597
60599
60600
60602
60605
60606
60607
60608
60609
60611
60612
60613
60614
60615
60616
60617
60618
60619
60702
60705
60706
60707
60708
60709
60711
60712
60714
60750
60751
60753
60755
60756
60757
60758
60759
60760
60762
60782
60783
60785
60787
60788
60789
60791
60792
60794
60798
60801
60802
60803
60804
60805
60807
60808
60810
61409
61410
61411
61412
61413
61416
61584
61593
61596
61629
61631
61632
61638
61641
61643
61644
61730
61773
61775
61776
61782
61785
61787
61788
61810
61821
61822
61823
61824
61830
61831
61833
61834
61835
61836
61837
61838
61839
61840
61846
61847
61849
61850
61851
61852
61874
61875
61885
61886
61887
61888
61893
61894
61895
61896
61897
61898
61899
61900
61985
61986
61987
61988
62029
62030
62031
62032
62037
62038
62039
62040
62041
62042
62043
62044
62065
62066
62067
62068
62077
62078
62079
62080
62085
62086
62087
62088
62089
62090
62091
62092
62178
67400
67403
67404
67405
67406
67407
67409
67410
67412
67590
67623
67626
67635
67637
67638
67724
67767
67769
67770
67776
67779
67781
67782
67804
67815
67817
67818
67824
67827
67829
67830
67831
67832
67833
67834
67839
67840
67841
67842
67843
67844
67845
67846
67867
67868
67869
67870
67879
67880
67881
67882
67887
67888
67889
67890
67891
67892
67893
67894
67979
67980
67981
67982
67986
68023
68024
68025
68026
68027
68030
68031
68032
68033
68034
68035
68036
68037
68038
68056
68059
68060
68061
68062
68063
68065
68066
68071
68072
68073
68074
68075
68077
68078
68079
68080
68081
68082
68083
68084
68085
68086
68171
68172
68173
70647
70648
70649
70650
70651
70653
70654
70655
70656
70657
70658
70659
70660
70661
70662
70680
70681
70683
70684
70685
70686
70687
70688
70689
70690
70692
70695
70696
70697
70698
70699
70700
70701
70702
70703
70704
70705
70706
70707
70708
70709
70710
70791
70792
70793
70794
70795
70796
70797
70798
70799
70800
70801
70802
70803
70804
70805
70840
70841
70843
70844
70845
70846
70847
70848
70849
70850
70852
70853
70871
70872
70873
70874
70875
70877
70878
70879
70880
70881
70882
70883
70884
70885
70886
70888
70891
70892
70893
70894
70895
70897
70898
70900
72012
72013
72014
72019
72020
72021
72023
72024
72025
72026
72027
72028
72029
72030
72032
72033
72034
72035
72039
72040
72041
72042
72384
72387
72388
72389
72390
72391
72393
72394
72396
72399
72401
72402
72408
72411
72413
72414
72415
72416
72417
72418
72419
72421
72422
72423
72424
72425
72426
72427
72428
72429
72430
72435
72436
72437
72438
72439
72442
72516
72517
72527
72528
72529
72530
72534
72535
72536
72537
72538
72539
72540
72541
72542
72543
72545
72546
72552
72555
72556
72557
72558
72564
72579
72580
72581
72582
72591
72592
72593
72594
72599
72600
72601
72602
72603
72604
72605
72606
72607
72608
72609
72610
72615
72616
72617
72618
72619
72620
72621
72622
72627
72628
72629
72630
72708
72719
72720
72721
72722
72723
72725
72726
72727
72728
72729
72730
72731
72732
72733
72734
72738
72747
72750
