1661
1662
1663
1664
1666
1667
1668
3762
3764
3765
3766
3767
3768
3771
5918
5925
5928
5929
5930
5931
5932
8000
8001
8002
8004
8005
8006
8007
8967
8969
10145
10146
10147
10148
10149
10150
10151
24680
24763
24773
24866
24901
24903
24986
25009
25011
25028
25494
25496
25521
25525
25531
25534
25536
25877
25883
25887
25913
25926
25928
26130
26132
26138
26140
26163
26170
26172
26173
26183
26565
26567
26568
26624
26646
26657
26658
26659
26665
26667
26668
26724
26730
26734
28986
28987
28988
28989
28993
28994
28995
28996
28997
28999
29082
29084
29085
29091
29094
29095
29096
29110
29112
29113
29134
29135
29136
29146
29147
29148
29153
29154
29156
29157
29159
30506
30509
30515
30518
30519
30520
30542
30544
30545
30549
30558
30560
30561
30639
30653
30659
30662
30663
30664
30681
30714
30715
30716
30722
30724
30725
31014
31017
31359
31530
31531
31532
31537
31538
31540
31541
31562
31563
31564
31569
31570
31572
31573
31575
31583
31659
31662
31664
31665
31669
31686
31689
31690
31692
31693
31699
31702
31703
31704
31739
31742
31743
31744
31745
31749
33506
33517
33519
33520
33525
33526
33527
33529
33530
33531
33545
33547
33548
33744
33753
33755
33756
33841
33842
33843
33885
33886
33887
33889
33892
33893
33895
33896
33898
33916
33917
33918
33919
33920
33924
33925
33926
33927
33928
33930
33938
33939
34141
34143
34144
34150
34153
34154
34155
34156
34174
34177
34178
34179
34180
34184
34190
34193
34195
34196
34200
44090
44091
44092
44094
44095
44096
44097
44098
44100
44101
44106
44108
44109
44115
44116
44118
44119
44120
44121
44122
44123
44124
44125
44129
44130
44131
44132
44133
44134
44135
44136
44137
44143
44342
44344
44345
44431
44474
44475
44476
44477
44481
44482
44483
44484
44485
44486
44487
44488
44489
44506
44507
44508
44510
44511
44512
44513
44514
44516
44517
44519
44522
44523
44524
44526
44527
44528
44529
44530
44532
44533
44589
44595
44598
44599
44600
44601
44686
44687
44688
44689
44730
44731
44732
44733
44734
44736
44737
44738
44739
44740
44741
44742
44743
44744
44761
44762
44763
44764
44765
44766
44768
44769
44770
44771
44772
44773
44774
44775
44776
44779
44782
44783
44784
44785
44789
48121
49487
50170
50172
50173
50178
50179
50180
50182
50183
50184
50185
50203
50206
50207
50208
50209
50210
50213
50219
50220
50222
50223
50224
50225
50226
50228
50229
50302
50303
50304
50314
50315
50316
50317
50322
50323
50324
50326
50327
50328
50329
50342
50344
50345
50367
50378
50379
50380
50381
50385
50386
50387
50388
50389
50391
50409
50699
50702
50703
50704
50705
50709
50749
50755
50758
50760
50761
50782
50783
50784
50794
50795
50796
50797
50798
50800
50801
50802
50803
50804
50805
50807
50858
50860
50861
50866
50867
50868
50870
50871
50872
50873
51003
51006
51007
51008
51009
51010
51012
51013
51030
51032
51033
51034
51036
51037
51042
51043
51044
51046
51047
51048
51055
52205
52211
52214
52215
52216
52217
53582
53583
53584
53585
54266
54267
54268
54269
54270
54272
54273
54274
54275
54276
54277
54279
54297
54298
54299
54300
54301
54302
54304
54305
54306
54307
54308
54309
54310
54311
54312
54318
54319
54320
54394
54395
54396
54398
54399
54400
54401
54402
54404
54405
54413
54419
54422
54424
54425
54426
54427
54428
54429
54434
54435
54436
54437
54438
54439
54440
54441
54447
54475
54476
54478
54479
54480
54481
54482
54484
54485
54783
54794
54795
54796
54797
54798
54800
54801
54802
54803
54804
54805
54806
54807
54808
54825
54857
54879
54890
54891
54892
54893
54898
54899
54900
54901
54902
54903
54904
54905
54909
54915
54918
54919
54920
54921
54942
54943
54944
54945
54954
54955
54956
54957
54958
54960
54961
54962
54963
54964
54965
54966
54967
54968
55102
55103
55104
55105
55114
55115
55116
55117
55122
55123
55124
55125
55126
55127
55128
55129
55130
55133
55139
55142
55143
55144
55145
62621
62622
62623
62625
62626
62627
62628
62629
62630
62631
62632
62634
62669
62671
62672
62678
62681
62682
62683
62684
62702
62705
62706
62707
62708
62712
62717
62718
62719
62720
62721
62723
62724
62725
62726
62727
62728
62729
62730
62731
62732
62745
62747
62748
62769
62770
62771
62781
62782
62783
62784
62788
62789
62790
62791
62792
62793
62794
62795
62796
63613
63615
63616
63621
63622
63623
63625
63626
63627
63628
63966
63969
63970
63971
63972
63976
64141
64142
64143
64144
64145
64146
64147
64148
64149
64150
64151
64152
64153
64154
64155
64160
64166
64169
64171
64172
64173
64174
64175
64176
64177
64179
64180
64181
64182
64183
64184
64185
64186
64187
64188
64190
64193
64194
64195
64196
64200
64265
64268
64269
64270
64271
64272
64273
64274
64275
64276
64277
64278
64279
64280
64281
64282
64283
64285
64288
64294
64297
64298
64299
64300
64301
64302
64303
64304
64305
64307
64308
64309
64310
64311
64312
64313
64314
64315
64316
64321
64322
64323
64349
64350
64351
64353
64354
64355
64356
64357
64359
64360
64649
64651
64652
64994
64995
65165
65166
65167
65168
65172
65173
65174
65175
65176
65177
65178
65179
65180
65197
65198
65199
65200
65201
65202
65203
65204
65205
65206
65207
65208
65210
65213
65214
65215
65216
65217
65218
65219
65220
65221
65222
65223
65224
65226
65294
65297
65298
65299
65300
65304
65309
65310
65311
65312
65316
65317
65318
65319
65320
65321
65322
65323
65324
65325
65327
65328
65333
65334
65335
65337
65338
65339
65340
65362
65373
65374
65375
65376
65377
65378
65379
65380
65381
65382
65383
65384
65385
65386
65387
65401
65403
65404
135539
135540
135541
135542
135543
135544
