286
287
289
295
296
298
299
300
2113
2123
2398
2399
2400
2401
2402
2409
2410
2411
4205
4486
4487
4488
4489
4490
4491
4493
4494
6293
6570
6571
6572
6573
6574
6575
6576
6579
8355
8356
8359
8638
8639
8641
8642
8643
8644
8645
8646
10416
10420
10421
10422
10423
10436
10437
10448
10449
10454
10455
10485
10486
10497
10498
10528
10529
10530
10544
10545
10546
10551
10555
10556
10557
10558
10618
10622
10623
10624
10625
10646
10647
10663
10666
10670
10671
10674
10675
10711
10727
10728
10729
10730
10732
10733
10734
10739
10808
10809
10810
10812
10813
10814
10819
10963
10967
10970
10994
11012
11029
11030
11033
11034
11045
11046
11049
11050
11051
11109
11110
11111
11113
11114
11115
11120
11140
11156
11157
11158
11159
11161
11162
11163
11168
11177
11178
11301
11302
11303
11304
11305
11306
11307
11308
11309
11311
11312
11367
11368
11372
11373
11374
11375
11376
11393
11394
11395
11396
11409
11410
11411
11412
11413
11415
11416
11419
11420
11421
11422
11423
11424
11715
11716
11732
11733
11734
11735
11737
11738
11739
11740
11743
11744
11927
11931
11932
11933
11934
11936
11937
11938
11991
11996
11997
12000
12001
12002
12007
12011
12012
12013
12014
12016
12017
12018
12023
12027
12028
12029
12030
12032
12033
12034
12039
12043
12044
12045
12046
12048
12049
12050
12192
12193
12194
12195
12256
12257
12258
12259
12260
12261
12262
12263
12264
12265
12266
12267
12268
12269
12270
12271
12276
12277
12278
12279
12280
12281
12282
12283
12284
12285
12286
12287
12304
12305
12306
12307
12580
12582
12583
12586
12587
12588
12589
12590
12591
12598
12599
12603
12604
12605
12606
12608
12609
12620
12621
12624
12625
12626
12627
13504
13505
13508
13509
13510
13524
13525
13526
13531
13535
13536
13537
13538
13540
13541
13766
13777
13778
13779
13781
13782
13783
13788
13855
13856
13920
13921
13922
13923
13925
13926
13927
13932
13937
13938
13939
13941
13942
13943
13944
13947
13948
13968
13985
13986
13987
13989
13990
13991
13996
14001
14002
14003
14005
14006
14007
14012
14032
14112
14177
14178
14181
14182
14193
14194
14197
14198
14199
14204
14241
14242
14243
14244
14245
14246
14247
14248
14249
14250
14251
14252
14257
14258
14259
14260
14261
14262
14263
14264
14265
14266
14267
14268
14285
14286
14287
14288
14365
14367
14368
14432
14433
14434
14435
14437
14438
14439
14444
14449
14450
14451
14452
14453
14454
14455
14456
14459
14460
14479
14480
14497
14498
14499
14501
14502
14503
14508
14513
14514
14515
14517
14518
14519
14524
14544
15009
15010
15011
15012
15013
15014
15015
15016
15017
15018
15019
15020
15021
15022
15023
15025
15026
15027
15028
15029
15030
15031
15032
15033
15034
15035
15036
15037
15038
15039
15044
15048
15049
15050
15051
15053
15054
15055
15056
15268
15272
15273
15274
15275
15277
15278
15279
15280
15284
15288
15289
15290
15291
15293
15294
15295
15296
15297
15298
15299
15300
15301
15302
15303
15304
15305
15306
15307
15308
15309
15310
15311
15379
15380
15383
15384
15385
15386
15387
15388
15389
15390
15391
15392
15444
15448
15449
15450
15451
15453
15454
15455
15456
15457
15458
15459
15460
15463
15464
15465
15466
15467
15468
15469
15470
15471
15475
15476
15479
15480
15481
15482
15483
15484
15485
15486
15487
15488
15492
15496
15497
15498
15499
15501
15502
15503
15504
16660
16665
16666
16669
16670
16671
16672
16733
16734
16735
16736
16737
16738
16739
16740
16741
16742
16743
16744
16745
16746
16747
16748
16753
16754
16755
16756
16757
16758
16759
16760
16761
16762
16763
16764
16765
16766
16778
16781
16782
16783
16784
16822
17727
17732
17733
17736
17737
17738
17739
17748
17749
17752
17753
17754
17755
17756
17757
17758
17759
17760
17761
17762
17763
17764
17765
17766
17767
17768
17769
17772
17773
17776
17777
17778
17992
17993
17994
17995
18008
18009
18010
18011
18012
18013
18014
18015
18016
18017
18018
18019
18020
18021
18022
18023
18028
18029
18030
18031
18032
18033
18034
18035
18038
18039
18058
18059
18075
18076
18077
18078
18080
18081
18082
18087
18092
18093
18094
18095
18096
18097
18098
18099
18100
18101
18102
18103
18123
18139
18140
18141
18142
18144
18145
18146
18151
18156
18157
18158
18159
18160
18161
18162
18163
18164
18165
18166
18167
18169
18184
18185
18186
18187
18200
18201
18202
18203
18204
18205
18206
18207
18208
18209
18210
18211
18212
18213
18214
18215
18220
18221
18222
18224
18225
18226
18231
18723
18734
18735
18736
18737
18739
18740
18741
18746
18751
18752
18753
18754
18755
18756
18757
18758
18759
18760
18761
18762
18763
18764
18769
18770
18771
18772
18773
18774
18775
19416
19417
19420
19421
19422
19423
19436
19437
19438
19439
19440
19441
19442
19443
19444
19445
19446
19447
19448
19449
19450
19451
19456
19457
19458
19460
19461
19462
19467
19484
19485
19486
19487
19500
19501
19502
19503
19504
19505
19506
19507
19508
19509
19510
19511
19512
19513
19514
19515
19520
19521
19522
19523
19524
19525
19526
19527
19528
19529
19530
19531
19550
19551
19566
19567
19568
19569
19570
19571
19572
19573
19574
19575
19578
19579
19584
19585
19586
19587
19588
19589
19590
19591
19592
19593
19594
19595
23132
23135
23136
23147
23148
23149
23150
23151
23152
23153
23154
23155
23156
23157
23158
23159
23160
23161
23211
23212
23213
23214
23215
23216
23217
23218
23219
23220
23221
23222
23223
23224
23225
23230
23234
23235
23236
23237
23239
23240
23241
23242
23246
23250
23251
23252
23253
23255
23256
23257
23258
23259
23260
23261
23262
23263
23264
23265
23266
23267
23268
23269
23270
23271
23272
23273
24451
24521
24532
24533
24536
24537
24580
24581
24582
24583
24584
24585
24586
24587
24590
24591
24596
24597
24598
24599
24600
24601
24602
24603
24604
24605
24606
24607
24624
24625
24626
24627
