1463
1464
1465
1467
1468
1469
1470
3411
3571
3578
3581
3582
3583
3584
3585
5777
5778
5784
5785
5786
5787
5791
7628
7857
7865
7867
7868
7870
7871
7872
9737
10033
10037
10040
10041
10042
10043
10044
73272
73622
73625
73630
73820
73822
73924
73926
73927
73965
73973
74011
75392
75394
75395
75401
75430
75441
75448
75450
75451
76117
76172
76174
76175
76197
76208
76210
76217
76221
76287
76624
76626
76633
76634
76637
76737
76744
76747
76769
76776
76779
76788
76790
76791
76820
76822
76823
76933
76956
76959
76963
76972
76974
76975
82496
82497
82498
82504
82505
82506
82507
82509
82532
82534
82535
82545
82548
82551
82552
82555
82641
82648
82650
82651
82653
82692
82693
82694
82720
82722
82723
82729
82732
82733
82734
82741
85397
85580
85583
85605
85616
85618
85619
85625
85628
85629
85630
85631
85716
85717
85718
85760
85761
85762
85768
85770
85771
85773
85793
85796
85798
85799
85800
85803
85809
85812
85814
85815
85816
85819
86031
86064
86066
86067
86073
86076
86078
86079
87425
87426
87428
87431
87432
87434
87435
87437
87457
87460
87462
87463
87464
87466
87467
87469
87476
87477
87478
87479
87483
87876
87877
87878
87879
87903
87904
87906
87907
87913
87916
87917
87918
87919
87925
88005
88006
88019
88028
88030
88031
88032
88034
88035
88041
88044
88046
88047
88053
88080
88081
88082
88083
88088
88089
88090
88091
88092
88093
88094
88208
88209
88210
88216
88217
88218
88219
88221
88660
88661
88662
88663
88719
88752
88754
88755
88761
88764
88766
88767
88768
88770
88771
88777
88780
88782
88783
88805
88806
88816
88817
88818
88819
88824
88825
88826
88827
88828
88829
88830
88831
88853
109396
109399
109400
109401
109402
109403
109405
109406
109426
109427
109428
109429
109430
109434
109435
109436
109437
109438
109439
109440
109441
109442
109447
109448
109449
109450
109528
109539
109541
109542
109548
109549
109551
109552
109553
109554
109555
109557
109558
109564
109567
109569
109570
109592
109603
109604
109605
109606
109611
109612
109613
109615
109616
109617
109618
109622
109628
109631
109633
109634
109972
109975
109976
109977
109978
109979
109981
109982
110003
110004
110005
110006
110010
110011
110012
110013
110014
110015
110016
110017
110023
110024
110025
110026
110180
110183
110185
110186
110187
110189
110190
110192
110287
110290
110291
110292
110293
110294
110299
110300
110301
110302
110303
110304
110305
110306
110327
110328
110329
110330
110339
110340
110341
110343
110346
110347
110348
110349
110350
110352
110376
120995
120996
120997
120999
121001
121002
121003
121004
121005
121006
121008
121743
121746
121832
121875
121877
121878
121884
121887
121889
121890
121912
121913
121923
121924
121925
121926
121931
121932
121933
121934
121935
121936
121937
121938
122279
122280
122281
122282
122286
122451
122452
122453
122454
122455
122457
122458
122459
122460
122461
122462
122463
122464
122465
122466
122484
122487
122488
122489
122490
122491
122493
122494
122496
122499
122500
122501
122503
122504
122505
122506
122507
122508
122509
122510
122512
122595
122596
122597
122598
122599
122601
122602
122603
122604
122605
122606
122607
122608
122609
122644
122647
122648
122649
122650
122651
122653
122654
122662
122671
122673
122674
122675
122676
122677
122678
122682
122683
122684
122685
122686
122687
122688
122689
122690
122695
122696
122697
122698
122962
123475
123478
123484
123487
123489
123490
123512
123523
123524
123525
123526
123532
123533
123535
123536
123537
123538
123623
123624
123625
123626
123667
123668
123669
123670
123674
123675
123676
123677
123678
123679
123680
123681
123682
123700
123703
123704
123705
123706
123707
123709
123710
123715
123716
123717
123719
123721
123722
123723
123724
123725
123726
123728
128962
128963
128973
128974
128975
128976
128977
128979
128980
128981
128982
128983
128984
128985
128986
128987
128988
128989
128991
128992
128998
129001
129003
129004
129085
129086
129087
129088
129089
129090
129091
129092
129093
129094
129095
129096
129097
129098
129099
129100
129117
129118
129119
129120
129121
129122
129123
129124
129125
129126
129127
129128
129129
129130
129131
129132
129134
129135
129137
129138
129139
129140
129141
129143
129144
129146
129166
129169
129170
129171
129172
129173
129175
129176
129178
130754
130765
130766
130767
130768
130773
130774
130775
130776
130777
130778
130779
130780
130781
130783
130784
130790
130793
130795
130796
130877
130878
130879
130881
130882
130883
130884
130885
130886
130887
130888
130890
130908
130909
130910
130911
130912
130913
130915
130916
130917
130918
130919
130920
130921
130922
130923
130924
130926
130929
130930
130931
130932
130933
130936
130957
130958
130959
130961
130962
130963
130964
130965
130966
130967
130968
130970
131282
131283
131325
131326
131327
131328
131332
131333
131334
131335
131336
131337
131338
131339
131340
131358
131361
131362
131363
131364
131365
131367
131368
131373
131374
131375
131376
131377
131379
131380
131381
131382
131383
131384
131385
131386
131387
131388
131404
131437
131439
131440
131446
131449
131451
131452
131537
131538
131539
131540
131581
131582
131583
131584
131589
131590
131591
131592
131593
131594
131595
131596
131617
131618
131619
131620
131624
131629
131630
131631
131632
131633
131635
131636
131637
131638
131639
131640
131641
131642
131643
131644
131645
131648
131654
131657
131659
131660
131682
131693
131695
131696
131702
131703
131705
131706
131707
131708
132097
132098
132099
132100
132109
132110
132111
132112
132117
132118
132119
132121
132122
132123
132124
132125
132127
132128
132134
132135
132137
132138
132139
132140
132146
133889
133890
133891
133892
133896
133901
133902
133903
133904
133909
133910
133911
133912
133913
133914
133915
133916
133917
133918
133919
133920
133925
133926
133927
133928
133929
133930
133931
133932
133938
133939
134180
134181
134182
134183
134184
134185
134186
134266
134267
134268
134269
134270
134271
134272
134273
134274
134275
134276
134277
134278
134279
134280
134309
134310
134311
134313
134314
134315
134316
134317
134318
134319
134320
134322
134325
134327
134328
134334
134337
134339
134340
134341
134342
134343
134344
134345
134347
134348
134349
134350
134351
134352
134353
134354
134355
134356
134358
134361
134362
134363
134364
134368
