2037
2038
2039
2040
2041
2042
2043
4135
4136
4137
4138
4139
4140
5547
6242
6244
6245
6246
6247
6248
6249
8312
8313
8314
8315
8316
8317
8318
10394
10395
10397
10398
10399
10400
10401
10402
73209
73239
73491
73511
73517
73521
73602
73604
73686
73738
73757
73759
74831
74853
74865
74871
74875
74944
74945
74948
74950
74951
74955
74972
74973
74974
74988
74989
74990
75029
75312
75314
75319
75320
75322
75652
75653
75654
75667
75673
75677
75695
75860
75862
75907
75913
75917
75936
75938
75943
75946
80252
80254
80255
80337
80340
80341
80342
80384
80385
80388
80389
80390
80391
80395
80403
80408
80409
80410
80412
80413
80414
80428
80429
80430
80431
80704
80705
80706
80708
80709
80710
80711
80714
80715
80723
80728
80729
80730
80732
80733
80734
80739
80745
80748
80749
80750
80751
80783
80805
80816
80817
80818
80819
80820
80822
80823
80824
80825
80826
80827
80847
80869
80880
80881
80882
80884
80886
80887
80888
80890
80891
81041
81044
81045
81046
82176
82178
82179
82183
82184
82185
82186
82189
82207
82208
82210
82211
82215
82216
82217
82218
82221
83536
83537
83538
83540
83542
83543
83544
83546
83547
83596
83597
83598
83599
83616
83617
83618
83620
83622
83623
83627
83636
83637
83638
83699
83705
83708
83709
83710
84357
84368
84369
84370
84375
84376
84378
84379
84399
84556
84558
84559
84577
84580
84581
84582
84587
84596
84597
84598
84671
84672
84674
84675
84679
84680
84682
84702
84703
84707
84712
84713
84714
84717
85043
85048
85049
85052
85053
100511
100532
100533
100544
100545
100546
100547
100548
100550
100551
100552
100553
100554
100555
100556
100557
100558
100880
100881
100882
100884
100885
100886
100887
100888
100890
100891
100896
100897
100898
100899
100900
100902
100903
100904
100905
100906
100907
100908
100909
100910
100915
100921
100924
100925
100926
100927
101076
101077
101088
101089
101090
101091
101092
101093
101094
101095
101096
101097
101098
101099
101119
101136
101137
101138
101139
101143
101144
101145
101146
101147
101148
101149
101150
101151
101164
101166
101167
101168
101169
101170
101171
101172
101173
101174
101175
101176
101177
101178
101179
101180
101181
101182
101185
101188
101189
101190
101191
101195
101248
101250
101251
101256
101257
101258
101260
101261
101262
101263
102226
102227
102228
102229
102230
102231
102232
102233
102234
102235
102236
102237
102238
102240
102243
102244
102245
102246
102250
102251
102252
102253
102254
102255
102256
102257
102258
102259
102261
102262
102266
102267
102268
102269
102270
102271
102272
102273
102274
102303
102305
102306
102324
102327
102328
102329
102334
102339
102340
102341
102342
102343
102344
102345
102346
102347
102348
102349
102350
102351
102352
102353
102358
102364
102367
102368
102369
102370
102387
102388
102389
102391
102392
102393
102394
102397
102398
102403
102404
102405
102406
102407
102408
102409
102410
102411
102412
102413
102414
102415
102416
102417
102546
102632
102675
102676
102677
102678
102682
102683
102684
102685
102686
102687
102688
102689
102690
102703
102705
102706
102707
102708
102709
102710
102711
102712
102713
102714
102715
102716
102717
102718
102719
102720
102721
102724
102727
102728
102729
102730
102734
102787
102789
102790
102795
102796
102797
102799
102800
102801
102802
102871
102872
102873
102883
102884
102885
102886
102887
102888
102889
102890
102891
102892
102893
102894
102896
102914
102931
102932
102933
102935
102936
102937
102938
102939
102941
102942
102947
102948
102949
102950
102951
102953
102954
102955
102956
102957
102958
102959
102960
102961
102962
102966
102971
102972
102973
102975
102976
102977
102978
103576
103587
103588
103589
103591
103592
103593
103594
103595
103597
103598
103618
108118
108124
108127
108128
108129
108130
108147
108148
108149
108151
108152
108153
108154
108157
108158
108163
108164
108165
108166
108167
108168
108169
108170
108171
108172
108173
108174
108239
108241
108242
108243
108244
108245
108246
108247
108248
108249
108250
108251
108252
108253
108254
108255
108256
108262
108267
108268
108269
108271
108272
108273
108274
108275
108276
108277
108278
108282
108283
108284
108285
108286
108287
108288
108289
108290
108327
108328
108329
113555
113556
113557
113559
113560
113561
113562
113565
113566
113571
113572
113573
113574
113578
113579
113580
113581
113582
113583
113584
113585
113590
113596
113599
113600
113601
113602
113759
113761
113762
113780
113783
113784
113785
113786
113790
113795
113796
113797
113798
113799
113800
113801
113802
113803
113804
113805
113806
113871
113873
113874
113875
113876
113877
113878
113879
113880
113881
113882
113883
113884
113885
113886
113888
113893
113894
113899
113900
113901
113903
113904
113905
113906
113907
113909
113910
113914
113915
113916
113917
113919
113920
113921
113922
113956
113959
113960
113961
113966
114210
114231
114232
114243
114244
114245
114246
114247
114249
114250
114251
114252
114253
114254
114255
114256
114257
116835
116836
116837
116839
116840
116841
116842
116845
116846
116883
116884
116885
116886
116890
116891
116892
116893
116894
116895
116896
116897
116911
116913
116914
116915
116916
116917
116918
116919
116921
116922
116923
116924
116925
116926
116927
116928
116936
116998
117004
117007
117008
117009
117010
117637
117638
117643
117644
117645
117647
117648
117649
117650
117720
117731
117732
117733
117734
117735
117736
117737
117738
117739
117740
117741
117742
117762
117783
117784
117785
117795
117796
117797
117798
117799
117801
117802
117803
117804
117805
117806
117808
117826
118095
118097
118098
118099
118100
118101
118102
118106
118107
118108
118109
118110
118112
118127
118129
118130
118131
118132
118133
118134
118138
118139
118140
118141
118142
118143
118144
118145
118211
118213
118214
118218
118219
118220
118221
118223
118224
118225
118230
118236
118239
118240
118241
118242
118259
118260
118261
118263
118264
118265
118266
118270
118276
118279
118280
118281
118282
118286
119574
119579
119580
119581
119583
119584
119585
119586
119602
119603
119604
119605
119607
119608
119609
119610
119611
119613
119614
119620
119623
119624
119625
119630
135782
135783
135784
135785
135786
135787
