651
669
677
679
680
681
684
685
696
706
707
708
710
722
723
724
725
729
731
734
745
746
749
751
753
754
756
772
773
774
788
818
827
850
859
860
862
867
876
880
881
885
887
987
990
991
992
993
995
996
2775
2806
2807
2808
2810
2818
2819
2821
2822
2824
2825
2826
2831
2835
2837
2842
2843
2844
2845
2846
2848
2865
2868
2869
2873
2875
2876
2878
2879
2880
2881
2886
2889
2890
2891
2892
2893
2894
2895
2896
2897
2898
2908
2913
2915
2916
2917
2918
2919
2920
2921
2922
2923
2924
2925
2931
2932
2934
2935
2936
2937
2938
2939
2940
2941
2948
2949
2951
2952
2953
2954
2955
2956
2957
2958
2959
2960
2962
2963
2964
2965
2966
2967
2969
2970
2971
2972
2973
2976
2978
2979
2982
2983
2984
2985
2987
2988
2992
2993
2996
2997
3020
3021
3025
3085
3086
3087
3088
3089
3090
3094
3097
3209
3213
3228
3230
3231
3232
3241
3244
3248
3250
3251
3252
3255
3257
3258
3259
3260
4903
4955
4956
4957
4960
4966
4967
4968
4970
4971
4973
4978
4979
4980
4982
4983
4984
4985
4986
4988
4989
4991
4992
4993
4994
4995
4996
4997
4998
4999
5000
5001
5002
5003
5004
5006
5007
5008
5009
5012
5014
5015
5016
5017
5018
5025
5027
5028
5029
5030
5031
5032
5038
5039
5040
5041
5042
5043
5044
5046
5049
5064
5065
5066
5069
5083
5084
5085
5090
5091
5093
5094
5095
5096
5097
5099
5100
5101
5102
5103
5104
5105
5106
5107
5108
5110
5111
5112
5113
5120
5121
5122
5124
5128
5129
5130
5131
5134
5153
5157
5158
5159
5160
5161
5162
5172
5197
5210
5211
5222
5223
5224
5225
5226
5227
5228
5229
5237
5244
5247
5248
5249
5250
5251
5252
5261
5264
5280
5281
5282
5283
5284
5314
5315
5316
5317
5318
5319
5320
5321
5322
5323
5324
5325
5326
5327
5328
5329
5330
5331
5333
5334
5338
5339
5341
5343
5344
5345
5347
5350
5351
5352
5353
5354
5355
5356
5357
5358
5359
5361
5362
5363
5364
5365
5366
5367
5368
5369
5370
5371
5372
5373
5374
5375
5376
5378
5379
5380
5381
5382
7051
7052
7053
7054
7055
7056
7057
7060
7062
7066
7069
7070
7071
7098
7154
7155
7156
7157
7158
7159
7160
7161
7162
7163
7164
7165
7166
7167
7168
7169
7170
7171
7172
7173
7174
7175
7176
7177
7178
7179
7180
7181
7182
7183
7184
7185
7186
7187
7188
7189
7190
7191
7192
7193
7194
7195
7196
7197
7198
7199
7200
7201
7202
7203
7204
7205
7206
7207
7208
7209
7210
7213
7214
7215
7217
7218
7219
7220
7221
7222
7223
7224
7225
7226
7227
7228
7229
7230
7231
7234
7254
7256
7257
7258
7259
7261
7262
7263
7264
7265
7266
7272
7273
7275
7276
7277
7278
7279
7280
7281
7282
7283
7284
7286
7288
7289
7290
7291
7292
7293
7294
7295
7296
7297
7298
7299
7300
7301
7302
7303
7304
7305
7306
7308
7309
7310
7311
7312
7313
7314
7315
7316
7317
7318
7319
7323
7325
7326
7327
7328
7329
7330
7331
7332
7333
7334
7335
7336
7337
7338
7339
7340
7341
7342
7344
7345
7346
7347
7348
7349
7350
7351
7383
7384
7385
7386
7387
7388
7389
7390
7391
7393
7394
7395
7397
7401
7402
7403
7404
7405
7406
7407
7408
7409
7410
7411
7412
7413
7414
7415
7416
7417
7418
7419
7420
7421
7422
7423
7424
7425
7427
7428
7432
7433
7435
7437
7438
7439
7444
7447
7448
7449
7450
7451
7452
7453
9195
9196
9197
9198
9199
9200
9201
9202
9203
9204
9208
9213
9214
9218
9219
9220
9221
9222
9223
9224
9225
9226
9227
9228
9229
9230
9232
9233
9235
9236
9239
9240
9241
9242
9243
9244
9245
9246
9247
9248
9249
9250
9251
9252
9253
9254
9255
9256
9257
9258
9259
9260
9261
9262
9263
9264
9265
9266
9267
9284
9285
9286
9287
9288
9289
9290
9291
9292
9293
9294
9295
9296
9297
9298
9299
9300
9301
9302
9303
9304
9305
9306
9307
9308
9309
9310
9311
9312
9313
9314
9315
9316
9317
9318
9319
9320
9321
9322
9323
9324
9325
9326
9327
9328
9329
9330
9331
9332
9333
9334
9336
9337
9339
9340
9341
9342
9343
9344
9345
9346
9347
9348
9349
9350
9351
9352
9353
9354
9355
9356
9357
9358
9359
9360
9361
9362
9363
9364
9365
9366
9367
9368
9369
9370
9371
9372
9373
9374
9375
9376
9377
9378
9379
9380
9381
9382
9383
9384
9385
9386
9387
9388
9456
9472
9473
9477
9487
9488
9489
9492
9493
9494
9495
9496
9521
36603
36611
36612
36628
36630
36833
36834
36836
36841
37098
37099
37100
37101
37102
37103
37104
37105
37108
37109
37113
37114
37115
37116
37117
37118
37119
37120
37121
37122
37123
37312
37313
37314
37330
37331
37332
37333
37335
37336
37337
37338
37340
37341
37346
37347
37348
37349
37350
37606
37607
37608
37609
37610
37611
37613
37618
37619
37620
37621
37622
37623
37624
37625
37636
37639
37640
37641
37658
37659
37660
37661
37662
37663
37664
37665
37666
37667
37668
37669
37670
37675
37676
37677
37735
37737
37738
37742
37743
37744
37745
37747
37748
37749
37814
38618
38619
38629
38630
38631
38632
38633
38690
38691
38693
38697
38715
38723
38724
38725
38726
38727
38728
38729
38730
38731
38732
38733
38736
38737
38738
38746
38747
38749
38762
38763
38764
38765
38766
38767
38768
38769
38771
38856
38859
38860
38861
38866
