1441
1442
1443
1444
1445
1446
1447
3554
3555
3556
3557
3558
3560
3561
5755
5756
5757
5758
5759
5760
5761
7621
7834
7835
7836
7837
7838
7839
7840
7841
9732
10011
10012
10013
10014
10015
10016
10017
73266
73268
73611
73649
73651
73818
73922
73933
73956
73959
73975
74005
75348
75350
75351
75452
75455
75468
75471
75493
75504
75506
75517
76167
76171
76193
76200
76202
76205
76213
76609
76616
76618
76619
76641
76647
76648
76650
76651
76660
76662
76752
76754
76755
76761
76765
76766
76819
76825
76828
76830
76831
76847
76948
76950
82320
82322
82323
82328
82329
82330
82333
82334
82703
82736
82738
82739
82745
82748
82749
82750
82800
82802
82803
82809
82812
82814
82815
82900
82901
82902
82945
82952
82954
82955
82957
82977
82980
82983
82984
82987
82996
82998
82999
85573
85584
85587
85593
85596
85598
85599
85603
85612
85614
85615
85697
85700
85702
85703
85707
85728
85729
85730
85731
85736
85737
85738
85739
85741
85749
85777
85780
85782
85783
85784
85787
87364
87365
87366
87367
87379
87388
87390
87391
87392
87394
87395
87401
87404
87405
87406
87407
87413
87492
87493
87494
87495
87516
87519
87520
87522
87523
87528
87529
87530
87532
87533
87534
87535
87541
87569
87570
87572
87575
87576
87578
87579
87581
87936
87938
87939
87944
87945
87946
87948
87949
87950
87951
87972
87973
87974
87975
87985
87988
87990
87991
87992
87994
87995
87997
88063
88149
88192
88194
88195
88201
88204
88206
88207
88228
88229
88230
88240
88241
88242
88248
88249
88250
88251
88253
88307
88316
88318
88319
88720
88721
88722
88723
88727
88728
88729
88730
88731
88733
88734
108692
108695
108696
108697
108698
108699
108701
108702
108704
108723
108724
108725
108726
108727
108730
108731
108732
108733
108734
108735
108736
108737
108743
108744
108745
108746
110178
110200
110211
110213
110214
110220
110223
110224
110225
110226
110311
110312
110313
110355
110356
110357
110358
110363
110364
110365
110366
110367
110368
110369
110388
110391
110392
110393
110394
110395
110398
110404
110407
110409
110410
110411
110413
110414
110611
110613
110614
110620
110623
110625
110626
110648
110649
110659
110660
110661
110662
110667
110668
110669
110670
110671
110672
110673
110674
111012
111015
111016
111017
111018
111019
111022
111188
111189
111191
111193
111194
111195
111197
111198
111200
111219
111220
111221
111222
111223
111225
111226
111227
111228
111229
111230
111232
111239
111240
111241
111242
111246
111320
111331
111332
111333
111334
111339
111340
111341
111342
111343
111344
111345
111346
111350
111359
111361
111362
111384
111395
111397
111398
111403
111404
111405
111407
111408
111409
111410
111411
111413
111414
111420
111423
111425
111426
121700
121703
121704
121705
121706
121707
121709
121710
121712
121762
121795
121797
121798
121804
121807
121809
121810
121811
121812
121813
121814
121819
121820
121821
121823
121824
121825
121826
121847
121848
121849
121850
121859
121860
121861
121862
121863
121866
121867
121868
121869
121870
121871
121872
121873
121874
121896
122211
122212
122213
122214
122215
122217
122218
122219
122220
122221
122222
122224
122310
122316
122319
122321
122322
122323
122324
122325
122326
122331
122332
122333
122334
122335
122336
122337
122338
122356
122359
122360
122361
122362
122363
122366
122371
122372
122373
122374
122375
122377
122378
122379
122380
122381
122382
122384
122385
122407
122408
122409
122516
122519
122520
122521
122522
122523
122525
122526
122534
122543
122545
122546
122547
122548
122549
122550
122554
122555
122556
122557
122558
122559
122560
122561
122562
122567
122568
122569
122570
128726
128729
128730
128731
128732
128733
128735
128736
128765
128766
128767
128768
128773
128774
128775
128776
128777
128778
128779
128780
128798
128801
128802
128803
128804
128808
128813
128814
128815
128816
128817
128819
128820
128821
128822
128823
128824
128825
128826
128827
128828
128829
128832
128838
128841
128843
128844
128866
128867
128877
128878
128879
128880
128885
128886
128887
128888
128889
128890
128891
128892
129217
129218
129219
129220
129224
129229
129230
129231
129232
129237
129238
129239
129240
129241
129242
129243
129244
129245
129246
129247
129248
129253
129254
129255
129257
129258
129259
129260
129266
129341
129342
129343
129344
129345
129346
129347
129348
129349
129350
129351
129352
129354
129360
129366
129369
129371
129372
129373
129374
129375
129376
129377
129379
129380
129381
129382
129383
129384
129385
129386
129387
129388
129390
129393
129394
129395
129396
129400
129421
129422
129423
129424
129425
129426
129427
129428
129429
129430
129431
129432
129434
129538
129549
129550
129551
129552
129553
129555
129556
129557
129558
129559
129560
129561
129562
129563
129564
129568
129574
129577
129579
129580
130830
130833
130834
130835
130836
130837
130839
130840
131005
131007
131008
131014
131017
131019
131020
131041
131042
131043
131053
131054
131055
131056
131061
131062
131063
131064
131065
131066
131067
131068
131150
131153
131154
131155
131156
131157
131160
131197
131198
131199
131200
131201
131203
131204
131205
131206
131207
131208
131209
131210
131211
131212
131229
131230
131231
131232
131233
131234
131235
131236
131237
131238
131239
131240
131242
131243
131245
131246
131247
131249
131250
131251
131252
131253
131255
131256
131258
131321
131324
131410
131453
131455
131456
131462
131465
131466
131467
131468
131489
131490
131491
131501
131502
131503
131504
131509
131510
131511
131512
131513
131514
131515
131516
132029
132030
132031
132032
132033
132035
132036
132037
132038
132039
132040
132041
132042
132043
132044
132061
132062
132063
132064
132065
132066
132067
132068
132069
132070
132071
132072
132074
132078
132081
132082
132083
132084
132085
132087
132088
132090
132162
132173
132174
132175
132176
132177
132180
132181
132182
132183
132184
132185
132186
132187
132188
132192
132201
132203
132204
132225
132226
132227
132228
132237
132239
132240
132246
132247
132249
132250
132251
132252
132253
132255
132256
132261
132262
132263
132265
132266
132267
132268
132274
132540
134098
134141
134142
134143
134144
134145
134146
134147
134148
134149
134164
134173
134175
134176
