1859
1860
1861
1862
1864
1865
3957
3958
3959
3960
3961
3962
3963
5544
5726
5727
5728
5729
5730
5731
5732
7806
7807
7808
7809
7811
7812
9728
9978
9983
9984
9985
9987
9988
9990
73249
73276
73617
73645
73647
73658
73814
73904
73906
73913
73971
73977
75333
75359
75372
75374
75375
75463
75490
75496
75498
75501
75509
75540
75542
76177
76184
76186
76187
76415
76544
76546
76547
76553
76557
76580
76582
76583
76596
76598
76599
76603
76800
76803
76809
76812
76814
76836
76838
76849
76855
76856
76859
82260
82262
82263
82267
82352
82354
82355
82361
82364
82365
82366
82367
82380
82383
82405
82416
82418
82419
82424
82425
82426
82429
82430
82757
82771
82777
82780
82782
82783
82796
82798
82799
82881
82887
82888
82890
82891
82913
82914
82920
82922
82923
82925
82933
82934
82964
82965
82966
83088
83090
83096
83097
83098
83101
85633
85636
85638
85639
85643
85664
85665
85666
85667
85672
85673
85674
85675
85677
85685
86588
86590
86591
86933
87104
87105
87106
87107
87112
87113
87114
87116
87117
87118
87137
87140
87141
87142
87143
87147
87153
87156
87158
87159
87160
87162
87163
87248
87249
87250
87251
87256
87257
87258
87259
87261
87262
87300
87301
87302
87312
87314
87315
87321
87324
87325
87326
87327
87328
87331
87337
87340
87342
87343
87615
87957
88128
88130
88131
88137
88140
88141
88142
88143
88164
88165
88166
88167
88177
88180
88183
88184
88186
88187
88189
88272
88273
88274
88279
88280
88282
88283
88285
88324
88325
88326
88339
88348
88350
88351
88352
88355
88361
88364
88366
88367
108451
108452
108453
108455
108457
108458
108459
108460
108461
108462
108464
108675
108677
108678
108684
108687
108688
108689
108690
108775
108776
108777
108819
108820
108821
108822
108826
108827
108828
108829
108830
108831
108832
108833
108834
108852
108855
108856
108857
108858
108859
108861
108862
108868
108871
108872
108873
108874
108875
108877
108878
108943
108946
109032
109075
109077
109078
109083
109084
109085
109087
109088
109089
109090
109111
109112
109113
109114
109123
109124
109125
109126
109127
109129
109130
109131
109132
109133
109134
109135
109136
109137
110436
110439
110440
110441
110442
110446
110495
110497
110498
110520
110531
110532
110533
110534
110539
110540
110541
110543
110544
110545
110546
110559
110561
110562
110584
110595
110596
110597
110598
110603
110604
110605
110607
110608
110609
110610
110935
110936
110937
110947
110949
110950
110956
110957
110959
110960
110961
110962
110963
110965
110966
110972
110975
110977
110978
111059
111060
111061
111063
111065
111066
111067
111069
111070
111072
111091
111092
111093
111094
111095
111098
111099
111100
111101
111102
111104
111105
111111
111112
111113
111114
111140
111143
111144
111145
111146
111150
111256
111267
111268
111269
111270
111274
111275
111276
111277
111278
111279
111280
111281
111282
111298
111764
111765
111767
111769
111770
111771
111773
111774
111776
111795
111796
111797
111798
111802
111803
111804
111805
111806
111808
111815
111816
111817
121940
121943
121944
121945
121946
121947
121949
121950
121958
121964
121967
121969
121970
121971
121972
121973
121974
121979
121980
121981
121982
121983
121984
121985
121986
121992
121993
122068
122071
122072
122073
122074
122075
122077
122078
122083
122086
122092
122095
122097
122098
122099
122100
122101
122102
122107
122108
122109
122110
122111
122112
122113
122114
122120
122121
122147
122148
122149
122150
122151
122153
122154
122155
122156
122157
122158
122160
125778
127827
127829
127830
127836
127839
127840
127841
127842
127863
127864
127865
127866
127875
127876
127877
127878
127879
127882
127883
127884
127885
127886
127887
127888
127889
127890
127971
127972
127973
127975
127976
127977
127978
127979
127980
127981
127982
127984
128019
128020
128021
128022
128023
128024
128025
128026
128027
128028
128029
128030
128032
128038
128044
128047
128049
128050
128051
128052
128053
128054
128055
128057
128058
128059
128060
128061
128062
128063
128064
128065
128066
128071
128072
128073
128074
128078
128369
128370
128371
128373
128374
128375
128376
128377
128379
128380
128382
128385
128387
128388
128393
128394
128395
128397
128398
128399
128400
128401
128402
128403
128404
128408
128409
128410
128411
128412
128413
128414
128415
128416
128421
128422
128423
128566
128577
128578
128579
128580
128581
128582
128583
128584
128585
128586
128587
128588
128589
128590
128591
128608
128628
128634
128637
128639
128640
128642
128643
128649
128653
128654
128655
128656
128674
128677
128678
128679
128680
128684
128689
128690
128691
128692
128693
128695
128696
128697
128698
128699
128700
128701
128702
128703
128704
129661
129663
129664
129670
129673
129674
129675
129676
129697
129698
129699
129709
129710
129711
129712
129716
129717
129718
129719
129720
129721
129722
129723
129724
131086
131089
131090
131091
131092
131093
131095
131096
131098
131773
131774
131775
131776
131777
131778
131779
131780
131781
131782
131783
131784
131785
131786
131787
131801
131804
131805
131806
131807
131808
131809
131811
131812
131813
131814
131815
131816
131817
131818
131819
131820
131822
131825
131826
131827
131828
131832
131905
131906
131907
131908
131917
131918
131919
131920
131925
131926
131927
131928
131929
131930
131931
131932
131933
131935
131936
131941
131942
131943
131945
131946
131947
131948
131954
131970
131981
131982
131983
131984
131985
131987
131988
131989
131990
131991
131992
131993
131994
131995
131996
132000
132009
132011
132012
132306
132349
132350
132351
132352
132353
132356
132357
132358
132359
132360
132361
132362
132363
132364
132381
132382
132383
132385
132386
132387
132388
132389
132391
132392
132394
132397
132398
132399
132401
132402
132403
132404
132405
132406
132407
132408
132410
132464
132473
132475
132476
132561
132562
132563
132564
132605
132606
132607
132608
132613
132614
132615
132616
132617
132618
132619
132620
132638
132641
132642
132643
132644
132648
132653
132654
132655
132656
132657
132659
132660
132661
132662
132663
132664
132665
132666
132667
132684
132717
132719
132720
132726
132729
132730
132731
132732
