1188
1193
1194
1195
1196
1197
1198
1199
3297
3299
3303
3304
3305
3306
3307
3308
5429
5435
5436
5437
5438
5439
5440
5441
6913
7506
7507
7508
7512
7513
7514
7515
9600
9601
9602
9603
9604
9613
9614
24665
24702
24833
24835
24933
24936
24942
25078
25085
25087
25129
25131
25132
25758
25760
25761
25783
25796
25807
25873
26353
26355
26356
26362
26389
26391
26402
26409
26411
26412
26806
26820
26829
26831
26832
26845
26847
26848
26933
26935
26936
26961
26963
26970
26971
26974
26982
27010
27017
27020
27137
27139
27140
27146
27147
27150
27151
29823
29997
30006
30008
30009
30031
30042
30044
30045
30051
30052
30055
30056
30142
30144
30145
30187
30193
30194
30196
30197
30219
30225
30226
30228
30229
30238
30240
30241
30493
30499
30502
30504
30505
32669
32670
32671
32672
32677
32678
32679
32682
32683
32705
32707
32708
32718
32721
32724
32725
32727
32728
32814
32820
32821
32823
32824
32826
32865
32866
32867
32868
32893
32895
32896
32902
32903
32905
32906
32907
32914
34481
34482
34483
34525
34528
34534
34537
34539
34540
34562
34573
34574
34575
34576
34581
34582
34583
34585
34586
34587
34588
34604
34637
34639
34640
34646
34649
34651
34652
34989
34990
34991
34992
34997
34998
34999
35000
35001
35002
35003
35102
35103
35105
35108
35109
35111
35112
35114
35134
35137
35139
35140
35141
35143
35144
35146
35153
35155
35156
35160
35185
35186
35187
35188
35298
35299
35312
35321
35323
35324
35325
35327
35328
35334
35337
35339
35340
35805
35806
35807
35808
35813
35814
35815
35816
35817
35818
35819
35838
35841
35842
35843
35844
35848
35854
35857
35859
35860
35861
35863
35864
35866
47438
47439
47440
48122
48124
48125
48131
48134
48135
48136
48137
48158
48159
48160
48170
48171
48172
48173
48178
48179
48180
48181
48182
48183
48184
48185
48267
48270
48271
48272
48273
48274
48277
48314
48315
48316
48318
48320
48321
48322
48323
48324
48325
48327
48346
48347
48348
48350
48352
48353
48354
48356
48357
48359
48363
48366
48367
48368
48369
48370
48373
48714
48715
48716
48717
48722
48723
48724
48725
48726
48727
48728
48729
48745
48894
48895
48896
48906
48908
48909
48915
48918
48920
48921
48922
48924
48925
48931
48934
48935
48936
48937
48943
49022
49023
49024
49025
49049
49050
49051
49052
49053
49058
49059
49060
49061
49062
49063
49064
49065
49071
49072
49098
49099
49100
49102
49104
49105
49106
49108
49109
49111
50121
50143
50154
50156
50157
50163
50166
50168
50169
58594
59277
59278
59279
59280
59285
59286
59287
59288
59289
59290
59291
59292
59310
59313
59314
59315
59316
59320
59325
59326
59327
59328
59329
59331
59332
59333
59334
59335
59336
59338
59339
59422
59423
59425
59427
59428
59429
59431
59432
59434
59470
59473
59474
59475
59476
59477
59479
59480
59482
59500
59501
59502
59503
59504
59505
59508
59509
59510
59511
59512
59513
59514
59515
59516
59521
59522
59523
59524
59858
59859
59869
59870
59871
59872
59877
59878
59879
59881
59882
59883
59884
59885
59887
59888
59894
59897
59899
59900
60050
60061
60062
60063
60064
60069
60070
60071
60072
60073
60074
60075
60076
60077
60079
60080
60086
60089
60091
60092
60174
60175
60177
60178
60179
60180
60181
60183
60184
60186
60204
60205
60206
60207
60208
60209
60211
60212
60213
60214
60215
60216
60217
60218
60219
60220
60225
60226
60227
60228
60232
60253
60254
60255
60257
60258
60259
60260
60261
60262
60263
60264
60266
61312
61321
61323
61324
66379
66380
66381
66551
66552
66553
66554
66555
66558
66559
66560
66561
66562
66563
66564
66565
66566
66584
66587
66588
66589
66590
66591
66593
66594
66596
66599
66600
66601
66602
66603
66604
66605
66606
66607
66608
66609
66610
66611
66612
66613
66614
66695
66696
66697
66698
66699
66700
66701
66702
66703
66704
66705
66706
66707
66708
66709
66710
66744
66745
66747
66748
66749
66750
66751
66753
66754
66756
66759
66761
66762
66768
66771
66773
66774
66775
66776
66777
66778
66779
66781
66782
66783
66784
66785
66786
66787
66788
66789
66790
66795
66796
66797
66798
67014
67047
67049
67050
67056
67059
67060
67061
67062
68363
68364
68365
68366
68407
68408
68409
68410
68415
68416
68417
68419
68420
68421
68422
68443
68444
68445
68446
68455
68456
68457
68458
68459
68462
68463
68464
68465
68466
68467
68468
68469
68470
68474
68483
68485
68486
68508
68519
68521
68522
68528
68529
68531
68532
68533
68534
68860
68871
68872
68873
68874
68875
68878
68879
68880
68881
68882
68883
68884
68885
68886
68887
68890
68896
68899
68901
68902
68983
68984
68985
68986
68987
68988
68989
68990
68991
68992
68993
68994
68995
68996
68997
69015
69016
69017
69018
69019
69020
69021
69022
69023
69024
69025
69026
69027
69028
69029
69032
69035
69036
69037
69038
69039
69041
69042
69044
69064
69067
69068
69069
69070
69071
69073
69074
69076
69179
69180
69181
69182
69191
69192
69193
69194
69199
69200
69201
69203
69204
69205
69206
69207
69208
69209
69210
69215
69216
69217
69219
69220
69221
69222
69228
69644
69687
69688
69689
69690
69695
69696
69697
69698
69699
69700
69701
69702
69720
69723
69724
69725
69726
69727
69730
69735
69736
69737
69738
69739
69741
69742
69743
69744
69745
69746
69747
69748
69749
69750
69799
69801
69802
69808
69811
69813
69814
71499
71500
71501
71502
71671
71672
71673
71674
71678
71679
71680
71681
71682
71683
71684
71685
71686
71704
71707
71708
71709
71710
71711
71713
71714
71719
71720
71721
71722
71723
71724
71725
71726
71727
71728
71729
71730
71731
71732
71733
71734
71744
71745
71746
71747
71748
71749
71771
71906
71915
71917
71918
71940
71951
71953
71954
71959
71960
71961
71963
71964
71965
71966
