1
25
54
58
375
376
377
378
380
381
382
2130
2132
2137
2139
2153
2159
2482
2483
2484
2485
2486
2489
2496
4231
4233
4234
4235
4239
4298
4302
4306
4307
4559
4563
4564
4565
4566
4572
4573
6329
6330
6331
6333
6335
6338
6340
6375
6376
6382
6383
6389
6638
6639
6640
6642
6643
6645
6653
8383
8393
8399
8400
8401
8409
8411
8415
8416
8417
8418
8419
8421
8422
8428
8695
8696
8697
8698
8699
8702
8712
10856
10859
10860
10871
10872
10876
10879
10904
10905
10906
10907
10908
11252
11578
11589
11590
11591
11593
11594
11595
11600
11768
11769
11776
11777
11778
11780
11781
11782
11783
11787
11799
11800
11802
11803
11807
11808
11809
11810
11819
11824
11825
11828
11829
11830
11835
11840
11841
11844
11845
11846
11872
11874
11875
12704
12705
12706
12707
12771
12772
12773
12774
12776
12777
12778
12783
12788
12789
12790
12791
12792
12793
12794
12795
12796
12797
12798
12799
12818
12819
12841
12852
12853
12854
12856
12857
12858
12863
12982
12983
12987
12988
12989
12990
12992
12993
13005
13008
13009
13010
13011
13015
13019
13020
13021
13022
13024
13025
13026
13077
13079
13080
13084
13085
13086
13087
13088
13105
13106
13107
13108
13124
13125
13126
13127
13129
13130
13131
13132
13136
13146
13205
13206
13207
13208
13209
13211
13212
13213
13214
13215
13216
13235
13236
13252
13253
13254
13255
13257
13258
13259
13264
13270
13273
13274
13275
13570
13572
13573
13577
13578
13579
13580
13581
13588
13590
13591
13593
13594
13609
13610
13611
13634
13636
13637
13638
13639
13640
13641
13642
13644
13645
13648
13717
13721
13722
13723
13724
14801
14803
14804
14808
14809
14810
14811
14812
14813
14814
14815
15926
16097
16098
16101
16102
16103
16108
16113
16114
16115
16116
16117
16118
16119
16120
16123
16124
16144
16161
16162
16163
16164
16165
16166
16167
16168
16169
16170
16171
16172
16174
16177
16179
16180
16184
16185
16186
16187
16188
16189
16190
16191
16196
16201
16202
16203
16205
16206
16207
16208
16285
16286
16287
16288
16885
16886
16929
16930
16931
16933
16934
16935
16940
16945
16946
16947
16948
16949
16950
16951
16952
16953
16954
16955
16956
16975
16976
17056
17092
17093
17094
17095
17096
17097
17098
17099
17100
17101
17102
17103
17104
17105
17106
17108
17110
17111
17115
17116
17117
17118
17119
17120
17121
17122
17123
17127
17131
17132
17133
17134
17136
17137
17138
17139
17159
17164
17165
17166
17168
17169
17170
17171
17184
17185
17186
17187
17188
17189
17190
17191
17192
17193
17194
17195
17196
17197
17198
17199
17201
17205
17208
17209
17210
17268
17269
17270
17271
17272
17274
17275
17276
17277
17278
17279
17280
17281
17282
17525
17528
17529
17530
17531
19865
19868
19869
19870
19871
19886
19887
19888
19889
19890
19891
19892
19893
19894
19895
19896
19897
19898
19899
19904
19905
19906
19907
19908
19909
19910
19911
19912
19913
19914
19915
19965
19966
19967
19968
19969
19970
19971
19974
19976
19977
19981
19982
19983
19984
19985
19986
19987
19988
19989
19993
19999
20002
20003
20004
20005
20006
20007
20008
20009
20010
20011
20012
20013
20014
20015
20016
20017
20018
20019
20020
20022
20023
20024
20026
20027
20028
20033
20081
20082
20083
20084
20085
20087
20088
20089
20090
20091
20092
20093
20094
20095
20096
20813
20814
20831
20832
20833
20835
20836
20837
20842
20847
20848
20849
20850
20851
20852
20853
20854
20855
20856
20857
20858
20859
20860
20861
20914
20918
20919
20920
20921
20923
20924
20925
20926
20927
20928
20929
20930
20931
20932
20933
20934
20935
20936
20937
20938
20939
20940
20941
20942
20945
20946
20950
20951
20952
20953
20955
20956
20957
20958
20959
20960
20961
20962
20963
20964
20965
20966
20967
20968
20969
20970
20971
20972
20973
20974
21336
21337
21338
21339
21355
21356
21357
21358
21360
21361
21362
21363
21366
21367
21372
21373
21374
21375
21376
21377
21378
21379
21380
21382
21383
21403
21420
21421
21422
21424
21425
21426
21431
21436
21437
21438
21439
21440
21441
21442
21443
21444
21445
21446
21447
21500
21502
21503
21507
21508
21509
21510
21511
21512
21513
21514
21515
21516
21518
21519
21523
21524
21525
21526
21527
21528
21529
21530
21531
21535
21540
21541
21544
21545
21546
21547
21548
21549
21550
21551
21552
21553
21554
21555
21556
21557
21558
21559
21560
21561
21562
21569
21704
21705
21706
21707
21772
21773
21776
21777
21778
21783
21788
21789
21790
21792
21793
21794
21795
21798
21799
21819
21836
21837
21838
21839
21840
21841
21842
21843
21844
21845
21846
21847
21852
21853
21854
21855
21856
21857
21858
21859
21860
21861
21862
21863
21864
21865
21866
21877
21880
21881
21882
21883
21962
21963
22033
22044
22045
22046
22048
22049
22050
22055
22092
22093
22094
22095
22096
22097
22098
22099
22100
22101
22102
22103
22105
22108
22109
22110
22111
22112
22113
22114
22115
22116
22117
22118
22119
22120
22121
22122
22127
22132
22133
22134
22136
22137
22138
22139
23632
23637
23638
23639
23641
23642
23643
23644
23657
23658
23659
23660
23661
23662
23663
23664
23665
23666
23667
23668
23669
23670
23671
23672
23674
23682
23708
23726
23729
23730
23731
23736
23741
23742
23743
23744
23745
23746
23747
23748
23749
23751
23752
23772
23789
23790
23791
23793
23794
23795
23800
23805
23806
23807
23809
23810
23811
23812
23815
23816
23936
23940
23941
23942
23943
23945
23946
23947
24003
24004
24005
24006
24007
24008
24009
24010
24011
24012
24013
24014
24015
24020
24022
24023
24027
24028
24029
24030
24031
24032
24033
24048
24049
24050
24051
24088
24089
24327
24332
24333
24334
24336
24337
24338
24339
24352
24353
24354
24355
24356
24357
24358
24359
24360
24362
24363
24364
24365
24366
24367
24369
