1586
1587
1589
1590
1591
1592
1593
2748
3691
3692
3693
3694
3695
3696
3697
5398
5399
5400
5401
5402
5403
5404
7469
7472
7473
7474
7475
7476
7479
8964
9568
9571
9574
9575
9576
9580
9583
24688
24701
24812
24850
24937
25032
25041
25043
25060
25093
25095
25106
25698
25701
25707
25710
25712
25811
25818
25820
25821
25843
25853
25864
26369
26371
26372
26378
26382
26749
26751
26752
26774
26785
26786
26787
26793
26795
26798
26861
26863
26864
26950
26994
26995
27001
27003
27006
27026
27032
27036
27045
27047
29759
29802
29804
29805
29811
29814
29815
29816
29817
29838
29839
29840
29851
29857
29858
29860
29861
29926
29929
30254
30256
30257
30282
30284
30285
30291
30292
30295
30303
30382
30383
30384
30409
30410
30413
30419
30422
30424
30425
30459
30465
30466
30468
30469
30471
30587
30590
30592
30593
30597
32733
32735
32736
32741
32742
32743
32745
32746
32747
32769
32771
32772
32782
32785
32787
32788
32789
32791
32792
34220
34253
34255
34256
34262
34265
34266
34267
34268
34353
34354
34355
34356
34397
34398
34399
34404
34405
34406
34407
34408
34410
34430
34431
34433
34435
34436
34437
34439
34440
34442
34449
34450
34451
34452
34456
34656
34665
34667
34668
34690
34701
34702
34703
34704
34709
34710
34711
34712
34713
34714
34715
35054
35057
35059
35060
35064
35230
35233
35235
35236
35237
35239
35240
35261
35262
35263
35264
35269
35270
35271
35272
35274
35282
35283
35362
35363
35376
35382
35385
35387
35388
35389
35392
35398
35401
35403
35404
35437
35438
35439
35445
35446
35447
35448
35450
47183
47354
47355
47356
47357
47358
47361
47362
47363
47364
47365
47366
47367
47368
47369
47387
47388
47390
47391
47392
47393
47394
47396
47397
47399
47403
47406
47407
47408
47409
47410
47412
47413
47487
47498
47499
47500
47501
47505
47506
47507
47508
47509
47510
47511
47512
47513
47526
47529
47550
47551
47552
47562
47564
47565
47571
47572
47574
47575
47576
47577
47578
47580
47581
47587
47590
47591
47592
47593
47865
49151
49162
49164
49165
49170
49171
49172
49174
49175
49176
49177
49190
49192
49193
49274
49275
49276
49277
49278
49280
49281
49282
49283
49284
49285
49287
49306
49307
49308
49310
49312
49313
49314
49316
49317
49319
49326
49327
49328
49329
49333
49358
49359
49360
49361
49675
49678
49679
49680
49681
49682
49685
49734
49736
49737
49759
49770
49772
49773
49778
49779
49780
49782
49783
49784
49785
49789
49795
49798
49800
49801
49823
49824
49834
49835
49836
49837
49842
49843
49844
49845
49846
49847
49848
49849
49979
49980
49982
49984
49985
49986
49988
49989
49991
50010
50011
50012
50013
50014
50017
50018
50019
50020
50021
50022
50023
50024
50030
50031
50032
50033
50495
50506
50508
50509
50514
50515
50516
50518
50519
50520
50521
50534
50536
50537
59361
59362
59363
59364
59533
59535
59536
59542
59545
59546
59547
59548
59569
59570
59571
59572
59581
59582
59583
59584
59585
59588
59589
59590
59591
59592
59593
59594
59595
59596
59678
59679
59681
59682
59683
59684
59685
59687
59688
59690
59726
59727
59729
59730
59731
59732
59733
59735
59736
59738
59753
59755
59756
59757
59758
59759
59760
59761
59764
59765
59766
59767
59768
59769
59770
59771
59772
59777
59778
59779
59780
59993
59996
60018
60029
60031
60032
60038
60039
60041
60042
60043
60044
65625
65627
65628
65650
65661
65662
65663
65664
65669
65670
65671
65673
65674
65675
65676
65980
65983
65984
65985
65986
65990
66155
66156
66157
66158
66159
66161
66162
66163
66164
66165
66166
66167
66168
66169
66170
66186
66187
66188
66189
66190
66191
66192
66193
66194
66195
66196
66197
66198
66199
66200
66201
66203
66204
66205
66207
66208
66209
66210
66211
66213
66214
66216
66244
66245
66246
66251
66252
66253
66254
66255
66258
66259
66260
66261
66262
66263
66264
66265
66266
66267
66269
66270
66275
66276
66277
66279
66280
66281
66282
66288
66303
66304
66305
66314
66317
66318
66319
66538
66544
66547
66549
66550
66892
66893
67063
67064
67065
67066
67071
67072
67073
67074
67075
67076
67077
67078
67096
67099
67100
67101
67102
67103
67105
67106
67111
67112
67113
67114
67115
67116
67117
67118
67119
67120
67121
67122
67123
67124
67125
67126
67196
67207
67208
67209
67210
67211
67212
67213
67214
67215
67216
67217
67218
67219
67220
67221
67238
67256
67259
67260
67261
67262
67263
67265
67266
67271
67273
67274
67280
67283
67284
67285
67286
67287
67288
67289
67290
67294
67295
67296
67297
67298
67299
67300
67301
67302
67307
67308
67309
68664
68665
68667
68668
68669
68670
68671
68673
68674
68676
68679
68681
68682
68688
68691
68693
68694
68695
68696
68697
68698
68702
68703
68704
68705
68706
68707
68708
68709
68710
68715
68716
68717
68718
69383
69384
69385
69386
69387
69388
69389
69390
69391
69392
69393
69394
69396
69397
69443
69446
69468
69479
69481
69482
69488
69489
69491
69492
69493
69494
69495
69496
69497
69498
69503
69504
69505
69506
69507
69508
69509
69510
69528
69531
69532
69533
69534
69538
69543
69544
69545
69546
69547
69549
69550
69551
69552
69553
69554
69555
69556
69557
69558
69580
69884
69895
69896
69897
69898
69899
69901
69902
69903
69904
69905
69906
69907
69908
69909
69910
69923
69926
69994
70003
70005
70006
70007
70008
70009
70010
70011
70014
70015
70016
70017
70018
70019
70020
70021
70022
70040
70041
70043
70044
70045
70046
70047
70049
70050
70052
70055
70056
70057
70059
70060
70061
70062
70063
70064
70065
70066
70068
70091
70092
70093
70094
70203
70204
70205
70206
70215
70217
70218
70224
70225
70227
70228
70229
70230
70231
70233
70234
70239
70240
70241
70243
70244
70245
70246
70252
