2063
2064
2065
2066
2070
2077
4162
4163
4164
4165
4167
4168
4169
6271
6272
6273
6274
6275
6276
6277
8341
8342
8343
8344
8345
8346
8347
9915
9916
9917
9918
9919
9920
73189
73479
73489
73507
73522
73524
73733
73735
73740
73761
73778
74303
74645
74817
74820
74822
74827
74835
74841
74845
74860
74862
74895
74917
74929
74932
74934
74939
74992
74994
74999
75000
75002
75840
75842
75847
75850
75868
75870
75881
75885
75952
75954
75959
76017
76027
78142
78143
79505
79508
79509
79510
79515
80193
80196
80197
80198
80203
80208
80210
80211
80215
80216
80217
80218
80221
80236
80238
80239
80268
80270
80271
80289
80292
80293
80294
80299
80305
80308
80309
80310
80315
80368
80370
80371
80375
80376
80377
80378
80381
80508
80509
80510
80511
80592
80593
80594
80596
80597
80598
80599
80603
80641
80644
80645
80646
80651
80656
80657
80658
80659
80663
80664
80665
80666
80667
80669
80684
80686
80687
80896
80898
80899
80903
80904
80905
80906
80908
80909
80910
80924
80926
80927
80928
80930
80931
80935
80936
80937
80938
80939
80941
84288
84290
84291
84295
84296
84297
84298
84301
84316
84318
84319
84323
84328
84329
84330
84333
84400
84402
84403
84407
84408
84409
84410
84431
84452
84453
84454
84465
84468
84469
84470
84475
84736
84738
84739
84743
84744
84746
84764
84766
84771
84776
84777
84781
84863
84948
84949
84950
84993
84996
84997
84998
85003
85011
85016
85017
85018
85021
85036
85038
85039
93455
93477
93488
93489
93490
93491
93492
93494
93495
93496
93497
93498
93499
93500
93501
93502
97508
97509
97510
97552
97553
97554
97555
97556
97557
97558
97559
97560
97561
97562
97563
97568
97569
97570
97571
97574
97575
97576
97577
97578
97579
97580
97581
97582
97587
97592
97593
97596
97597
97598
97599
97679
100320
100321
100322
100324
100325
100326
100327
100331
100368
100369
100370
100371
100372
100373
100374
100375
100376
100377
100378
100379
100380
100381
100382
100387
100392
100393
100394
100396
100397
100398
100399
100400
100401
100402
100403
100407
100408
100409
100410
100411
100412
100413
100414
100415
100492
100493
100494
100495
100572
100574
100575
100593
100596
100597
100598
100603
100608
100609
100610
100611
100612
100613
100614
100615
100616
100617
100618
100619
100620
100621
100622
100684
100686
100687
100688
100689
100690
100691
100692
100693
100694
100695
100696
100697
100698
100699
100701
100704
100705
100706
100707
100711
100712
100713
100714
100715
100716
100717
100718
100719
100720
100722
100723
100727
100728
100729
100730
100732
100733
100734
100735
100768
100769
100772
100773
100774
100775
100779
101020
101021
101022
101023
101040
101041
101042
101044
101045
101046
101047
101051
101056
101057
101058
101059
101060
101061
101062
101063
101064
101065
101066
101067
101069
101532
101533
101534
101535
101552
101553
101554
101556
101557
101558
101559
101563
101568
101569
101570
101571
101572
101573
101574
101575
101576
101577
101578
101579
101580
101581
101582
101761
101764
101765
101766
101771
101808
101809
101810
101811
101812
101813
101814
101815
101816
101817
101818
101819
101820
101821
101824
101825
101826
101827
101831
101832
101833
101834
101835
101836
101837
101838
101839
101840
101842
101843
101847
101848
101849
101850
101851
101852
101853
101854
101855
101932
101934
101935
102016
102017
102018
102020
102021
102022
102023
102026
102027
102064
102065
102066
102067
102068
102069
102070
102071
102072
102073
102074
102075
102076
102077
102078
102080
102082
102083
102085
102086
102088
102089
102090
102091
102092
102094
102095
102096
102097
102098
102099
102100
102101
102102
102103
102108
102163
102169
102172
102173
102174
102175
103007
103008
103009
103010
103027
103028
103029
103031
103032
103033
103034
103038
103043
103044
103045
103046
103047
103048
103049
103050
103051
103052
103053
103054
103055
103056
103057
103119
103121
103122
103123
103124
103125
103126
103127
103128
103129
103130
103131
103132
103133
103134
103135
103136
103139
103141
103142
103146
103147
103148
103149
103150
103151
103152
103153
103154
103155
103157
103158
103162
103163
103164
103165
103166
103167
103168
103169
103170
103203
103204
103207
103208
103209
103210
103214
116572
116575
116576
116577
116578
116594
116595
116596
116597
116599
116600
116601
116602
116603
116605
116606
116611
116612
116613
116615
116616
116617
116618
116621
116622
116678
116684
116687
116688
116689
116690
116691
116692
116693
116694
116698
116699
116700
116701
116702
116703
116704
116705
116716
116719
116720
116721
116722
116723
116724
116725
116726
116727
116729
116730
116731
116732
116733
116734
116735
116736
116737
116744
117014
117019
117020
117021
117023
117024
117025
117026
117042
117043
117044
117045
117046
117047
117048
117049
117050
117051
117052
117053
117054
117060
117063
117064
117065
117070
117123
117125
117126
117130
117131
117132
117133
117135
117136
117137
117138
117203
117204
117205
117207
117208
117209
117210
117214
117219
117220
117221
117222
117223
117225
117226
117227
117228
117229
117230
117232
117247
117249
117250
117271
117272
117283
117284
117285
117287
117288
117289
117290
117291
117293
117294
117314
118357
118358
118363
118364
118365
118367
118368
118369
118385
118386
118387
118388
118389
118390
118391
118393
118394
118395
118396
118397
118398
118400
118408
118467
118469
118470
118474
118475
118476
118477
118479
118480
118481
118492
118495
118496
118497
118498
118514
118515
118516
118517
118519
118520
118521
118522
118525
118526
118532
118535
118536
118537
118854
118860
118863
118864
118865
118866
119191
119192
119193
119203
119204
119205
119206
119207
119208
119209
119210
119211
119213
119214
119234
119383
119384
119385
119395
119396
119397
119398
119399
119400
119401
119402
119403
119404
119405
119406
119426
119446
119451
119452
119453
119455
119456
119457
119458
119473
119474
119475
119476
119477
119478
119479
119480
119481
119482
119483
119484
119485
119486
119495
119496
119497
119558
119563
119564
119565
119567
119568
119569
119570
