1598
1601
1602
1603
1604
1606
1608
1609
3705
3706
3707
3709
3710
3711
3712
4835
5384
5385
5386
5387
5388
5389
5390
6910
7457
7458
7460
7461
7462
7463
7464
9558
9559
9561
9562
9563
9564
24685
24687
24806
24813
24838
24848
24996
25018
25037
25039
25042
25105
25107
25686
25688
25689
25714
25716
25717
25723
25727
25814
25816
25842
25845
25851
25897
25901
26373
26376
26596
26602
26605
26607
26693
26694
26695
26738
26744
26745
26747
26748
26770
26777
26779
26780
26790
27008
27030
27041
27043
27051
27054
29754
29755
29756
29757
29762
29763
29764
29767
29866
29868
29869
29874
29875
29876
29879
29880
29902
29904
29905
29909
29915
29918
29920
29921
29925
29951
30266
30267
30268
30274
30276
30277
30279
30377
30378
30380
30381
30387
30390
30391
30392
30414
30416
30417
30427
30430
30433
30434
30437
30575
30589
30598
30600
30601
30614
30616
30617
32738
32749
32751
32752
32758
32761
32762
32763
32764
32777
32779
32780
33632
33638
33641
33643
33644
33666
33667
33677
33678
33679
33680
33685
33686
33687
33688
33690
34030
34033
34035
34036
34037
34039
34040
34209
34210
34211
34212
34216
34233
34236
34237
34239
34240
34245
34246
34247
34249
34250
34251
34252
34258
34334
34337
34338
34339
34340
34344
34361
34364
34365
34367
34368
34373
34374
34375
34377
34378
34379
34380
34386
34414
34417
34419
34420
34421
34423
34424
35277
35279
35280
35286
35289
35291
35292
35377
35378
35379
35421
35422
35423
35428
35429
35431
35432
35434
35454
35455
35460
35461
35463
35464
35466
35473
35474
35475
47163
47166
47167
47168
47169
47170
47172
47173
47181
47190
47192
47193
47194
47195
47196
47197
47201
47202
47203
47204
47205
47206
47207
47208
47209
47214
47215
47216
47594
47596
47597
47603
47606
47607
47608
47609
47610
47612
47613
47618
47619
47620
47622
47623
47624
47625
47646
47647
47648
47649
47658
47659
47660
47661
47662
47664
47665
47666
47667
47668
47669
47671
47672
47754
47755
47756
47757
47758
47760
47761
47762
47763
47764
47765
47767
47803
47806
47807
47808
47809
47813
47818
47821
47827
47830
47832
47833
47834
47835
47836
47837
47842
47843
47844
47845
47846
47847
47848
47849
47855
47951
49210
49211
49212
49213
49214
49217
49218
49219
49220
49221
49223
49242
49243
49244
49246
49248
49249
49250
49252
49253
49255
49262
49263
49264
49265
49269
49657
49658
49659
49660
49661
49665
49666
49667
49668
49669
49670
49671
49672
49691
49694
49695
49696
49697
49698
49700
49701
49703
49707
49710
49711
49712
49713
49714
49716
49717
49791
49802
49803
49804
49805
49810
49811
49812
49813
49814
49815
49816
49817
49830
49833
49855
49866
49868
49869
49874
49875
49876
49878
49879
49880
49881
49885
49891
49894
49896
49897
49998
49999
50000
50446
50447
50448
50449
50490
50493
50499
50502
50504
50505
50526
50527
50528
50538
50539
50540
50541
50545
50546
50547
50548
50549
50551
50552
50602
50604
50605
50611
50614
50615
50616
50617
59549
59550
59551
59553
59554
59555
59556
59557
59559
59560
59562
59609
59611
59612
59634
59645
59647
59648
59653
59654
59655
59657
59658
59659
59660
59661
59663
59664
59670
59673
59674
59675
59676
59697
59698
59699
59700
59709
59710
59711
59712
59713
59716
59717
59718
59719
59720
59721
59722
59723
59724
59746
63168
63177
63179
63180
63266
63309
63310
63311
63312
63317
63318
63319
63320
63321
63322
63323
63324
63342
63345
63346
63347
63348
63349
63351
63352
63357
63358
63359
63360
63361
63362
63363
63364
63365
63366
63367
63368
63369
63370
63371
64722
64733
64734
64735
64736
64737
64738
64739
64740
64741
64742
64743
64744
64745
64746
64747
64764
65422
65425
65426
65427
65428
65429
65431
65432
65437
65439
65440
65445
65446
65447
65449
65450
65451
65452
65453
65454
65455
65456
65461
65462
65463
65464
65465
65466
65467
65468
65474
65475
65548
65549
65550
65551
65552
65553
65554
65555
65556
65557
65558
65559
65560
65561
65562
65563
65568
65577
65579
65580
65581
65582
65583
65584
65585
65587
65588
65589
65590
65591
65592
65593
65594
65595
65596
65598
65601
65602
65603
65604
65608
65629
65630
65631
65633
65634
65635
65636
65637
65639
65640
65642
65905
65915
65916
65917
65918
65919
65920
65921
65922
65923
65924
65925
65926
65927
65928
65929
65946
65966
65972
65975
65977
65978
65999
66000
66001
66011
66012
66013
66014
66018
66019
66020
66021
66022
66023
66024
66025
66026
66027
66029
66030
66035
66036
66037
66039
66040
66041
66042
66060
66063
66064
66065
66066
66070
66075
66076
66077
66078
66079
66081
66082
66083
66084
66085
66086
66087
66088
66089
66090
66112
66219
66220
66221
66223
66224
66225
66226
66227
66229
66230
66232
66235
66238
66239
66240
66241
66242
69382
69404
69415
69417
69418
69423
69424
69425
69427
69428
69429
69430
69515
69516
69517
69518
69559
69560
69561
69562
69563
69565
69566
69567
69568
69569
69570
69571
69572
69573
69574
69591
69592
69593
69595
69596
69597
69598
69599
69600
69601
69602
69604
69607
69608
69609
69611
69612
69613
69614
69615
69617
69618
69620
69948
69949
69959
69960
69961
69962
69966
69967
69968
69969
69970
69971
69972
69973
69974
69978
69984
69987
69989
69990
70139
70140
70141
70151
70152
70153
70154
70159
70160
70161
70162
70163
70164
70165
70166
70167
70169
70170
70176
70179
70180
70181
70182
70262
70263
70264
70265
70266
70267
70269
70270
70271
70272
70273
70274
70275
70276
70277
70295
70296
70297
70298
70299
70300
70301
70302
70303
70304
70305
70306
70308
70309
70312
70315
70316
70317
70318
70319
70321
70322
70344
70347
70348
70349
70350
70354
