1261
1263
1264
1265
1266
1267
1295
1298
3369
3372
3373
3374
3375
3376
3404
3405
5506
5510
5511
5512
5514
5515
5532
5539
6907
6909
7583
7584
7585
7587
7588
7589
7611
7612
9694
9697
9698
9699
9700
9708
9711
24654
24660
24918
24927
24930
24953
24955
24956
24973
24976
25068
25152
25161
25164
25763
25770
25772
25773
26293
26295
26296
26322
26331
26334
26343
26435
26442
26486
26513
26515
26516
26522
26525
26527
26534
26881
26883
26884
26890
26893
26895
26896
27085
27088
27089
27092
27101
27104
27190
27217
27219
27220
27226
27229
27231
27232
27265
27267
27268
27274
27277
27279
27280
30063
30064
30090
30092
30093
30099
30100
30102
30103
30104
30111
32430
32431
32437
32438
32439
32440
32442
32545
32547
32548
32574
32581
32583
32584
32586
32593
32595
32596
32622
32628
32629
32631
32632
32634
32990
32993
32996
32997
32999
33000
33002
33022
33025
33027
33028
33029
33032
33038
33041
33043
33044
33045
33048
33201
33203
33204
33208
33309
33310
33311
33317
33318
33319
33320
33322
33323
33345
33346
33347
33348
33358
33365
33367
33368
33370
33393
33394
33395
33396
34781
34782
34783
34784
34790
34791
34793
34794
34795
34796
34818
34819
34829
34830
34831
34832
34837
34838
34839
34840
34841
34842
34843
34844
35506
35549
35552
35561
35564
35586
35597
35599
35600
35606
35609
35611
35612
35613
35615
35616
35622
35625
35627
35628
35650
35661
35663
35664
35670
35673
35675
35676
35698
36017
36018
36019
36064
36073
36076
36109
36112
36118
36121
36123
36124
36125
36127
36128
36134
36137
36139
36140
36162
36173
36174
36175
36176
36182
36183
36185
36186
36187
36188
36210
36317
36318
36319
36320
36325
36326
36327
36328
36329
36330
36331
36332
36353
36354
36355
36356
36365
36366
36367
36368
36373
36374
36375
36376
36377
36378
36379
36380
48395
48398
48400
48401
48402
48404
48405
48407
48506
48507
48508
48509
48510
48513
48514
48515
48516
48517
48518
48519
48520
48539
48542
48543
48544
48545
48546
48549
48555
48556
48558
48560
48561
48562
48563
48564
48565
48567
48568
48590
48591
48592
48593
58318
58321
58323
58324
58325
58327
58328
58330
58350
58353
58355
58356
58357
58359
58360
58362
58366
58369
58371
58372
58373
58375
58376
58378
58781
58782
58783
58784
58788
58789
58790
58791
58792
58793
58794
58795
58796
58894
58897
58898
58899
58900
58901
58903
58904
58906
58925
58926
58927
58928
58929
58932
58933
58934
58935
58936
58937
58938
58939
58940
58945
58946
58947
58948
58949
58952
58974
58975
58977
58979
58980
58981
58982
58983
58984
58986
58987
59089
59090
59091
59092
59113
59116
59117
59118
59119
59120
59125
59126
59127
59128
59129
59130
59131
59132
59137
59138
59139
59140
60562
60563
60573
60575
60576
60582
60583
60585
60586
60587
60588
60589
60591
60592
60598
60601
60603
60604
60610
60689
60690
60691
60692
60701
60703
60704
60710
60713
60715
60716
60717
60718
60719
60720
60725
60726
60727
60729
60730
60731
60732
60738
60739
60754
60765
60766
60767
60768
60773
60774
60775
60776
60777
60778
60779
60780
60781
60784
60790
60793
60795
60796
61394
61405
61406
61407
61408
61414
61415
61417
61418
61419
61420
61421
61423
61424
61430
61433
61435
61436
61442
61841
61842
61843
61844
61845
61848
61853
61856
61865
61868
61869
61870
61871
61872
61873
61876
61877
61878
61879
61880
61881
61882
61883
61884
61889
61890
61891
61892
61970
61981
61982
61983
61984
61989
61990
61991
61992
61993
61994
61995
61996
61997
61999
62000
62006
62009
62011
62012
62033
62034
62035
62036
62045
62047
62048
62054
62057
62059
62060
62061
62062
62063
62064
62069
62070
62071
62072
62073
62074
62075
62076
62081
62082
62083
62084
62173
62174
62175
62176
62177
62179
62180
62181
62182
62183
62184
62185
62186
62187
62188
67575
67576
67577
67578
67579
67580
67581
67582
67583
67584
67585
67586
67587
67588
67589
67607
67608
67609
67611
67612
67613
67614
67615
67616
67617
67618
67620
67621
67624
67625
67627
67628
67629
67630
67631
67632
67633
67634
67636
67719
67720
67721
67722
67723
67725
67726
67727
67728
67729
67730
67731
67732
67733
67734
67768
67771
67772
67773
67774
67775
67777
67778
67780
67799
67800
67801
67802
67803
67805
67806
67807
67808
67809
67810
67811
67812
67813
67814
67816
67819
67820
67821
67822
67823
67825
67826
67828
70472
70473
70475
70476
70477
70478
70479
70480
70481
70482
70484
70839
70842
70851
70854
70876
70887
70889
70890
70896
70899
70901
70902
70903
70904
70905
70906
70907
70910
70911
70912
70913
70914
70915
70916
70917
70918
70936
70939
70940
70941
70942
70943
70945
70946
70948
70951
70952
70953
70954
70955
70957
70958
70959
70960
70961
70962
70963
70964
70965
70966
71048
71051
71052
71053
71054
71055
71057
71058
71060
71095
71096
71097
71098
71099
71101
71102
71103
71104
71105
71106
71107
71108
71109
71110
71128
71131
71132
71133
71134
71135
71137
71138
71140
71143
71144
71145
71146
71147
71149
71150
71151
71152
71153
71154
71155
71156
71157
71158
71243
71244
71245
71246
71247
71250
72015
72016
72017
72018
72022
72127
72128
72129
72130
72136
72137
72139
72140
72141
72142
72163
72164
72165
72166
72175
72176
72177
72178
72183
72184
72185
72186
72187
72188
72189
72190
72275
72276
72277
72278
72319
72320
72321
72322
72327
72328
72329
72330
72331
72332
72333
72334
72355
72356
72357
72358
72367
72368
72369
72370
72375
72376
72377
72378
72379
72380
72381
72382
72383
72385
72386
72392
72395
72397
72398
72420
72431
72432
72433
72434
72440
72441
72443
72444
72445
72446
72531
72532
72533
72575
72576
72577
72578
72583
72584
72585
72586
72587
72588
72589
72590
72611
72612
72613
72614
72623
72624
72625
72626
72631
72632
72633
72634
72635
72636
72637
72638
72724
72980
72981
73106
73107
73108
73109
73110
73118
73119
