662
692
694
1104
1834
1837
1838
1839
1840
1841
1842
1843
2762
2783
2785
2790
2791
2794
2795
2797
2856
2862
2863
2864
3205
3206
3207
3940
3941
3942
3943
3944
4860
4874
4894
4898
4899
4900
4911
4914
4919
4922
4933
4935
4938
4939
4940
4942
4947
4948
5183
5285
5286
5287
5288
5289
5290
5291
6962
6963
6975
6976
6979
6980
6981
6985
6986
6987
6988
6994
6995
6997
7000
7001
7005
7123
7124
7125
7126
7127
7128
7135
7141
7147
7246
7247
7352
7353
7354
7355
7356
7358
7359
9011
9030
9032
9033
9034
9035
9067
9068
9069
9078
9085
9123
9150
9151
9155
9167
9171
9172
9173
9174
9176
9177
9179
9180
9181
9182
9183
9184
9185
9188
9189
9191
9275
9282
9389
9391
9392
9394
9395
9396
27313
27316
27319
27320
27321
27322
27323
27324
27325
27326
27332
27343
27344
27345
27347
27348
27349
27353
27373
27400
27410
27411
27412
27414
27415
27416
27417
27421
27433
27434
27436
27437
27441
27442
27443
27444
27445
27447
27461
27462
27463
27464
27468
27471
27472
27473
27474
27476
27477
27478
27490
27491
27492
27493
27509
27530
27531
27532
27542
27543
27544
27545
27546
27547
27548
27551
27613
27614
27615
27616
27617
27618
27619
27620
27621
27622
27630
27631
27632
27633
27636
27637
27641
27642
27643
27644
27647
27665
27671
27674
27675
27676
27678
27679
27680
27681
27682
27684
27685
28011
28014
28015
28016
28026
28027
28028
28029
28030
28031
28032
28033
28034
28036
28037
28057
31985
31986
31988
32001
32003
32004
32005
32006
32007
32008
32010
32344
32345
32347
32348
36553
36571
36574
36575
36576
36581
36586
36587
36588
36589
36590
36591
36592
36593
36594
36595
36596
36597
36647
36648
36649
36651
36652
36653
36658
36663
36664
36665
36666
36667
36668
36669
36670
36671
36672
36673
36674
36691
36693
36694
36710
36711
36712
36713
36716
36717
36718
36719
36720
36721
36722
36723
36724
36729
36734
36735
36738
36739
36740
36741
36742
36743
36744
36745
36748
36749
36750
36751
36752
36753
36754
36755
36756
36820
36825
36826
36829
36830
36831
36832
36906
36907
36910
36911
36912
36917
36922
36923
36924
36925
36926
36927
36928
36929
36930
36931
36932
36933
36952
36953
37133
37134
37135
37136
37137
37138
37139
37140
37141
37142
37143
37172
37173
37174
37175
37176
37177
37178
37179
37180
37181
37182
37183
37184
37185
37186
37188
37190
37191
37195
37196
37197
37198
37200
37201
37202
37203
37204
37205
37206
37207
37208
37210
37211
37212
37213
37214
37215
37216
37217
37218
37219
37225
37287
37292
37293
37296
37297
37298
37299
37363
37364
37365
37366
37383
37384
37385
37387
37388
37389
37390
37394
37399
37400
37401
37402
37403
37404
37405
37406
37407
37408
37409
37410
37412
37466
37471
37472
37473
37475
37476
37477
37478
37479
37480
37481
37482
37483
37484
37485
37486
37487
37488
37489
37490
37491
37492
37493
37497
37498
37502
37503
37504
37505
37507
37508
37509
37510
37511
37512
37513
37514
37515
37517
37518
37519
37520
37521
37522
37523
37524
37525
37526
37532
37563
37564
37762
37763
37764
37765
37782
37783
37784
37786
37787
37788
37789
37793
37798
37799
37800
37801
37802
37803
37804
37805
37806
37807
37808
37809
37810
37811
38007
38008
38009
38010
38013
38014
38015
38016
38017
38018
38019
38020
38021
38022
38026
38031
38032
38035
38036
38037
38038
38039
38040
38041
38042
38043
38044
38045
38046
38047
38048
38049
38050
38051
38052
38053
38060
38314
38319
38320
38323
38324
38325
38326
38327
38328
38329
38330
38331
38333
38334
38335
38336
38337
38338
38339
38340
38341
38346
38351
38352
38353
38355
38356
38357
38358
38359
38360
38361
38362
38365
38366
38367
38368
38369
38370
38371
38372
38373
38374
38403
38404
38405
38406
38422
38423
38424
38425
38427
38428
38429
38430
38434
38439
38440
38441
38442
38443
38444
38445
38446
38447
38448
38449
38450
38469
38470
38487
38488
38491
38492
38493
38498
38503
38504
38505
38506
38507
38508
38509
38510
38511
38512
38513
38514
38516
38826
38830
38831
38832
38833
38835
38836
38837
38838
38902
38903
38904
38905
38907
38908
38909
38910
38913
38914
38919
38920
38921
38922
38923
38924
38925
38926
38927
38928
38929
38930
38931
38932
38947
38948
38949
38950
38967
38968
38971
38972
38973
38978
38983
38984
38985
38986
38987
38988
38989
38990
38991
38992
38993
38994
39011
39013
39014
40328
40331
40332
40333
40338
40375
40376
40377
40378
40379
40380
40381
40382
40383
40384
40385
40387
40393
40394
40449
40450
56072
56073
56090
56091
56094
56095
56096
56101
56106
56107
56108
56109
56110
56111
56112
56113
56114
56115
56116
56117
56173
56178
56179
56182
56183
56184
56185
56186
56188
56189
56193
56194
56195
56196
56197
56198
56199
56200
56211
56214
56215
56216
56217
56218
56219
56220
56221
56224
56225
56226
56227
56228
56229
56230
56231
56232
57300
57306
57309
57310
57311
57312
57315
57316
57320
57321
57322
57323
57325
57326
57327
57341
57342
57343
57344
57345
57346
57347
57348
57352
57353
57354
57355
57356
57357
57358
57387
57401
57402
57412
57413
57414
57415
57416
57417
57418
57419
57420
57421
57422
57423
57443
57461
57464
57465
57466
57471
57476
57477
57478
57480
57481
57482
57483
57486
57487
57581
57582
57583
57584
57607
57610
57611
57612
57622
57623
57624
57626
57627
57628
57629
57630
57632
57633
57653
57661
57662
57665
57666
57667
57672
57677
57678
57679
57680
57681
57682
57683
57684
57685
57686
57687
57688
57707
57708
57917
57918
57919
57920
57924
57925
57926
57927
57928
57929
57930
57931
57936
57942
57945
57946
57947
57948
57951
57952
57956
57957
57958
57959
57961
57962
57963
