2003
2004
2005
2010
2014
2016
2017
4102
4108
4109
4111
4112
4113
6211
6212
6218
6223
6224
6225
8282
8287
8288
8289
8291
8294
10369
10370
10371
10372
10373
10376
73127
73190
73192
73526
73528
73534
73536
73590
73592
73688
73694
73698
73716
75008
75010
75015
75016
75018
75039
75040
75042
75043
75048
75049
75050
75053
75264
75265
75266
75271
75274
75275
75295
75299
75305
75309
75601
75611
75660
75662
75684
75686
75700
75701
75702
75772
75774
75909
75923
75929
75951
80447
80789
80960
80961
80962
80963
80967
80968
80969
80970
80971
80973
80988
80990
80991
80992
80994
80995
80999
81000
81001
81002
81003
81005
81075
81081
81084
81085
81086
81087
81091
81096
81097
81098
81100
81101
81102
81103
81120
81121
81122
81124
81126
81127
81128
81130
81131
81140
81141
81142
81471
81813
81984
81985
81986
81988
81990
81991
81992
81994
81995
82012
82014
82015
82018
82019
82024
82025
82026
82028
82029
82030
82099
82105
82108
82109
82110
82124
82125
82126
82127
82145
82148
82149
82150
82151
82155
82161
82164
82165
82166
82171
83332
83333
83334
83347
83352
83353
83356
83357
83358
83372
83374
83375
83568
83569
83570
83571
83575
83576
83577
83578
83579
83652
83653
83654
83664
83666
83667
83672
83673
83674
83677
83695
83728
83729
83730
83732
83734
83735
83738
83739
83983
84005
84016
84017
84018
84023
84024
84026
84027
84561
84564
84566
84571
84611
84617
84620
84621
84622
84641
84644
84646
84647
84651
84661
84732
84734
101321
101324
101325
101326
101327
102564
102567
102568
102569
102570
102574
103251
103252
103253
103254
103255
103256
103257
103258
103259
103260
103261
103262
103263
103264
103265
103267
103269
103270
103275
103276
103277
103279
103280
103281
103282
103283
103284
103285
103286
103289
103290
103291
103292
103293
103294
103295
103296
103297
103298
103304
103330
103352
103363
103364
103365
103366
103370
103371
103372
103373
103374
103375
103376
103377
103378
103379
103381
103382
103386
103387
103388
103389
103391
103392
103393
103394
103410
103411
103412
103413
103414
103415
103416
103417
103418
103419
103420
103421
103422
103424
103427
103428
103429
103431
103432
103433
103434
103435
103437
103438
103711
103712
103713
103714
103732
103735
103736
103737
103738
103742
103747
103748
103749
103750
103751
103752
103753
103754
103755
103756
103757
103758
103759
103760
103761
103762
103766
103772
103775
103776
103777
103778
103796
103799
103800
103801
103802
103806
103811
103812
103813
103814
103815
103816
103817
103818
103819
103820
103821
103822
103823
103824
103825
103891
103892
103893
103895
103896
103897
103898
103899
103901
103902
103907
103908
103909
103910
103911
103913
103914
103915
103916
103917
103918
103919
103920
103921
103922
103926
103931
103932
103933
103935
103936
103937
103938
103959
103960
103961
103971
103972
103973
103974
103975
103976
103977
103978
103979
103980
103981
103982
103984
104001
104002
105295
105297
105298
106663
106664
106665
107347
107348
107349
107350
107351
107352
107353
107354
107355
107356
107357
107358
107359
107360
107361
107366
107372
107375
107376
107377
107378
107379
107380
107381
107382
107383
107385
107386
107387
107388
107389
107390
107391
107392
107393
107394
107399
107400
107401
107459
107461
107462
107467
107468
107469
107471
107472
107473
107474
107475
107476
107477
107478
107482
107483
107484
107485
107486
107487
107488
107489
107490
107506
107507
107508
107509
107510
107511
107512
107513
107514
107515
107516
107517
107518
107520
107523
107524
107525
107527
107528
107529
107530
107534
107807
107809
107810
107831
107832
107833
107843
107844
107845
107846
107847
107849
107850
107851
107852
107853
107854
107855
107856
107857
107871
107873
107874
107892
107895
107896
107897
107902
107907
107908
107909
107910
107911
107912
107913
107914
107915
107916
107917
107918
107920
107987
107988
107989
107991
107992
107993
107994
107995
107997
107998
108003
108004
108005
108006
108010
108011
108012
108013
108014
108015
108016
108017
108018
108022
108028
108031
108032
108033
108034
108056
108067
108068
108069
108070
108071
108072
108073
108074
108075
108077
108078
108098
112728
112739
112740
112741
112743
112744
112745
112746
112747
112749
112750
112790
112795
112796
112799
112800
112801
112802
112819
112820
112821
112823
112824
112825
112826
112827
112829
112830
112836
112839
112840
112841
112842
112846
112901
112902
112907
112908
112909
112911
112912
112913
112914
113554
113639
113640
113641
113683
113684
113685
113686
113687
113689
113690
113691
113692
113693
113694
113696
113702
113708
113711
113712
113713
113714
113715
113716
113717
113718
113722
113723
113724
113725
113726
113727
113728
113729
113736
114008
114019
114020
114021
114022
114023
114024
114025
114026
114027
114028
114029
114030
114050
114067
114069
114070
114075
114076
114077
114079
114080
114081
114082
114098
114099
114100
114101
114103
114104
114105
114106
114107
114109
114110
114116
114119
114120
114121
114122
114126
114179
114181
114182
114187
114188
114189
114191
114192
114193
114194
114324
114327
114328
114329
114330
114334
114339
114340
114341
114342
114346
114347
114348
114349
114350
114351
114352
114353
114358
114364
114367
114368
114369
114370
115343
115345
115346
115431
115432
115433
115475
115476
115477
115478
115479
115481
115482
115483
115484
115485
115486
115488
115494
115500
115503
115504
115505
115506
115507
115508
115509
115510
115514
115515
115516
115517
115518
115519
115520
115521
117652
117655
117656
117657
117662
117667
117668
117669
117670
117674
117675
117676
117677
117678
117679
117680
117681
117695
117697
117698
117858
117879
117880
117881
117891
117892
117893
117894
117895
117897
117898
117899
117900
117901
117902
117972
117975
117976
117977
117978
117982
117987
117989
117990
117995
117996
117997
117999
118000
118001
118015
118016
118017
118018
118051
118052
118053
118055
118056
118057
118058
118062
118306
118328
118339
118340
118341
118342
118345
118346
118347
118348
118349
118350
118352
135755
135756
135757
135758
135759
135760
135761
