1870
1872
1876
1877
1878
1879
1880
1881
3967
3972
3973
3974
3975
3976
3977
3978
5718
6080
6081
6082
6083
6084
6085
6086
7795
7796
7797
7800
8153
8154
8155
8156
9730
9967
9968
9969
9970
9971
9972
9973
9974
9975
73210
73211
73253
73616
73659
73813
73868
73870
73905
73915
73983
75329
75336
75339
75361
75368
75370
75381
75461
75484
75486
75487
75500
75502
75503
75537
75544
75546
76182
76367
76389
76400
76402
76408
76410
76413
76497
76503
76507
76548
76550
76575
76576
76578
76579
76585
76588
76589
76590
76851
76857
76860
76862
82244
82245
82246
82268
82270
82271
82272
82274
82275
82281
82284
82285
82286
82287
82369
82372
82374
82375
82379
82400
82401
82402
82403
82408
82409
82410
82413
82421
82452
82454
82455
82772
82774
82775
82864
82866
82867
82873
82876
82877
82878
82895
82917
82928
82930
82931
82937
82938
82941
83076
83078
83079
83083
83104
83106
83107
83113
83114
83117
83125
85649
85652
85655
85656
85658
85659
86387
86393
86396
86398
86399
86484
86485
86486
86528
86529
86530
86535
86536
86538
86539
86541
86560
86561
86562
86564
86567
86568
86570
86571
86573
86580
86581
86582
86583
86917
86928
86930
86931
86937
86940
86941
86942
86943
86947
86956
86958
86959
87120
87121
87122
87123
87128
87129
87130
87131
87133
87134
87228
87230
87231
87232
87234
87235
87240
87241
87242
87244
87245
87246
87247
87265
87268
87269
87270
87271
87275
87281
87284
87286
87287
87288
87290
87291
87317
88323
88329
88332
88334
88335
88356
88357
88358
88368
88369
88370
88375
88376
88378
88379
88381
108388
108391
108392
108393
108394
108395
108398
108435
108437
108438
108444
108447
108448
108449
108450
108471
108472
108473
108483
108484
108485
108486
108490
108491
108492
108493
108494
108495
108496
108497
108498
108511
108513
108514
108536
108547
108548
108549
108550
108555
108556
108557
108559
108560
108561
108562
108884
108887
108888
108889
108890
108894
108902
108908
108911
108913
108914
108915
108916
108917
108918
108923
108924
108925
108926
108927
108928
108929
108930
108936
109012
109015
109016
109017
109018
109019
109021
109022
109039
109041
109042
109043
109044
109045
109046
109050
109051
109052
109053
109054
109055
109056
109057
109058
109063
109064
109065
109092
109093
109095
109096
109097
109098
109099
109101
109102
109104
109219
109220
109221
109223
109225
109226
109227
109229
109230
109232
110488
110489
110499
110501
110502
110507
110508
110509
110511
110512
110513
110514
110518
110524
110527
110529
110530
110867
110869
110870
110876
110879
110880
110881
110882
110903
110904
110905
110906
110915
110916
110917
110918
110919
110922
110923
110924
110925
110926
110927
110928
110929
110946
110979
110981
110982
110988
110991
110992
110993
110994
111079
111080
111081
111082
111123
111124
111125
111126
111127
111129
111130
111131
111132
111133
111134
111136
111155
111156
111157
111159
111161
111162
111163
111165
111166
111168
111175
111176
111177
111178
111182
111704
111715
111716
111717
111718
111723
111724
111725
111726
111727
111728
111729
111746
111823
111826
111827
111828
111829
111830
111835
111836
111837
111839
111840
111841
111842
111860
111863
111864
111865
111866
111867
111870
111876
111879
111881
111882
111883
111885
111886
111912
122003
122004
122005
122006
122007
122009
122010
122011
122012
122013
122014
122016
122034
122035
122036
122037
122038
122039
122041
122042
122043
122044
122045
122046
122047
122048
122049
122052
122055
122056
122057
122058
122062
124995
124997
124998
125004
125007
125008
125009
125010
125351
125352
125353
125523
125524
125525
125526
125530
125531
125532
125533
125534
125535
125536
125537
125538
125555
125556
125557
125559
125560
125561
125562
125563
125565
125566
125568
125571
125572
125573
125575
125576
125577
125578
125579
125580
125581
125582
125584
125655
125656
125657
125667
125668
125669
125670
125671
125673
125674
125675
125676
125677
125678
125679
125680
125681
125682
125686
125692
125695
125697
125698
125719
125720
125721
125722
125731
125732
125733
125734
125738
125739
125740
125741
125742
125743
125744
125745
125746
125747
125749
125750
125756
125759
125760
125761
125762
127080
127123
127124
127125
127126
127127
127129
127130
127131
127132
127133
127134
127135
127136
127137
127138
127154
127155
127156
127157
127158
127159
127160
127161
127162
127163
127164
127165
127166
127167
127168
127169
127172
127173
127175
127176
127177
127178
127179
127181
127182
127238
127247
127249
127250
127844
127847
127848
127849
127850
127854
127891
127892
127893
127894
127899
127900
127901
127902
127903
127904
127905
127906
127924
127927
127928
127929
127930
127931
127933
127934
127939
127940
127941
127942
127943
127944
127945
127946
127947
127948
127949
127950
127951
127952
127953
127970
127992
128003
128005
128006
128011
128012
128013
128015
128016
128017
128018
128304
128306
128309
128310
128312
128313
128314
128315
128316
128317
128318
128319
128320
128336
128337
128338
128339
128340
128341
128342
128343
128344
128345
128346
128347
128348
128349
128350
128351
128353
128354
128355
128357
128358
128359
128360
128361
128363
128364
128366
128434
128437
128438
128439
128440
128444
128449
128450
128451
128452
128456
128457
128458
128459
128460
128461
128462
128463
128464
128465
128467
128468
128473
128474
128475
128477
128478
128479
128480
128486
128502
128503
128513
128514
128515
128516
128517
128519
128520
128521
128522
128523
128524
128525
128526
128527
128528
128532
128541
128543
128544
132016
132022
132025
132027
132028
132369
132370
132371
132541
132542
132543
132544
132548
132549
132550
132551
132552
132553
132554
132555
132556
132574
132577
132578
132579
132580
132581
132583
132584
132589
132590
132591
132592
132593
132594
132595
132596
132597
132598
132599
132600
132602
132674
132685
132686
132687
132688
132689
132691
132692
132693
132694
132695
132696
132697
132698
132699
132700
132713
132716
132737
132738
132739
132740
132749
132751
132752
132757
132758
132759
132761
132762
132763
132764
132765
132767
132768
132774
132775
132777
132778
132779
132780
132786
