290
291
292
293
294
297
301
2114
2118
2119
2403
2404
2405
2406
2407
2408
2412
4204
4495
4496
4497
4498
4499
4500
4501
6288
6291
6292
6296
6299
6325
6577
6578
6580
6581
6582
6583
6584
8631
8632
8633
8634
8635
8636
8647
10431
10435
10438
10450
10460
10464
10465
10466
10467
10476
10480
10481
10482
10483
10501
10502
10503
10524
10525
10540
10541
10560
10561
10627
10628
10629
10644
10645
10660
10661
10662
10667
10672
10673
10708
10709
10710
10724
10725
10726
10731
10735
10736
10737
10738
10811
10815
10816
10817
10818
10968
10969
10973
10993
10995
11009
11010
11011
11025
11027
11028
11031
11032
11035
11036
11037
11038
11039
11040
11075
11076
11091
11092
11093
11094
11095
11096
11097
11098
11099
11100
11103
11104
11173
11174
11175
11176
11179
11180
11183
11184
11268
11284
11285
11286
11287
11289
11290
11291
11296
11332
11348
11349
11350
11351
11353
11354
11355
11360
11365
11366
11369
11370
11371
11414
11417
11418
11429
11430
11431
11433
11434
11435
11440
11749
11750
11751
11753
11754
11755
11760
11891
11908
11909
11912
11913
11914
11919
11924
11925
11926
11928
11929
11930
11935
11973
11976
11977
11988
11989
11990
11992
11993
11994
11995
11998
11999
12019
12035
12036
12037
12038
12040
12041
12042
12047
12052
12053
12056
12057
12180
12181
12182
12183
12184
12185
12186
12187
12188
12189
12190
12191
12244
12245
12246
12247
12248
12249
12250
12251
12252
12253
12254
12255
12272
12273
12274
12275
12288
12289
12290
12291
12292
12293
12294
12295
12296
12297
12298
12299
12300
12301
12302
12303
12592
12593
12594
12595
12610
12611
12612
12613
12614
12615
12616
12617
12618
12619
12622
12623
13511
13527
13528
13529
13530
13532
13533
13534
13539
13544
13545
13546
13548
13549
13550
13555
13780
13784
13785
13786
13787
13841
13842
13843
13844
13845
13847
13848
13849
13850
13851
13852
13853
13854
13907
13908
13911
13912
13913
13914
13915
13916
13917
13918
13919
13924
13928
13929
13930
13931
13933
13934
13935
13936
13940
13945
13946
13949
13950
13951
13952
13955
13956
13959
13960
13961
13962
13963
13964
13965
13966
13967
14100
14104
14105
14106
14107
14109
14110
14111
14164
14168
14169
14170
14171
14173
14174
14175
14176
14179
14180
14183
14184
14185
14186
14187
14188
14189
14190
14191
14195
14196
14200
14201
14202
14203
14205
14206
14207
14212
14216
14217
14218
14219
14221
14222
14223
14224
14500
14504
14505
14506
14507
14509
14510
14511
14516
14520
14521
14522
14523
14525
14526
14527
14532
14536
14537
14538
14539
14541
14542
14543
14868
14872
14873
14874
14875
14877
14878
14879
14880
14937
14938
14941
14942
14943
14944
14945
14946
14947
14948
14949
14950
14951
14952
14953
14954
14955
14956
14957
14958
14961
14962
14963
14964
14965
14966
14967
14968
14969
14970
14971
14972
14973
14974
14975
14985
14986
14989
14990
14991
14992
15133
15134
15135
15136
15197
15198
15199
15200
15201
15202
15203
15204
15205
15206
15207
15208
15209
15210
15211
15212
15217
15218
15219
15220
15221
15222
15223
15224
15225
15226
15227
15228
15245
15246
15247
15248
15265
15266
15267
15269
15270
15271
15276
15281
15282
15283
15285
15286
15287
15292
15312
15461
15462
15473
15474
15477
15478
15521
15522
15523
15524
15525
15526
15527
15528
15529
15530
15531
15532
15537
15538
15539
15540
15541
15542
15543
15544
15545
15546
15547
15548
15549
15550
15562
15565
15566
15567
15568
16801
16802
16803
16804
16805
16806
16807
16808
16809
16810
16811
16812
16813
16814
16815
16817
16818
16819
16820
16821
16823
16824
16825
16826
16827
16828
16829
16830
16831
16836
16840
16841
16842
16843
16845
16846
16847
16848
17592
17593
17594
17595
17658
17659
17660
17661
17662
17663
17664
17665
17666
17667
17668
17669
17670
17671
17676
17677
17678
17679
17680
17681
17682
17683
17684
17685
17686
17687
17704
17705
17706
17707
17724
17725
17726
17728
17729
17730
17731
17734
17735
17740
17741
17742
17743
17744
17745
17746
17747
17750
17751
17770
17771
17850
17851
17915
17916
17917
17918
17920
17921
17922
17927
17932
17933
17934
17936
17937
17938
17943
17963
17980
17981
17982
17983
17984
17985
17986
17987
17988
17989
17990
17991
17996
17997
17998
17999
18000
18001
18002
18003
18004
18005
18006
18007
18024
18025
18026
18027
18104
18105
18106
18107
18168
18170
18171
18172
18173
18174
18175
18176
18177
18178
18179
18180
18181
18182
18183
18188
18189
18190
18191
18192
18193
18194
18195
18196
18197
18198
18199
18216
18217
18218
18219
18236
18237
18238
18239
18240
18241
18242
18243
18246
18247
18252
18253
18254
18255
18256
18257
18258
18259
18262
18263
18282
18283
18619
18645
18646
18648
18649
18650
18655
18660
18661
18662
18664
18665
18666
18671
18691
18708
18709
18710
18711
18712
18713
18714
18715
18716
18717
18718
18719
18720
18721
18722
18724
18725
18726
18727
18728
18729
18730
18731
18732
18733
18738
18742
18743
18744
18745
18747
18748
18749
18750
19459
19463
19464
19465
19466
19468
19469
19470
19471
19532
19533
19534
19535
19536
19537
19538
19539
19540
19541
19542
19543
19544
19545
19546
19547
19548
19549
19552
19553
19554
19555
19556
19557
19558
19559
19560
19561
19562
19563
19564
19565
19576
19577
19580
19581
19582
19583
19600
19601
19602
19604
19605
19606
19611
19616
19617
19618
19620
19621
19622
19627
19647
23162
23226
23227
23228
23229
23231
23232
23233
23238
23243
23244
23245
23247
23248
23249
23254
23274
23291
23292
23293
23294
23295
23296
23297
23298
23299
23300
23301
23302
23307
23308
23309
23310
23311
23312
23313
23314
23315
23316
23317
23318
23335
23336
23337
23338
24588
24589
24592
24593
24594
24595
24608
24609
24610
24611
24612
24613
24614
24615
24616
24617
24618
24619
24620
24621
24622
24623
