2094
2095
2096
2097
2098
2100
2101
3409
4192
4193
4194
4195
4196
4197
4198
5696
5697
5698
5699
5700
5701
5702
7769
7772
7773
7774
7775
7776
7779
9881
9884
9888
9889
9890
9892
9895
73166
73183
73241
73346
73419
73430
73432
73437
73495
73498
73500
73746
73772
74288
74289
74290
74295
74299
74580
74581
74582
74626
74627
74631
74632
74634
74652
74654
74659
74665
74669
74751
74884
74885
74886
74896
74898
74899
74903
74904
74906
74927
75888
75889
75892
75894
75899
75971
75976
75977
75978
75998
76003
76009
78080
78081
78082
78084
78086
78087
78088
78090
78091
78099
78104
78105
78106
78108
78109
78110
78124
78125
78126
79233
79236
79237
79238
79248
79249
79250
79251
79252
79254
79255
79256
79257
79258
79259
79279
79427
79432
79433
79434
79436
79437
79438
79454
79455
79456
79457
79458
79459
79463
79464
79465
79466
79467
79536
79538
79539
79543
79544
79545
79546
79547
79566
79567
79584
79585
79588
79589
79590
79595
79601
79604
79605
79606
79611
79923
79929
79932
79933
79934
80453
80464
80465
80466
80468
80469
80470
80471
80475
80512
80514
80515
80519
80520
80521
80522
80523
80525
80537
80540
80541
80542
80543
80546
80547
80551
80552
80553
80554
80556
80557
80558
80636
80637
80638
80639
84351
84436
84437
84480
84481
84482
84484
84485
84486
84487
84491
84499
84504
84505
84506
84509
84524
84526
84527
84787
84793
84796
84797
84798
84812
84813
84814
84831
84832
84833
84834
84839
84842
84843
84915
84919
84920
84921
84922
84925
84940
84942
84943
84960
84961
84964
84965
84966
84971
84981
92732
92733
92734
92735
93060
93061
93072
93073
93074
93076
93077
93078
93079
93082
93083
93103
93248
93249
93250
93252
93253
93254
93255
93259
93264
93265
93266
93267
93268
93269
93270
93271
93272
93273
93274
93275
93276
93277
93292
93293
93294
93295
93314
93315
93319
93320
93321
93322
93324
93325
93326
93327
93340
93341
93342
93343
93344
93345
93346
93347
93348
93349
93350
93351
93352
93353
93354
93355
93356
93357
93364
93365
93366
93426
93427
93431
93432
93433
93434
93436
93437
93438
93439
96289
96292
96293
96294
96299
96464
96465
96466
96467
96468
96469
96470
96471
96472
96473
96474
96475
96480
96481
96482
96483
96484
96485
96486
96487
96488
96489
96490
96491
96492
96493
96494
96495
96499
96504
96505
96506
96508
96509
96510
96511
96531
96536
96537
96538
96540
96541
96542
96543
96556
96558
96559
96560
96561
96562
96563
96564
96565
96566
96567
96568
96569
96570
96571
96573
96576
96577
96578
96580
96581
96582
96583
96587
96607
96629
96640
96641
96642
96643
96644
96646
96647
96648
96649
96650
96651
96652
96653
96654
96655
96974
96975
97280
97281
97282
97283
97286
97287
97288
97289
97290
97291
97292
97293
97294
97295
97359
97360
97361
97362
97363
97364
97365
97366
97367
97368
97369
97370
97371
97376
97377
97378
97379
97380
97381
97382
97383
97384
97385
97386
97387
97388
97389
97390
97395
97401
97404
97405
97406
97407
97428
97429
97440
97441
97442
97444
97445
97446
97447
97450
97451
97471
97692
97693
97694
97695
97711
97712
97713
97714
97716
97717
97718
97719
97720
97722
97723
97728
97729
97730
97732
97733
97734
97735
97738
97739
97759
97780
97781
97792
97793
97794
97795
97796
97797
97798
97799
97800
97801
97802
97803
97804
97805
97806
97868
97869
97870
97871
97872
97873
97874
97875
97876
97877
97878
97879
97880
97881
97882
97883
97884
97885
97888
97890
97891
97895
97896
97897
97898
97899
97900
97901
97902
97903
97906
97907
97911
97912
97913
97914
97916
97917
97918
97919
97953
97956
97957
97958
99218
99219
99223
99224
99225
99226
99228
99229
99230
99231
99244
99245
99246
99247
99248
99249
99250
99251
99252
99253
99254
99255
99256
99257
99258
99259
99261
99264
99265
99266
99268
99269
99270
99275
101396
101397
101398
101408
101409
101410
101411
101412
101413
101414
101415
101416
101418
101419
101439
101584
101585
101586
101587
101588
101589
101590
101591
101592
101593
101594
101595
101596
101597
101598
101600
101602
101603
101607
101608
101609
101610
101612
101613
101614
101615
101616
101617
101618
101619
101620
101622
101623
101624
101625
101626
101627
101628
101629
101630
101631
101637
101659
101661
101662
101663
101664
101665
101668
101673
101674
101675
101691
101692
101693
101694
101696
101697
101698
101699
101700
101702
101703
101708
101709
101710
101711
101712
101713
101714
101715
101716
101717
101718
101719
101720
101721
101987
101993
101996
101997
101998
101999
116818
117160
117331
117332
117333
117334
117335
117336
117337
117338
117339
117340
117341
117342
117343
117344
117350
117355
117356
117357
117359
117360
117361
117362
117365
117366
117370
117371
117372
117373
117375
117376
117377
117378
117407
117409
117410
117427
117428
117429
117431
117432
117433
117434
117438
117443
117444
117445
117447
117448
117449
117450
117453
117454
117474
117495
117496
117507
117508
117509
117510
117511
117512
117513
117514
117515
117516
117517
117518
117520
118562
118583
118584
118585
118595
118596
118597
118599
118600
118601
118602
118603
118605
118606
118626
118647
118648
118649
118659
118660
118661
118663
118664
118665
118666
118667
118669
118670
118735
118736
118737
118738
118739
118740
118741
118742
118746
118747
118748
118749
118750
118751
118752
118753
118764
118767
118768
118769
118770
118771
118773
118774
118778
118779
118780
118781
118783
118784
118785
119061
119062
119066
119067
119068
119069
119071
119072
119073
119087
119088
119089
119090
119091
119092
119093
119094
119095
119097
119098
119099
119100
119101
119102
119103
119104
119174
119179
119180
119183
119184
119185
119186
119252
119255
119256
119257
119262
119267
119268
119269
119270
119271
119272
119273
119274
119275
119276
119277
119278
119297
119298
119319
119320
119321
119331
119332
119333
119335
119336
119337
119338
119339
119341
119342
119362
