644
648
1815
1816
1817
1818
1819
1820
1821
1824
2764
2765
2801
2804
3917
3920
3921
3922
3923
3924
3925
4862
4863
4867
4877
4878
4880
5306
5307
5308
5309
5310
5311
5312
6940
6941
6943
7011
7015
7016
7019
7020
7025
7372
7373
7374
7375
7376
7378
7379
9003
9004
9014
9017
9037
9040
9041
9044
9045
9046
9050
9058
9408
9409
9410
9411
9413
9414
25176
25179
25181
25186
25204
25207
25208
25213
25250
25252
25253
25254
25256
25267
25271
25276
25277
25278
25359
25361
26204
26221
27342
27362
27363
27364
27374
27375
27376
27378
27379
27380
27381
27385
27510
27511
27512
27514
27515
27516
27521
27553
27555
27556
27560
27561
27562
27563
27566
27581
27583
27584
27587
27588
27592
27593
27594
27595
27598
27661
27663
27664
27755
27758
27759
27760
27765
27770
27771
27772
27773
27777
27778
27779
27780
27781
27800
27801
27955
27958
27959
27960
27961
27977
27978
27979
27980
27982
27983
27984
27985
27986
27988
27989
27998
27999
28061
28066
28067
28068
28070
28071
28072
28077
28083
28086
28087
28088
28089
28105
28106
28107
28108
28110
28111
28112
28113
28114
28116
28117
28126
28127
28445
28450
28451
28452
28454
28455
28456
31834
31835
31836
31837
31841
31842
31844
31845
31913
31914
31915
31916
31920
31921
31922
31924
31925
31933
31939
31942
31943
31944
31955
31958
31959
31960
32220
32241
32242
32243
32254
32256
32257
32258
32273
32275
32276
32280
32281
32282
32283
32298
32299
32300
32302
32304
32305
32309
32316
32321
32322
32325
32326
32340
32341
32342
32370
36890
36892
36893
36897
36898
36899
36900
36902
36903
36904
36905
36969
36970
36971
36972
36974
36975
36976
36977
36981
36986
36987
36988
36989
36990
36991
36992
36993
36994
36995
36996
36997
36998
36999
37014
37015
37016
37017
37038
37039
37040
37050
37051
37052
37054
37055
37056
37057
37058
37060
37061
37081
37820
37831
37832
37833
37835
37836
37837
37838
37839
37841
37842
37862
37879
37880
37881
37882
37883
37884
37885
37886
37887
37888
37889
37890
37891
37892
37893
37895
37897
37898
37902
37903
37904
37905
37907
37908
37909
37910
37911
37913
37914
37918
37919
37920
37921
37922
37923
37924
37925
37926
38003
38004
38005
38006
38083
38085
38086
38103
38104
38105
38107
38108
38109
38110
38114
38119
38120
38121
38122
38123
38124
38125
38126
38127
38128
38129
38130
38186
38192
38195
38196
38197
38198
38199
38200
38201
38202
38203
38205
38206
38207
38208
38209
38210
38211
38212
38213
38218
38223
38224
38225
38227
38228
38229
38230
38231
38232
38233
38234
38237
38238
38239
38240
38241
38242
38243
38244
38245
38246
38284
38533
38534
38552
38555
38556
38557
38562
38567
38568
38569
38570
38571
38572
38573
38574
38575
38576
38577
38578
38580
39304
39307
39308
39309
39351
39352
39353
39354
39355
39356
39357
39358
39359
39360
39361
39362
39367
39368
39369
39370
39371
39373
39374
39375
39376
39377
39378
39379
39380
39381
39382
39386
39391
39392
39393
39395
39396
39397
39398
39478
40058
40063
40064
40065
40067
40068
40069
40070
40085
40086
40087
40088
40089
40090
40091
40092
40093
40094
40095
40096
40097
40098
40103
40104
40105
40107
40108
40109
40110
40111
40113
40114
40167
40169
40170
40174
40175
40176
40177
40179
40180
40181
40182
40183
40184
40185
40186
40187
40189
40190
40191
40192
40193
40194
40195
40196
40197
40198
40202
40208
40211
40212
40213
40214
40215
40216
40217
40218
40219
40220
40221
40222
40223
40224
40225
40226
40227
40228
40229
40232
40235
40236
40237
40268
40451
40453
40454
40458
40459
40460
40461
40463
40464
40465
40466
40468
40469
40470
40471
40472
40475
40486
40508
40519
40520
40521
40522
40523
40525
40526
40527
40528
40529
40530
40531
40532
40533
40534
40598
40599
40600
40601
40603
40604
40605
40606
40607
40609
40610
40615
40616
40617
40618
40619
40620
40621
40622
40623
40624
40625
40626
40627
40628
40629
40634
40640
40643
40644
40645
40646
40664
40667
40668
40669
40674
40679
40680
40681
40682
40683
40684
40685
40686
40687
40688
40689
40690
40692
40707
40709
40710
41929
41951
41962
41963
41964
41965
41966
41968
41969
41970
41971
41972
41973
41974
41975
41976
41977
55485
55490
55491
55492
55494
55495
55496
55497
55510
55512
55513
55514
55515
55516
55517
55518
55519
55520
55521
55522
55523
55524
55525
55527
55531
55534
55535
55536
55801
55802
55803
55804
55806
55807
55808
55809
55810
55812
55813
55818
55819
55820
55821
55824
55825
55826
55827
55828
55829
55830
55831
55832
55846
55847
55848
55849
55869
55875
55878
55879
55880
55881
55897
55898
55899
55900
55901
55902
55903
55904
55905
55906
55907
55908
55909
55914
55915
55918
55919
55920
55925
55978
55979
55980
55981
55985
55986
55987
55988
55989
55990
55991
55992
56138
56139
56140
56142
56143
56144
56145
56149
57117
57118
57119
57120
57201
57202
57203
57205
57206
57207
57208
57212
57249
57250
57253
57254
57255
57260
57265
57266
57267
57268
57271
57272
57273
57274
57275
57276
57278
57293
57295
57296
57492
57493
57494
57495
57499
57500
57501
57502
57503
57504
57505
57517
57520
57521
57522
57523
57524
57526
57527
57531
57532
57533
57534
57536
57537
57538
57721
57723
57724
57725
57726
57727
57728
57729
57731
57732
57733
57734
57735
57736
57738
57744
57749
57750
57751
57753
57754
57755
57756
57760
57764
57765
57766
57767
57769
57770
57771
57772
57804
57822
57825
57826
57827
57832
57837
57838
57839
57841
57842
57843
57844
57845
57847
57848
57868
57889
57890
57901
57902
57903
57904
57905
57906
57907
57908
57909
57910
57911
57912
58065
