2035
2036
2046
2047
2048
2051
2052
2053
4134
4141
4143
4145
4146
4147
4148
4149
4150
5542
6243
6250
6251
6252
6253
6254
6255
6256
6257
8319
8320
8321
8322
8323
8324
8325
8326
9935
9936
9937
9938
9939
9940
10403
73126
73186
73188
73222
73481
73487
73510
73512
73518
73520
73689
73691
73752
73780
74828
74830
74849
74852
74854
74868
74869
74870
74943
74946
74947
74952
74953
74954
74975
74979
74984
74985
74986
75315
75321
75325
75664
75666
75671
75672
75674
75856
75857
75863
75867
75916
75918
75937
75947
76028
76029
76030
80240
80242
80243
80247
80248
80249
80250
80253
80324
80325
80326
80336
80338
80339
80343
80344
80345
80346
80347
80349
80366
80367
80400
80401
80402
80404
80405
80406
80407
80411
80691
80697
80700
80701
80702
80703
80707
80712
80713
80716
80717
80718
80719
80735
80736
80737
80738
80740
80742
80743
80744
80746
80747
80756
80757
80758
80828
80829
80830
80831
80835
80840
80841
80842
80844
80845
80846
80863
80864
80865
80866
80867
80868
80870
80871
80872
80873
80874
80875
80885
82188
82190
82191
82209
82212
82213
82214
82219
82225
82228
82229
82230
82235
83541
83584
83585
83586
83587
83591
83592
83593
83594
83595
83612
83614
83615
83619
83624
83625
83626
83628
83629
83711
84352
84353
84354
84356
84358
84359
84363
84371
84377
84380
84381
84382
84396
84397
84398
84592
84593
84594
84599
84600
84602
84603
84673
84676
84678
84683
84691
84697
84700
84701
84716
84718
84719
84756
84757
84758
85007
85029
85040
85041
85042
85044
85046
85047
85050
85051
100367
100452
100453
100454
100496
100497
100498
100499
100500
100501
100502
100503
100504
100505
100506
100507
100508
100509
100510
100515
100520
100521
100524
100525
100526
100527
100528
100529
100530
100531
100534
100535
100536
100537
100538
100539
100540
100541
100542
100543
100549
100816
100817
100818
100820
100821
100822
100823
100824
100826
100827
100832
100833
100834
100835
100836
100837
100838
100839
100840
100841
100842
100843
100844
100845
100846
100851
100857
100860
100861
100862
100863
100883
100889
100892
100893
100894
100895
100911
100912
100913
100914
100916
100917
100918
100919
100920
100922
100923
100928
100929
100930
100932
100933
100934
100935
100936
100938
100939
100959
100981
100992
100993
100994
100995
100996
100998
100999
101000
101001
101002
101003
101004
101005
101006
101007
101140
101141
101142
101152
101153
101154
101155
101156
101157
101158
101159
101160
101161
101162
101163
101165
101183
102179
102185
102188
102189
102190
102191
102201
102202
102204
102205
102206
102207
102208
102210
102211
102216
102217
102218
102219
102220
102221
102222
102223
102224
102225
102239
102241
102242
102260
102263
102264
102265
102275
102276
102277
102278
102279
102280
102281
102282
102283
102284
102285
102286
102287
102288
102289
102290
102354
102355
102356
102357
102359
102360
102361
102362
102363
102365
102366
102371
102372
102373
102374
102375
102376
102377
102378
102379
102380
102381
102382
102383
102384
102385
102386
102390
102395
102396
102399
102400
102401
102402
102423
102424
102425
102435
102436
102437
102438
102439
102440
102441
102442
102443
102444
102445
102446
102448
102465
102466
102723
102725
102726
102731
102732
102733
102735
102736
102737
102738
102739
102740
102741
102742
102746
102747
102748
102749
102750
102751
102752
102753
102754
102767
102768
102769
102770
102771
102772
102773
102774
102775
102776
102777
102778
102779
102780
102781
102782
102783
102784
102785
102788
102791
102792
102793
102794
102798
102851
102853
102854
102858
102859
102860
102861
102863
102864
102865
102866
102867
102868
102869
102870
102874
102875
102876
102877
102878
102879
102880
102881
102882
102895
102897
102898
102899
102900
102901
102902
102903
102904
102905
102906
102907
102908
102909
102910
102911
102912
102913
102915
102916
102919
102920
102921
102922
102926
102952
103080
108175
108176
108177
108178
108259
108260
108261
108263
108264
108265
108266
108270
108307
108308
108309
108310
108311
108312
108313
108314
108315
108316
108317
108318
108323
108324
108325
108326
108330
108331
108332
108333
108334
108335
108336
108337
108338
108342
108347
108348
108349
108351
108352
108353
108354
113575
113576
113577
113747
113748
113749
113750
113751
113752
113753
113754
113755
113756
113757
113758
113760
113765
113766
113771
113772
113773
113775
113776
113777
113778
113779
113781
113782
113787
113788
113789
113791
113792
113793
113794
113826
113847
113848
113849
113859
113860
113861
113862
113863
113864
113865
113866
113867
113868
113869
113870
113872
113887
113889
113890
113908
113911
113912
113913
113918
113923
113924
113925
113926
113927
113928
113929
113930
113931
113932
113933
113934
113936
114258
116644
116647
116648
116649
116654
116819
116820
116821
116822
116823
116824
116825
116826
116827
116828
116829
116830
116832
116838
116843
116844
116847
116848
116849
116850
116851
116853
116854
116858
116859
116860
116861
116863
116864
116865
116866
116898
116920
116931
116932
116933
116934
116935
116937
116938
116939
116940
116941
116942
116943
116944
116959
116961
116962
116980
116983
116984
116985
116990
116995
116996
116997
116999
117000
117001
117002
117003
117005
117006
117327
117329
117330
117779
117780
117781
117782
117786
117787
117788
117789
117790
117791
117792
117793
117807
117809
117810
117811
117812
117813
117814
117818
117819
117820
117821
117822
117823
117824
117825
118103
118104
118105
118115
118116
118117
118118
118119
118121
118122
118123
118124
118125
118126
118128
118146
118166
118172
118175
118176
118177
118178
118195
118196
118197
118199
118200
118201
118202
118205
118206
118212
118215
118216
118217
118222
118275
118277
118278
118283
118284
118285
118287
118288
118289
118424
118435
118436
118437
118439
118440
118441
118442
118443
118445
118446
118466
119439
119440
119441
119442
119523
119524
119525
119527
119528
119529
119530
119534
119571
119572
119573
119575
119576
119577
119578
119582
119587
119589
119590
119594
119595
119596
119597
119598
119599
119600
119601
119606
119612
119615
119616
119617
119618
