1517
1518
1519
1520
1521
1522
1523
1525
3633
3634
3635
3636
3637
3639
3640
5553
5811
5814
5842
5843
5844
5848
5851
7890
7891
7892
7893
7927
7931
7932
10066
10070
10071
10072
10073
10113
10114
73283
73285
73626
73627
73802
73804
73944
73947
73988
73990
73991
74017
74024
74026
74029
74038
75421
76101
76128
76130
76131
76137
76142
76149
76240
76243
76252
76254
76255
76307
76316
76319
76335
76677
76704
76706
76707
76713
76716
76718
76719
76725
76880
76882
76883
76889
76894
76996
76998
76999
77025
77032
77034
77037
77045
77046
77073
77080
77082
77083
77085
82561
82564
82567
82568
82570
82571
82593
82596
82599
82600
82603
82612
82614
82615
85332
85334
85335
85441
85442
85448
85449
85450
85451
85453
85454
85476
85478
85479
85489
85496
85498
85499
85501
85524
85525
85526
85888
85890
85891
85897
85900
85902
85903
85925
85936
85938
85939
85945
85946
85948
85949
85950
85951
86015
86101
86144
86147
86153
86156
86158
86159
86181
86192
86194
86195
86201
86204
86206
86207
86211
86220
86223
86256
86258
86259
86265
86268
86270
86271
87636
87637
87638
87639
87744
87746
87747
87753
87754
87756
87757
87758
87759
87780
87781
87782
87792
87793
87794
87795
87800
87801
87802
87803
87804
87805
87806
87807
87829
88449
88450
88456
88457
88458
88459
88461
88462
88484
88486
88487
88488
88491
88497
88500
88503
88504
88506
88507
88509
88912
88913
88914
88919
88920
88921
88922
88923
88925
88926
89025
89028
89030
89031
89032
89034
89035
89037
89057
89060
89062
89063
89064
89066
89067
89069
89076
89077
89078
89079
89080
89083
89105
89108
89110
89111
89112
89114
89115
89117
89220
89221
89222
89223
89248
89249
89250
89251
89256
89257
89258
89259
89260
89261
89262
89263
89268
89269
89270
89271
109656
109667
109669
109670
109676
109679
109681
109682
109683
109685
109686
109692
109695
109697
109698
109704
109784
109785
109795
109798
109804
109807
109809
109810
109811
109813
109814
109820
109821
109823
109824
109825
109826
109832
109859
109860
109861
109862
109867
109868
109869
109870
109871
109872
109873
109874
109887
109890
120728
120739
120741
120742
120748
120749
120751
120752
120753
120754
120755
120757
120758
120764
120767
120769
120770
120776
121172
121175
121176
121177
121178
121179
121181
121182
121203
121204
121205
121206
121207
121210
121211
121212
121213
121214
121215
121216
121217
121218
121223
121224
121225
121226
121230
121315
121316
121317
121318
121323
121324
121325
121326
121327
121328
121329
121330
121367
121368
121369
121370
121379
121382
121391
121394
121395
121396
121397
121398
121403
121404
121405
121406
121407
121408
121409
121410
121415
121416
121417
121507
121508
121509
121510
121511
121513
121514
121515
121516
121517
121518
121520
121521
122963
122964
122965
122966
122967
122970
122971
122972
122973
122974
122975
122976
122977
122978
122996
122999
123000
123001
123002
123003
123005
123006
123008
123011
123012
123013
123014
123015
123017
123018
123019
123020
123021
123022
123023
123024
123025
123108
123111
123112
123113
123114
123115
123117
123118
123120
123156
123157
123159
123161
123162
123163
123164
123165
123166
123168
123188
123189
123191
123193
123194
123195
123197
123198
123200
123204
123207
123208
123209
123210
123211
123213
123214
123216
123815
123816
123817
123818
123819
123822
123990
123999
124002
124035
124037
124038
124044
124047
124049
124050
124136
124179
124181
124182
124188
124191
124193
124194
124216
124227
124228
124229
124230
124236
124237
124239
124240
124241
124242
124243
124244
124245
124246
124252
124253
124255
124256
124257
124258
124280
124281
124291
124292
124293
124294
124299
124300
124301
124302
124303
124304
124305
124306
124391
124392
124393
124394
124435
124436
124437
124438
124443
124444
124445
124446
124447
124448
124449
124450
124471
124472
124473
124474
124483
124484
124485
124486
124491
124492
124493
124494
124495
124496
124497
124498
124584
129806
129809
129810
129811
129812
129813
129815
129816
129818
129996
130029
130032
130041
130043
130044
130130
130173
130175
130176
130182
130185
130187
130188
130210
130221
130223
130224
130230
130233
130235
130236
130237
130238
130239
130240
130245
130246
130247
130248
130249
130250
130251
130252
130273
130274
130275
130276
130285
130286
130287
130288
130293
130294
130295
130296
130297
130298
130299
130300
130385
130386
130387
130388
130392
130429
130430
130431
130432
130433
130436
130437
130438
130439
130440
130441
130442
130443
130444
130462
130465
130466
130467
130468
130469
130471
130472
130477
130478
130479
130480
130481
130483
130484
130485
130486
130487
130488
130489
130490
130491
130492
130577
130578
130579
133053
133054
133055
133056
133057
133059
133060
133061
133062
133063
133064
133065
133066
133067
133068
133086
133087
133089
133090
133091
133092
133093
133094
133095
133096
133098
133101
133102
133103
133104
133105
133106
133107
133108
133109
133110
133111
133112
133113
133114
133115
133116
133197
133198
133199
133200
133201
133202
133203
133204
133205
133206
133207
133208
133209
133210
133211
133246
133247
133249
133250
133251
133252
133253
133254
133255
133256
133258
133259
133277
133278
133279
133280
133281
133283
133284
133285
133286
133287
133288
133289
133290
133291
133292
133294
133297
133298
133299
133300
133301
133303
133304
133306
134418
134419
134420
134425
134426
134427
134429
134430
134431
134432
134433
134434
134435
134436
134438
134439
134440
134441
134445
134446
134447
134448
134790
134793
134794
134795
134796
134797
134799
134800
134802
134805
134807
134808
134814
134817
134819
134820
134821
134822
134823
134824
134825
134827
134828
134829
134830
134831
134832
134833
134834
134835
134836
134841
134842
134843
134844
134845
134848
134922
134923
134933
134934
134935
134936
134940
134941
134942
134943
134944
134945
134946
134947
134948
134949
134951
134952
134958
134961
134962
134963
134964
134970
134985
134986
134987
134988
134997
134998
134999
135000
135005
135006
135007
135008
135009
135010
135011
135012
135013
135014
135015
135016
135021
135022
135023
135024
135025
135026
135027
135028
135033
135034
135035
135036
135114
135125
135126
135127
135128
135129
135131
135132
135133
135134
135135
135136
135137
135138
135139
135140
135144
135153
135156
