32779
32868
32885
32952
33084
33085
33157
33168
33170
33175
33233
33236
33238
33485
33511
34032
34033
34034
34039
34043
34321
34324
34325
34326
34371
34375
34376
34377
34378
34396
34398
34403
34409
34413
34495
34628
34629
34640
34642
34647
34648
34650
34651
34671
35632
35633
35638
35643
35715
35720
35721
35722
35742
35747
35753
37695
37780
37781
37782
37824
37825
37826
37828
37829
37830
37835
37840
37842
37843
37847
37848
37849
37850
37868
37870
37871
38933
38976
38977
38978
38980
38981
38982
38983
38986
38987
38994
38995
38999
39000
39001
39002
39004
39005
39020
39021
39022
39023
39103
39180
39181
39182
39183
39200
39201
39202
39204
39205
39206
39207
39211
39220
39221
39222
39283
39288
39289
39290
39292
39293
39294
39308
39309
39310
39311
39327
39328
39329
39330
39332
39334
39335
39336
39338
39339
39349
39664
39666
39667
39671
39672
39673
39674
39677
40212
40213
40214
40256
40257
40258
40259
40260
40262
40263
40264
40265
40266
40267
40275
40281
40284
40285
40286
40287
40291
40296
40297
40298
40300
40301
40302
40383
44224
44225
44226
44230
44231
44232
44234
44235
44243
44248
44249
44252
44253
44254
44268
44269
44270
44540
44541
44542
44553
44556
44557
44558
44575
44576
44578
44583
44584
44586
44587
44656
44658
44659
44663
44664
44665
44666
44687
44705
44708
44709
44710
44715
44724
44725
44726
118771
118777
118780
118781
118782
118783
124241
124244
124245
124246
124247
124251
126976
126977
126980
126981
126982
126983
126984
126986
126987
126995
127001
127004
127005
127006
127007
127008
127010
127011
127016
127017
127018
127020
127021
127022
127023
127091
127097
127100
127101
127102
127103
127104
127106
127107
127112
127113
127114
127116
127117
127118
127119
127136
127137
127138
127140
127141
127142
127143
127144
127146
127147
127153
127156
127157
127158
127159
127163
127475
127481
127484
127485
127486
127487
127488
127490
127491
127496
127497
127498
127500
127501
127502
127503
127520
127521
127522
127524
127525
127526
127527
127528
127530
127531
127537
127540
127541
127542
127543
127547
127616
127617
127618
127620
127621
127622
127623
127624
127626
127627
127635
127641
127644
127645
127646
127647
127648
127650
127651
127656
127657
127658
127660
127661
127662
127663
127697
127700
127701
127702
127703
127707
128974
128975
128996
128997
128998
129008
129009
129010
129012
129013
129014
129015
129016
129018
129019
129039
129061
129072
129073
129074
129075
129078
129079
129080
129081
129082
129083
129085
129153
129156
129157
129158
129159
129163
129168
129170
129171
129175
129176
129177
129178
129180
129181
129182
129196
129198
129199
129232
129233
129234
129236
129237
129238
129239
129240
129242
129243
129536
129537
129538
129540
129541
129542
129543
129544
129546
129547
129555
129561
129564
129565
129566
129567
129568
129570
129571
129576
129577
129578
129580
129581
129582
129583
129651
129656
129657
129660
129661
129662
129663
129667
129673
129676
129677
129678
129679
129696
129697
129698
129700
129701
129702
129703
129706
129707
129713
129716
129717
129718
129719
129723
129873
129876
129877
129878
129879
129883
192514
192515
192521
192524
192525
192526
192527
192545
192548
192549
192550
192551
192555
192561
192564
192565
192566
192567
192571
192641
192644
192645
192646
192647
192651
192659
192665
192668
192669
192670
192671
192675
192681
192684
192685
192686
192687
192721
192724
192725
192726
192727
192730
192731
193025
193028
193029
193030
193031
193035
193040
193042
193043
193048
193049
193050
193052
193053
193054
193055
193059
193065
193068
193069
193070
193071
193138
193139
193144
193145
193148
193149
193150
193151
193155
193161
193164
193165
193166
193167
193185
193188
193189
193190
193191
193195
193200
193201
193202
193204
193205
193206
193207
193208
193210
193211
193360
193361
193362
193364
193365
193366
193367
193368
193370
193371
194547
194553
194556
194557
194558
194559
194562
194563
194568
194569
194570
194572
194573
194574
194591
194592
194593
194594
194595
194596
194598
194599
194600
194601
194602
194603
194605
194612
194613
194681
194684
194685
194686
194687
194688
194690
194691
194696
194697
194698
194700
194701
194702
194719
194720
194721
194722
194723
194724
194726
194727
194728
194729
194730
194731
194733
194740
194741
195058
195059
195064
195065
195066
195068
195069
195070
195071
195075
195081
195084
195085
195086
195087
195105
195108
195109
195110
195111
195115
195120
195121
195124
195125
195126
195127
195131
195200
195201
195202
195204
195205
195206
195207
195208
195210
195211
195219
195225
195228
195229
195230
195231
195235
195240
195241
195244
195245
195246
195247
195281
195284
195285
195286
195287
195291
262169
262246
262323
262532
262534
262552
262554
262575
262613
262860
262862
262880
262882
263375
263396
263397
263398
263412
263413
263414
263684
263685
263686
263696
263698
263703
263704
263706
263707
263727
263756
263757
263758
263775
263776
263778
263783
263784
263786
263868
263869
263870
264017
264020
264021
264022
265010
265015
265016
265018
265087
265088
265090
265095
265116
265117
265132
265133
265134
267065
267068
267069
267070
267136
267137
267140
267141
267142
267147
267152
267153
267154
267155
267159
267160
267161
267162
267163
267183
267217
267220
267221
267222
267227
268289
268292
268293
268294
268304
268305
268306
268307
268308
268310
268311
268312
268313
268314
268315
268335
268355
268360
268361
268364
268365
268366
268382
268383
268384
268385
268386
268387
268388
268390
268391
268392
268393
268394
268395
268467
268472
268473
268476
268477
268478
268592
268593
268594
268595
268599
268600
268601
268602
268603
268671
268672
268673
268674
268675
268678
268679
268680
268681
268682
268683
268691
268696
268697
268700
268701
268702
268707
268713
268716
268717
268718
269004
269006
269007
269024
269025
269026
269028
269029
269030
269035
269041
269044
269045
269046
269051
269637
269648
269649
269650
269652
269653
269654
269655
269656
269658
269659
269679
273603
273609
273612
273613
273614
273631
273632
273634
273635
273639
273640
273641
273642
273643
273919
273920
273922
273923
273927
273928
273930
273948
273949
273950
273955
273961
273964
273965
273966
273999
274017
274020
274021
274022
274033
274036
274037
274038
274043
274096
274097
274098
274103
274104
274106
274107
