16442
16583
16988
16990
17168
17171
17177
17313
17320
17322
17364
17366
17367
18755
18764
18766
18767
18789
18802
18810
18813
18879
19520
19522
19523
19529
19534
19558
19569
19576
19578
19579
19973
19987
19996
19998
19999
20012
20015
20100
20102
20103
20128
20130
20137
20138
20141
20149
20177
20183
20187
20304
20306
20307
20313
20316
20317
20318
25685
25856
25858
25859
25865
25868
25870
25871
25893
25904
25905
25906
25912
25913
25914
25917
26004
26006
26007
26049
26052
26055
26056
26059
26081
26088
26090
26091
26093
26100
26102
26364
26367
28928
28930
28931
28937
28940
28941
28942
28943
28964
28965
28966
28977
28978
28984
28986
28987
28989
29073
29076
29078
29079
29080
29083
29121
29124
29126
29127
29128
29131
29152
29153
29154
29160
29161
29162
29163
29165
29172
29173
29174
30741
30784
30786
30787
30792
30793
30794
30796
30797
30798
30799
30820
30821
30822
30823
30832
30833
30834
30839
30840
30842
30843
30845
30908
30911
31237
31248
31250
31251
31257
31260
31262
31263
31267
31276
31278
31279
31364
31366
31367
31371
31392
31393
31394
31395
31400
31401
31402
31403
31405
31406
31413
31414
31441
31444
31446
31447
31448
31450
31451
31453
31557
31568
31570
31571
31577
31580
31581
31582
31583
31599
32021
32064
32066
32067
32073
32074
32076
32077
32078
32079
32100
32101
32102
32103
32112
32113
32114
32116
32118
32119
32120
32121
32122
32123
32125
32179
32188
32190
32191
102485
102656
102657
102658
102659
102660
102662
102663
102664
102665
102666
102667
102669
102684
102686
102687
102688
102689
102690
102691
102695
102696
102697
102698
102699
102700
102701
102702
102709
102780
102782
102783
102784
102785
102786
102787
102791
102792
102793
102794
102795
102796
102797
102798
102815
102816
102817
102818
102819
102820
102822
102823
102824
102825
102826
102827
102829
102836
102837
102838
102869
103167
103679
104021
104192
104193
104194
104195
104199
104200
104201
104202
104203
104204
104205
104206
104224
104225
104226
104228
104230
104231
104232
104234
104235
104237
104244
104245
104246
104247
104251
104324
104325
104326
104327
104336
104339
104345
104348
104349
104350
104351
104352
104355
104361
104364
104365
104366
104367
104400
104401
104402
104404
104406
104407
104408
104409
104410
104411
104413
104700
104703
105045
105216
105217
105218
105219
105223
105224
105225
105226
105227
105229
105230
105247
105248
105249
105250
105251
105252
105254
105255
105256
105257
105258
105259
105261
105268
105269
105270
105343
105344
105345
105346
105347
105348
105350
105351
105352
105353
105354
105355
105357
105372
105374
105375
105376
105377
105378
105379
105383
105384
105385
105386
105387
105388
105389
105390
105397
105428
105429
105430
181332
181333
181334
181504
181505
181506
181507
181511
181512
181513
181514
181515
181516
181517
181518
181535
181536
181537
181538
181539
181540
181542
181543
181544
181545
181546
181547
181549
181556
181557
181558
181631
181632
181633
181634
181635
181639
181640
181641
181642
181643
181645
181660
181663
181664
181665
181666
181667
181671
181672
181673
181674
181675
181677
181678
181685
181717
182012
182014
182015
184572
184574
184575
184916
184917
184918
185088
185089
185090
185091
185092
185094
185095
185096
185097
185098
185099
185101
185116
185118
185119
185120
185121
185122
185123
185127
185128
185129
185130
185131
185132
185133
185134
185141
185212
185214
185215
185216
185217
185218
185219
185223
185224
185225
185226
185227
185228
185229
185230
185247
185248
185249
185250
185251
185252
185254
185255
185256
185257
185258
185259
185261
185268
185269
185270
185301
186453
186624
186625
186626
186627
186628
186630
186631
186632
186633
186634
186635
186637
186655
186656
186657
186658
186659
186663
186664
186665
186666
186667
186669
186670
186677
186751
186752
186753
186754
186755
186756
186759
186760
186761
186762
186763
186765
186783
186784
186785
186786
186787
186791
186792
186793
186794
186795
186797
186798
186805
186836
186837
186838
187135
187476
187477
187478
187648
187649
187650
187651
187656
187657
187658
187660
187661
187662
187680
187681
187682
187684
187686
187687
187688
187690
187691
187700
187701
187702
187703
187707
187780
187781
187782
187783
187787
187795
187801
187804
187805
187806
187807
187808
187811
187817
187820
187821
187822
187823
187856
187857
187858
187860
187862
187863
187864
187866
187867
188156
188158
188159
191743
192085
192256
192257
192258
192259
192263
192264
192265
192266
192267
192269
192270
192287
192288
192289
192290
192291
192292
192295
192296
192297
192298
192299
192301
192309
192383
192384
192385
192386
192387
192391
192392
192393
192394
192395
192397
192415
192416
192417
192418
192419
192423
192424
192425
192426
192427
192429
192437
192469
262288
262361
262720
262722
262733
262759
262772
262979
262985
263012
263014
263031
264448
264450
264456
264458
264461
264487
264491
264500
264502
264595
264601
264606
264656
264658
264669
265301
265475
265481
265484
265486
265508
265510
265521
265527
265531
265616
265618
265624
265626
265629
265669
265683
265689
265692
265694
265695
265708
265711
265983
271361
271364
271366
271367
271368
271370
271371
271392
271393
271394
271400
271401
271402
271403
271405
271413
271492
271493
271494
271516
271518
271519
271523
271529
271532
271534
271535
271569
271575
271576
271578
271579
271893
271939
271948
271950
271951
271973
271974
271985
271986
271991
271992
271994
271995
271997
272060
272062
272063
272192
272193
272194
272200
272202
272203
272205
272225
272231
272232
272234
272235
272244
272245
272246
274772
274773
274774
274775
275468
275471
275493
275504
275505
275506
275507
275512
275513
275514
275516
275517
275518
275601
275604
275606
275607
275608
275611
275649
275652
275654
275655
275659
275679
275680
275682
275683
275688
275689
275690
275692
275693
275694
275701
276033
276036
276038
276039
276043
276063
276064
276066
276067
276072
276073
276074
276076
276077
276078
276085
276241
276244
276245
276246
276247
276251
276300
276302
276303
276325
276336
276337
276338
276339
276344
276345
276346
276347
276348
276349
276350
276367
276389
276400
276402
276403
276408
276409
276410
276412
276413
276414
277455
277488
277490
277491
277497
277500
277501
277502
277503
