49296
49369
49728
49730
49741
49767
49780
49987
49993
50020
50022
50039
51456
51458
51464
51466
51469
51495
51499
51508
51510
51603
51609
51614
51664
51666
51677
52309
52483
52489
52492
52494
52516
52518
52529
52535
52539
52624
52626
52632
52634
52637
52677
52691
52697
52700
52702
52703
52716
52719
52991
58369
58372
58374
58375
58376
58378
58379
58400
58401
58402
58408
58409
58410
58411
58413
58421
58500
58501
58502
58524
58526
58527
58531
58537
58540
58542
58543
58577
58583
58584
58586
58587
58901
58947
58956
58958
58959
58981
58982
58993
58994
58999
59000
59002
59003
59005
59068
59070
59071
59200
59201
59202
59208
59210
59211
59213
59233
59239
59240
59242
59243
59252
59253
59254
61780
61781
61782
61783
62476
62479
62501
62512
62513
62514
62515
62520
62521
62522
62524
62525
62526
62609
62612
62614
62615
62616
62619
62657
62660
62662
62663
62667
62687
62688
62690
62691
62696
62697
62698
62700
62701
62702
62709
63041
63044
63046
63047
63051
63071
63072
63074
63075
63080
63081
63082
63084
63085
63086
63093
63249
63252
63253
63254
63255
63259
63308
63310
63311
63333
63344
63345
63346
63347
63352
63353
63354
63355
63356
63357
63358
63375
63397
63408
63410
63411
63416
63417
63418
63420
63421
63422
64463
64496
64498
64499
64505
64508
64509
64510
64511
132180
132181
132182
132352
132353
132354
132355
132359
132360
132361
132362
132363
132364
132365
132366
132383
132384
132385
132386
132387
132388
132390
132391
132392
132393
132394
132395
132397
132404
132405
132406
132479
132480
132481
132482
132483
132487
132488
132489
132490
132491
132493
132508
132511
132512
132513
132514
132515
132519
132520
132521
132522
132523
132525
132526
132533
132565
132860
132862
132863
135420
135422
135423
135764
135765
135766
135936
135937
135938
135939
135940
135942
135943
135944
135945
135946
135947
135949
135964
135966
135967
135968
135969
135970
135971
135975
135976
135977
135978
135979
135980
135981
135982
135989
136060
136062
136063
136064
136065
136066
136067
136071
136072
136073
136074
136075
136076
136077
136078
136095
136096
136097
136098
136099
136100
136102
136103
136104
136105
136106
136107
136109
136116
136117
136118
136149
137301
137472
137473
137474
137475
137476
137478
137479
137480
137481
137482
137483
137485
137503
137504
137505
137506
137507
137511
137512
137513
137514
137515
137517
137518
137525
137599
137600
137601
137602
137603
137604
137607
137608
137609
137610
137611
137613
137631
137632
137633
137634
137635
137639
137640
137641
137642
137643
137645
137646
137653
137684
137685
137686
137983
138324
138325
138326
138496
138497
138498
138499
138504
138505
138506
138508
138509
138510
138528
138529
138530
138532
138534
138535
138536
138538
138539
138548
138549
138550
138551
138555
138628
138629
138630
138631
138635
138643
138649
138652
138653
138654
138655
138656
138659
138665
138668
138669
138670
138671
138704
138705
138706
138708
138710
138711
138712
138714
138715
139004
139006
139007
142591
142933
143104
143105
143106
143107
143111
143112
143113
143114
143115
143117
143118
143135
143136
143137
143138
143139
143140
143143
143144
143145
143146
143147
143149
143157
143231
143232
143233
143234
143235
143239
143240
143241
143242
143243
143245
143263
143264
143265
143266
143267
143271
143272
143273
143274
143275
143277
143285
143317
217173
217344
217345
217346
217347
217348
217350
217351
217352
217353
217354
217355
217357
217372
217374
217375
217376
217377
217378
217379
217383
217384
217385
217386
217387
217388
217389
217390
217397
217468
217470
217471
217472
217473
217474
217475
217479
217480
217481
217482
217483
217484
217485
217486
217503
217504
217505
217506
217507
217508
217510
217511
217512
217513
217514
217515
217517
217524
217525
217526
217557
217855
218367
218709
218880
218881
218882
218883
218887
218888
218889
218890
218891
218892
218893
218894
218912
218913
218914
218916
218918
218919
218920
218922
218923
218925
218932
218933
218934
218935
218939
219012
219013
219014
219015
219024
219027
219033
219036
219037
219038
219039
219040
219043
219049
219052
219053
219054
219055
219088
219089
219090
219092
219094
219095
219096
219097
219098
219099
219101
219388
219391
219733
219904
219905
219906
219907
219911
219912
219913
219914
219915
219917
219918
219935
219936
219937
219938
219939
219940
219942
219943
219944
219945
219946
219947
219949
219956
219957
219958
220031
220032
220033
220034
220035
220036
220038
220039
220040
220041
220042
220043
220045
220060
220062
220063
220064
220065
220066
220067
220071
220072
220073
220074
220075
220076
220077
220078
220085
220116
220117
220118
294970
295111
295516
295518
295696
295699
295705
295841
295848
295850
295892
295894
295895
297283
297292
297294
297295
297317
297330
297338
297341
297407
298048
298050
298051
298057
298062
298086
298097
298104
298106
298107
298501
298515
298524
298526
298527
298540
298543
298628
298630
298631
298656
298658
298665
298666
298669
298677
298705
298711
298715
298832
298834
298835
298841
298844
298845
298846
304213
304384
304386
304387
304393
304396
304398
304399
304421
304432
304433
304434
304440
304441
304442
304445
304532
304534
304535
304577
304580
304583
304584
304587
304609
304616
304618
304619
304621
304628
304630
304892
304895
307456
307458
307459
307465
307468
307469
307470
307471
307492
307493
307494
307505
307506
307512
307514
307515
307517
307601
307604
307606
307607
307608
307611
307649
307652
307654
307655
307656
307659
307680
307681
307682
307688
307689
307690
307691
307693
307700
307701
307702
309269
309312
309314
309315
309320
309321
309322
309324
309325
309326
309327
309348
309349
309350
309351
309360
309361
309362
309367
309368
309370
309371
309373
309436
309439
309765
309776
309778
309779
309785
309788
309790
309791
309795
309804
309806
309807
309892
309894
309895
309899
309920
309921
309922
309923
309928
309929
309930
309931
309933
309934
309941
309942
309969
309972
309974
309975
309976
309978
309979
309981
310085
310096
310098
310099
310105
310108
310109
310110
310111
310127
310549
310592
310594
310595
310601
310602
310604
310605
310606
310607
310628
310629
310630
310631
310640
310641
310642
310644
310646
310647
310648
310649
310650
310651
310653
310707
310716
310718
310719
