65633
65643
65721
65843
65848
65849
65920
65921
65931
65939
65945
65966
66273
66283
66764
66766
66784
66785
66786
66795
67071
67072
67073
67074
67079
67083
67091
67097
67101
67116
67117
67118
67151
67169
67172
67174
67179
67189
67251
67255
67256
67257
67258
68403
68409
68481
68484
68486
68491
68499
68504
68505
68506
70448
70449
70450
70451
70454
70455
70456
70458
70459
70524
70526
70527
70530
70531
70535
70536
70537
70538
70556
70557
70558
70563
70568
70569
70570
70572
70573
70574
71676
71677
71678
71679
71680
71682
71683
71687
71688
71689
71690
71691
71692
71693
71708
71709
71710
71711
71712
71714
71715
71719
71720
71721
71722
71724
71725
71726
71759
71781
71792
71793
71794
71796
71797
71798
71799
71800
71802
71803
71823
71841
71844
71845
71846
71856
71857
71858
71860
71861
71862
71863
71866
71867
71996
71997
71998
71999
72068
72069
72080
72081
72082
72084
72085
72086
72087
72090
72091
72111
72133
72144
72145
72146
72148
72149
72150
72151
72155
72175
72386
72387
72391
72392
72393
72394
72397
72412
72413
72414
72415
72419
72423
72424
72425
72426
72428
72429
72430
77007
77025
77028
77029
77030
77041
77044
77045
77046
77051
77313
77316
77317
77318
77323
77328
77330
77331
77335
77336
77337
77338
77359
77385
77388
77389
77390
77407
77408
77410
77411
77415
77416
77418
77419
77491
77497
77500
77501
77502
77652
77653
159792
159794
159795
159800
159801
159802
159804
159805
159806
159807
159888
159889
159890
159892
159893
159894
159895
159896
159898
159899
159937
159940
159941
159942
159943
159947
159952
159954
159955
159960
159961
159964
159965
159966
159967
159971
159977
159980
159981
159982
159983
160273
160276
160277
160278
160279
160283
160323
160329
160332
160333
160334
160335
160353
160356
160357
160358
160359
160363
160368
160369
160372
160373
160374
160375
160378
160379
160435
160441
160444
160445
160446
160447
160577
160580
160581
160582
160583
160587
160595
160601
160604
160605
160606
160607
160611
160617
160620
160621
160622
160623
161792
161793
161796
161797
161798
161799
161803
161808
161810
161811
161815
161816
161817
161818
161819
161820
161821
161822
161836
161838
161839
161870
161871
161892
161893
161894
161904
161905
161906
161907
161908
161910
161911
161912
161914
161915
161935
161957
161968
161969
161970
161971
161974
161975
161976
161977
161978
161979
161981
162243
162249
162252
162253
162254
162255
162273
162276
162277
162278
162279
162283
162288
162289
162292
162293
162294
162295
162299
162354
162355
162360
162361
162362
162364
162365
162366
162367
162448
162449
162450
162452
162453
162454
162455
162456
162458
162459
162497
162500
162501
162502
162503
162507
162512
162514
162515
162520
162521
162522
162524
162525
162526
162537
162540
162541
162542
162543
163152
163153
163154
163156
163157
163158
163159
163163
217027
217033
217036
217037
217038
217039
217057
217060
217061
217062
217063
217067
217072
217073
217074
217076
217077
217078
217079
217080
217082
217083
222529
222532
222533
222534
222535
222544
222546
222547
222552
222553
222554
222556
222557
222558
222559
222563
222569
222572
222574
222575
225296
225297
225298
225300
225302
225303
225304
225306
225307
225356
225358
225359
225380
225381
225382
225392
225393
225394
225396
225398
225399
225400
225402
225403
225456
225458
225459
225464
225465
225466
225468
225469
225470
225740
225742
225743
225764
225765
225766
225776
225777
225778
225780
225782
225783
225784
225786
225787
225840
225842
225843
225848
225849
225850
225852
225853
225854
225936
225937
225938
225940
225942
225943
225944
225946
225947
225988
225989
225990
226000
226002
226003
226008
226009
226010
226012
226013
226014
226028
226030
226031
227264
227265
227266
227267
227271
227272
227273
227274
227275
227276
227277
227292
227294
227295
227296
227297
227298
227299
227303
227304
227305
227306
227307
227309
227388
227390
227391
227473
227476
227477
227478
227483
227520
227521
227522
227524
227525
227526
227527
227528
227530
227531
227539
227545
227548
227549
227550
227551
227555
227560
227561
227564
227565
227566
227567
227856
227857
227858
227860
227862
227863
227864
227866
227867
227907
227913
227916
227917
227918
227919
227937
227940
227941
227942
227943
227947
227952
227953
227954
227956
227957
227958
227959
227962
227963
228016
228018
228019
228024
228025
228026
228028
228029
228030
228031
228164
228165
228166
228176
228178
228179
228184
228185
228186
228188
228189
228190
228204
228206
228207
294958
294991
295098
295230
295313
295323
295376
295378
295387
295625
295647
295656
295658
296179
296184
296186
296512
296513
296514
296516
296518
296523
296531
296537
296541
296556
296558
296768
296769
296770
296774
296775
296779
296787
296793
296796
296797
296812
296813
296814
297743
297764
297765
297766
297780
297781
297852
297854
297869
297887
297890
297895
297896
297898
299971
299975
299976
299977
299978
299981
299996
299997
299998
299999
300003
300007
300008
300009
300010
300013
301136
301137
301140
301141
301142
301147
301312
301313
301314
301315
301319
301320
301321
301322
301323
301337
301340
301341
301342
301343
301347
301352
301353
301354
301356
301357
301358
301391
301412
301413
301424
301425
301426
301428
301429
301430
301431
301435
301477
301488
301489
301490
301492
301494
301495
301496
301498
301499
301820
301822
301823
302336
302337
302340
302341
302342
302347
302352
302353
302354
302355
302359
302360
302361
302362
302363
302365
302380
302382
302383
302412
302413
302414
302415
302432
302433
302434
302436
302437
302438
302439
302443
302449
302452
302453
302454
302459
302512
302514
302515
302519
302520
302521
302522
302524
302525
302526
306236
306238
306239
306320
306321
306322
306324
306325
306326
306327
306331
306372
306373
306384
306385
306386
306390
306391
306394
306395
306415
306672
306674
306675
306679
306680
306681
306682
306703
306721
306724
306725
306726
306737
306740
306741
306742
306812
306813
306814
306819
306825
306828
306829
306830
306847
306848
306850
306851
306855
306856
306857
306858
