49205
49364
49366
49680
49682
49829
49841
49847
49851
50000
50002
50008
50010
51264
51266
51267
51272
51273
51274
51277
51297
51303
51307
51317
51663
51685
51697
51707
51763
51769
51860
51862
51908
51910
51932
51934
51935
51939
51948
51950
52544
52546
52552
52554
52557
52577
52578
52583
52584
52586
52587
52597
57429
57600
57601
57602
57603
57607
57608
57609
57610
57611
57613
57632
57633
57634
57639
57640
57642
57643
57652
57653
57654
57729
57732
57734
57735
57739
57756
57758
57759
57760
57762
57763
57769
57772
57773
57774
57809
57812
57813
57814
57815
57819
58111
59187
59193
59196
59197
59198
59284
59286
59287
59329
59332
59334
59335
59339
59356
59359
59363
59369
59372
59373
59374
59596
59598
59599
59620
59621
59622
59633
59639
59640
59642
59643
59973
59984
59986
59987
59992
59993
59994
59997
60015
60165
60176
60178
60179
60184
60185
60186
60189
60207
60275
60281
60284
60285
60286
60287
60300
60302
60303
60324
60325
60326
60336
60337
60338
60343
60344
60346
60347
62549
62720
62721
62722
62723
62728
62729
62730
62731
62732
62733
62734
62752
62753
62754
62756
62758
62759
62760
62762
62763
62772
62773
62774
62849
62852
62853
62854
62855
62859
62867
62873
62876
62878
62879
62880
62882
62883
62889
62890
62892
62893
62894
62895
62929
62932
62933
62934
62935
62939
63231
131332
131333
131334
131344
131346
131347
131352
131353
131354
131356
131357
131358
131372
131374
131375
131440
131442
131443
131448
131449
131450
131452
131453
131454
131468
131470
131471
131492
131493
131494
131504
131505
131506
131508
131510
131511
131512
131514
131515
132336
132338
132339
132343
132344
132345
132346
132348
132349
132350
132677
132688
132689
132690
132691
132692
132694
132695
132696
132697
132698
132699
132719
132868
132869
132870
132880
132881
132882
132883
132887
132888
132889
132890
132891
132892
132893
132894
132908
132910
132911
132943
132965
132976
132977
132978
132979
132983
132984
132985
132986
132987
132988
132989
132990
133004
133006
133007
133028
133029
133030
133040
133041
133042
133043
133044
133046
133047
133048
133049
133050
133051
133053
133900
133902
133903
133924
133925
133926
133936
133937
133938
133940
133942
133943
133944
133946
133947
134020
134021
134022
134032
134034
134035
134040
134041
134042
134044
134045
134046
134060
134062
134063
134096
134097
134098
134100
134102
134103
134104
134106
134107
138447
138469
138480
138481
138482
138483
138487
138488
138489
138490
138491
138492
138493
138494
138832
138833
138834
138836
138838
138839
138840
138842
138843
139012
139013
139014
139024
139026
139027
139032
139033
139034
139036
139037
139038
139052
139054
139055
139120
139122
139123
139129
139132
139133
139134
139135
139139
139145
139148
139149
139150
139151
139169
139172
139173
139174
139175
139179
139184
139185
139186
139188
139190
139191
139192
139194
139195
140044
140046
140047
140068
140069
140070
140080
140081
140082
140083
140084
140086
140087
140088
140089
140090
140091
140093
140164
140165
140166
140176
140177
140178
140179
140183
140184
140185
140186
140187
140188
140189
140190
140204
140206
140207
140229
140240
140241
140242
140243
140244
140246
140247
140248
140249
140250
140251
140253
140271
141572
141573
141574
141584
141585
141586
141587
141591
141592
141593
141594
141595
141596
141597
141598
141612
141614
141615
141647
141669
141680
141681
141682
141683
141687
141688
141689
141690
141691
141692
141693
141694
141708
141710
141711
141732
141733
141734
141744
141745
141746
141747
141748
141750
141751
141752
141753
141754
141755
141757
142405
142416
142417
142418
142419
142420
142422
142423
142424
142425
142426
142427
142429
142447
142604
142606
142607
142628
142629
142630
142640
142641
142642
142643
142644
142646
142647
142648
142649
142650
142651
142653
142724
142725
142726
142736
142737
142738
142739
142743
142744
142745
142746
142747
142748
142749
142750
142764
142766
142767
142789
142800
142801
142802
142803
142804
142806
142807
142808
142809
142810
142811
142813
142831
143055
143077
143088
143089
143090
143091
143095
143096
143097
143098
143099
143100
143101
143102
218192
218193
218194
218196
218198
218199
218200
218202
218203
218380
218382
218383
218404
218405
218406
218416
218417
218418
218419
218420
218422
218423
218424
218425
218426
218427
218429
218501
218512
218513
218514
218515
218516
218519
218520
218521
218522
218523
218525
218526
218543
218564
218565
218566
218576
218578
218579
218585
218586
218588
218589
218590
218591
218592
218595
218601
218604
218606
218607
218831
218853
218864
218865
218866
218867
218872
218873
218874
218876
218877
218878
294974
295162
295165
295508
295510
295688
295691
295832
295835
295876
295878
295879
295905
295912
295914
295917
295926
297309
297989
298016
298018
298019
298025
298030
298037
298128
298131
298137
298140
298142
298143
298195
298204
298207
298223
298565
298592
298594
298595
298601
298604
298606
298607
298768
298770
298771
298777
298782
298884
298886
298887
298913
298914
298920
298922
298925
298933
298934
298961
298968
298970
298971
298973
304452
304455
304456
304459
304481
304487
304488
304490
304491
304493
304500
304502
304503
307220
307222
307223
307224
307227
307329
307336
307338
307339
307341
307364
307366
307367
307377
307384
307386
307387
307389
307412
307413
307414
307415
307776
307778
307779
307785
307786
307788
307789
307790
307791
307813
307814
307824
307825
307826
307827
307832
307833
307834
307837
307838
307989
308047
308080
308083
308089
308092
308094
308095
308096
308098
308099
308105
308108
308110
308111
308133
308144
308146
308147
308153
308156
308158
308159
308181
309525
309526
309616
309619
309628
309631
309632
309634
309635
309641
309644
309646
309647
309669
309680
309682
309683
309689
309692
309693
309694
309695
309717
310336
310337
310338
310339
310344
310345
310346
310347
310348
310349
310350
310351
310372
310373
310374
310375
310384
310385
310386
310387
310392
310393
310394
310395
310397
310398
310801
310804
310806
310807
310808
310810
310811
310813
310913
310914
310916
310919
310920
310922
310923
310925
310945
310948
310950
310951
310952
310955
310961
310964
310966
310967
310968
310970
310971
310973
310996
310997
310998
310999
311105
311108
311109
311110
311111
311112
311115
311136
311137
311138
311139
311143
311144
311145
311146
311147
311149
311150
311156
311157
311158
311159
