49175
49246
49251
49257
49340
49423
49445
49461
49523
49528
49530
49568
49570
49579
49906
50309
50320
50321
50322
50326
50331
50385
50388
50389
50390
50636
50637
50638
50655
50658
50659
50663
50664
50666
50739
50744
50745
50749
50815
50816
50818
50823
50827
50835
50840
50841
50842
50860
50862
52163
52167
52168
52170
52189
52204
52205
53491
53495
53496
53497
53498
53501
53761
53764
53765
53766
53776
53777
53778
53780
53781
53782
53783
53787
53807
53824
53826
53827
53831
53832
53833
53834
53835
53843
53848
53849
53850
53852
53853
53868
53869
53870
53948
53950
53951
54085
54096
54097
54098
54100
54101
54102
54107
55055
55072
55073
55076
55077
55078
55083
55088
55089
55090
55092
55093
55094
55099
55155
55160
55161
55162
55164
55165
55166
55171
55176
55177
55180
55181
55182
55183
55196
55198
55199
55200
55201
55202
55203
55204
55206
55207
55208
55209
55210
55211
55525
55536
55537
55538
55539
55540
55541
55542
55543
55544
55546
55547
55807
55808
55809
55810
55811
55812
55813
55814
55815
55816
55818
55819
55826
55827
55831
55832
55833
55834
55837
55852
55853
55854
55855
55875
55880
55881
55884
55885
55886
55900
55901
55902
55903
55904
55906
55907
55911
55912
55913
55914
55915
55987
55992
55993
55994
55996
55997
55998
61196
61197
61198
61215
61216
61217
61218
61219
61222
61223
61224
61226
61227
61296
61297
61298
61300
61301
61302
61307
61348
61349
61360
61361
61364
61365
61366
61371
144190
144191
144276
144277
144320
144321
144322
144323
144326
144327
144328
144329
144330
144331
144333
144350
144351
144352
144353
144354
144355
144359
144360
144361
144362
144363
144364
144365
144373
145684
145685
145686
145728
145729
145730
145731
145735
145736
145737
145738
145739
145740
145741
145759
145760
145761
145762
145763
145766
145767
145768
145769
145770
145771
145773
145780
145781
145854
145855
146453
146496
146497
146498
146499
146500
146502
146503
146504
146505
146506
146507
146509
146524
146526
146527
146528
146529
146530
146531
146535
146536
146537
146538
146539
146540
146541
146542
146549
146623
146739
146745
146748
146749
146750
146751
146821
146832
146833
146834
146836
146837
146838
146839
146840
146842
146843
146881
146884
146885
146886
146891
146896
146897
146898
146899
146900
146902
146903
146904
146905
146906
146907
146909
146924
146926
146927
147138
147139
147144
147145
147146
147148
147149
147150
147151
147168
147169
147170
147172
147173
147174
147175
147176
147178
147179
147185
147188
147189
147190
199743
199829
199872
199873
199874
199875
199879
199880
199881
199882
199883
199884
199885
199886
199903
199904
199905
199906
199907
199908
199910
199911
199912
199913
199914
199915
199917
199924
199925
199926
200213
200256
200257
200258
200259
200260
200262
200263
200264
200265
200266
200267
200269
200284
200286
200287
200288
200289
200290
200291
200295
200296
200297
200298
200299
200300
200301
200302
200309
200383
200468
200469
200470
200512
200513
200514
200515
200519
200520
200521
200522
200523
200524
200525
200526
200544
200545
200546
200547
200548
200550
200551
200552
200554
200555
200557
200564
200565
200566
200636
200638
200639
205888
205889
205890
205892
205894
205895
205896
205898
205899
205916
205918
205919
205920
205922
205923
205928
205929
205930
205932
205933
205934
206140
206142
206143
206228
206229
206230
206272
206273
206274
206276
206278
206279
206280
206282
206283
206300
206302
206303
206304
206306
206307
206312
206313
206314
206316
206317
206318
206528
206530
206531
206536
206537
206538
206540
206541
206542
206560
206561
206562
206564
206566
206567
206568
206570
206571
206580
206581
206582
209169
209172
209173
209174
209175
209216
209218
209219
209224
209225
209226
209228
209229
209230
209231
209248
209249
209250
209252
209254
209255
209256
209258
209259
209268
209269
209270
209337
209340
209342
209343
210112
210114
210115
210119
210120
210121
210122
210123
210124
210125
210126
210143
210144
210145
210146
210147
210148
210150
210151
210152
210153
210154
210155
210157
210164
210165
210166
210452
210453
210454
210496
210497
210498
210499
210503
210504
210505
210506
210507
210509
210526
210527
210528
210529
210530
210531
210535
210536
210537
210538
210539
210541
210549
210620
210622
210623
210709
210752
210753
210754
210756
210758
210759
210760
210762
210763
210771
210777
210780
210781
210782
210783
210786
210787
210792
210793
210794
210796
210797
210798
210879
211772
211774
211775
211860
211861
211862
211904
211905
211906
211908
211910
211911
211912
211914
211915
211932
211934
211935
211936
211938
211939
211944
211945
211946
211948
211949
211950
278556
278642
278705
278984
278986
279007
279011
279017
279103
279189
279236
279238
279257
280323
280329
280333
280351
280352
280354
280359
280360
280362
280435
280441
280444
280445
280446
280460
280461
280462
280480
280481
280484
280486
280487
280491
280501
280828
280830
281169
281172
281174
281179
281349
281362
281368
281370
281391
281423
281444
281446
281460
281461
281523
281529
285705
285708
285709
285710
285711
285728
285729
285730
285732
285734
285735
285738
285739
285748
285749
285750
285820
285821
285822
285823
285827
285832
285833
285834
285836
285837
285838
285855
285856
285857
285858
285859
285863
285864
285865
285866
285867
285877
286156
286158
286159
286177
286180
286181
286182
286187
286192
286193
286194
286196
286197
286198
286199
286203
286256
286258
286259
286263
286264
286265
286266
286268
286269
286337
286340
286341
286342
286352
286353
286354
286355
286359
286360
286361
286362
286363
286365
286380
286382
286383
286416
286417
286418
286420
286421
286422
286423
286427
287731
287736
287737
287740
287741
287742
289093
289104
289105
289106
289110
289111
289112
289114
289115
289135
289797
289808
289809
289810
289812
289814
289815
289818
289819
289859
289865
289868
289869
289870
289887
289888
289889
289890
289894
289895
289896
289898
289899
289909
289977
289980
289981
289982
290105
290108
290109
290110
290192
290193
290194
290198
290199
290203
290245
290256
290257
290258
290263
290266
290267
290505
290508
290509
290510
290528
290529
290530
290534
290535
290538
290539
290549
