16509
16548
16550
16847
16869
16884
16886
16947
16953
17040
17042
17111
18233
18236
18237
18238
18320
18321
18327
18331
18373
18384
18386
18391
18392
18394
18415
18636
18638
18657
18660
18662
18667
18677
19008
19010
19016
19018
19039
19043
19048
19049
19265
19271
19275
19292
19294
19309
23756
23758
23759
23777
23780
23781
23782
23787
23793
23796
23797
23798
23799
23803
24085
24128
24129
24130
24132
24134
24135
24136
24138
24139
24153
24156
24157
24158
24159
24163
24168
24169
24170
24172
24173
24174
24255
24340
24341
24342
24384
24385
24386
24387
24391
24392
24393
24394
24395
24397
24412
24414
24415
24416
24417
24418
24419
24423
24424
24425
24426
24427
24429
24511
25392
25394
25395
25400
25401
25402
25404
25405
25406
25477
25488
25489
25490
25491
25495
25496
25497
25498
25499
25519
25541
25552
25553
25554
25556
25558
25559
25560
25562
25563
26709
26880
26882
26883
26887
26888
26889
26890
26891
26908
26910
26911
26912
26914
26915
26920
26921
26922
26925
26995
27001
27004
27005
27006
27020
27021
27022
27023
27041
27044
27045
27046
27047
27051
27060
27061
27062
27391
27904
27905
27906
27908
27910
27911
27915
27932
27933
27934
27939
27945
27948
27949
27950
28018
28019
28024
28025
28026
28029
28047
28068
28069
28070
28081
28084
28086
28087
28091
99267
99273
99276
99277
99278
99279
99297
99300
99301
99302
99303
99307
99313
99316
99317
99318
99319
99323
100673
100676
100677
100678
100679
100683
100691
100697
100700
100701
100702
100703
100707
100713
100716
100717
100718
100719
101393
101396
101397
101398
101399
101403
101443
101449
101452
101453
101454
101455
101473
101476
101477
101478
101479
101483
101488
101489
101492
101493
101494
101495
101498
101499
101555
101561
101564
101565
101566
101567
101827
101833
101836
101837
101838
101839
101857
101860
101861
101862
101863
101867
101872
101873
101874
101876
101877
101878
101879
101880
101882
101883
101936
101938
101939
101944
101945
101946
101948
101949
101950
101951
102032
102033
102034
102036
102037
102038
102039
102040
102042
102043
102081
102084
102085
102086
102087
102091
102096
102098
102099
102104
102105
102106
102108
102109
102110
102111
102115
102121
102124
102125
102126
102127
106817
106820
106821
106822
106823
106827
106832
106834
106835
106840
106841
106842
106844
106845
106846
106847
106851
106857
106860
106861
106862
106863
107568
107570
107571
107576
107577
107578
107580
107581
107582
107664
107665
107666
107668
107670
107671
107672
107674
107675
107716
107717
107718
107728
107730
107731
107736
107737
107738
107740
107741
107742
107743
107756
107758
107759
108048
108049
108050
108052
108053
108054
108055
108056
108058
108059
108099
108105
108108
108110
108111
108129
108132
108133
108134
108135
108144
108145
108146
108148
108150
108151
108152
108154
108155
108208
108210
108211
108216
108217
108218
108220
108221
108222
108223
108353
108356
108357
108358
108359
108363
108368
108370
108371
108376
108377
108378
108380
108381
108382
108383
108387
108393
108396
108397
108398
108399
109516
109518
109519
109537
109540
109541
109542
109543
109552
109553
109554
109556
109558
109559
109560
109562
109563
111632
111633
111634
111636
111637
111638
111639
111640
111642
111643
111683
111689
111692
111693
111694
111695
111713
111716
111717
111718
111719
111723
111728
111729
111730
111732
111733
111734
111735
111736
111738
111739
111792
111794
111795
111800
111801
111802
111804
111805
111806
111807
112064
112066
112067
112072
112073
112074
112076
112077
112078
112096
112097
112098
112100
112102
112103
112104
112106
112107
112116
112117
112118
112179
112185
112188
112189
112190
112191
112273
112276
112277
112278
112279
112283
112320
112321
112324
112325
112326
112327
112331
112339
112345
112348
112349
112350
112351
112355
112361
112364
112365
112366
112367
179251
179257
179260
179261
179262
179263
179345
179348
179349
179350
179351
179355
179393
179396
179397
179398
179399
179403
179410
179411
179416
179417
179420
179421
179422
179423
179427
179433
179436
179437
179438
179439
179713
179716
179717
179718
179728
179729
179730
179731
179732
179734
179735
179736
179737
179738
179739
179741
179758
179759
179785
179788
179789
179790
179791
179809
179812
179813
179814
179815
179819
179824
179825
179826
179828
179829
179830
179831
179832
179834
179835
179888
179890
179891
179895
179896
179897
179898
179900
179901
179902
180036
180037
180048
180049
180050
180052
180053
180054
180055
180056
180058
180059
180079
245778
245831
245849
245868
246028
246029
246046
246051
246056
246058
246095
246112
246113
246116
246118
246123
246194
246832
246833
246834
246836
246838
246843
246899
246903
246904
246905
246906
246924
246926
246943
246946
246951
246954
247100
247101
247102
247167
247168
247169
247170
247172
247174
247179
247187
247191
247192
247193
247194
247214
247215
247491
247496
247497
247498
247516
247517
247529
247532
247533
248804
248805
248821
250048
250049
250050
250052
250053
250054
250059
250064
250066
250067
250070
250071
250072
250073
250074
250075
250094
250095
250316
250317
250318
250332
250333
250334
250335
250338
250339
250343
250344
250345
250346
250419
250423
250424
250425
250426
250428
250429
250492
250493
250494
250499
250503
250504
250505
250506
250515
250520
250521
250522
250524
250525
250526
250537
250540
250541
250542
251087
251105
251108
251109
251120
251121
251122
251124
251125
251126
251127
251131
251388
251389
251390
251391
251392
251394
251395
251399
251400
251401
251402
251403
251404
251405
251411
251416
251417
251418
251420
251421
251422
251427
251431
251432
251433
251434
251436
251437
251438
251468
251469
251470
251471
251486
251487
251488
251489
251490
251491
251492
251493
251494
251495
251496
251497
251498
251499
251568
251570
251571
251574
251575
251576
251577
251578
251579
251581
252687
252704
252705
252708
252709
252710
252715
252720
252721
252722
252724
252725
252726
252731
252784
252785
252786
252787
252788
252789
252790
252791
252792
252794
252795
252814
252815
252831
252832
252833
252834
252836
252837
252838
252839
252843
252853
257855
257925
257936
257937
257940
257941
257942
257947
257988
257989
258000
258001
258002
258004
258005
258006
258011
