65543
65566
65656
65658
65701
65987
65993
66016
66018
66024
66026
66196
66198
66259
67340
67342
67361
67364
67366
67371
67380
67381
67455
67459
67464
67465
67466
67487
67490
67491
67496
67497
67498
67827
67833
67837
68176
68178
68183
68186
68368
68369
68375
68379
68428
68430
68449
68459
68540
68541
68542
72741
72752
72753
72754
72755
72759
72760
72761
72762
72763
72832
72833
72834
72836
72837
72838
72839
72843
72851
72856
72857
72858
72860
72861
72862
72876
72877
72878
72879
72913
72916
72917
72918
73203
73208
73209
73210
73212
73213
73214
73215
73219
73225
73228
73229
73230
73231
73248
73249
73250
73252
73253
73254
73255
73259
73265
73268
73269
73270
73275
73340
73342
73343
73344
73346
73347
73351
73352
73353
73354
73355
73357
73372
73374
73375
73376
73378
73379
73383
73384
73385
73386
73387
73389
74703
74724
74725
74736
74737
74738
74740
74742
74743
74746
74747
76053
76096
76097
76098
76100
76102
76103
76104
76106
76107
76115
76121
76124
76125
76126
76131
76137
76140
76141
76142
76821
76864
76865
76866
76871
76872
76874
76875
76892
76893
76894
76899
76905
76908
76909
76910
76991
77104
77106
77107
77111
77112
77114
77185
77188
77189
77190
77203
77208
77209
77210
77213
77228
77230
77231
77268
77269
77270
77519
77540
77541
77552
77553
77554
77556
77558
77559
77563
150543
150565
150576
150577
150578
150579
150583
150584
150585
150586
150587
150588
150589
150590
150661
150672
150673
150674
150675
150676
150678
150679
150680
150682
150683
150685
150724
150725
150726
150736
150738
150739
150744
150745
150746
150748
150749
150750
150764
150766
150767
151056
151057
151058
151060
151062
151063
151064
151066
151067
151116
151118
151119
151140
151141
151142
151152
151153
151154
151156
151158
151159
151160
151162
151163
151216
151218
151219
151224
151225
151226
151228
151229
151230
151364
151365
151366
151376
151378
151379
151384
151385
151386
151388
151389
151390
151391
151401
151404
151406
151407
156688
156689
156690
156692
156693
156694
156695
156696
156698
156699
156739
156745
156748
156749
156750
156751
156769
156772
156773
156774
156775
156779
156784
156785
156786
156788
156789
156790
156791
156792
156794
156795
156848
156850
156851
156856
156857
156858
156860
156861
156862
156863
157123
157129
157132
157133
157134
157135
157153
157156
157157
157158
157159
157163
157168
157169
157170
157172
157173
157174
157175
157176
157178
157179
157232
157234
157235
157240
157241
157242
157244
157245
157246
157247
157328
157329
157330
157332
157333
157334
157335
157336
157338
157339
157377
157380
157381
157382
157383
157387
157392
157394
157395
157400
157401
157402
157404
157405
157406
157407
157411
157417
157420
157421
157422
157423
160065
160068
160069
160070
160071
160075
160080
160082
160083
160088
160089
160090
160092
160093
160094
160095
160099
160105
160108
160109
160110
160111
160816
160818
160819
160824
160825
160826
160828
160829
160830
160831
160912
160913
160914
160916
160917
160918
160919
160920
160922
160923
160961
160964
160965
160966
160976
160978
160979
160984
160985
160986
160988
160989
160990
161004
161006
161007
161284
161285
161286
161296
161297
161298
161299
161303
161304
161305
161306
161307
161309
161324
161326
161327
161356
161358
161359
161380
161381
161382
161392
161393
161394
161395
161396
161398
161399
161400
161401
161402
161403
161405
161423
161445
161456
161457
161458
161459
161463
161464
161465
161466
161467
161469
161605
161616
161617
161618
161620
161622
161623
161624
161626
161627
161647
162755
162761
162764
162765
162766
162767
162785
162788
162789
162790
162791
162795
162800
162801
162802
162804
162805
162806
162807
162808
162810
162811
226252
226254
226255
226276
226277
226278
226288
226289
226290
226291
226292
226294
226295
226296
226297
226298
226299
226301
227652
227653
227654
227664
227665
227666
227667
227671
227672
227673
227674
227675
227676
227677
227678
227692
227694
227695
228357
228368
228369
228370
228371
228372
228374
228375
228376
228377
228378
228379
228381
228399
228428
228430
228431
228452
228453
228454
228464
228465
228466
228468
228470
228471
228472
228474
228475
228517
228528
228530
228531
228535
228536
228537
228538
228539
228540
228541
228542
228800
228802
228803
228807
228808
228809
228810
228812
228813
228814
228828
228830
228831
228832
228833
228834
228835
228838
228839
228840
228841
228842
228843
228845
228921
228924
228925
228926
228927
229008
229009
229012
229013
229014
229015
229019
229056
229057
229060
229061
229062
229063
229067
229072
229074
229075
229080
229081
229082
229084
229085
229086
229087
229091
229097
229100
229101
229102
229103
294985
295004
295102
295201
295204
295206
295282
295287
295311
295329
295332
295333
295334
295671
295996
295997
295998
296064
296065
296066
296068
296070
296075
296083
296087
296088
296090
296111
296387
296391
296392
296393
296394
296409
296412
296413
296414
296425
296428
296429
296508
296510
296577
296580
296581
296582
296592
296593
296594
296598
296599
296603
296623
296661
297929
297948
297950
297955
297960
297961
299248
299249
299250
299252
299253
299254
299259
299516
299517
299518
299519
299520
299522
299523
299527
299528
299529
299530
299531
299539
299544
299545
299546
299548
299549
299561
299564
299565
299566
299596
299597
299598
299614
299615
299616
299618
299619
299622
299623
299624
299625
299626
299627
299699
299703
299704
299705
299706
299709
300803
300807
300808
300809
300810
300812
300813
300814
300825
300828
300829
300830
300831
300834
300835
300839
300840
300841
300842
300844
300845
300878
300879
300896
300897
300900
300901
300902
300907
300912
300913
300914
300916
300917
300918
300919
300923
300965
300976
300977
300978
300979
300980
300981
300982
300983
300984
300985
300986
300987
301305
301308
301309
301310
301584
301585
301588
301589
301590
301595
301632
301633
301634
301636
301637
301638
301639
301642
301643
301648
301649
301650
301651
301654
301655
301656
301657
301658
301659
301676
301677
301678
301679
301759
301845
301888
301889
301890
301892
301893
301894
301899
301904
301905
301906
301908
301909
301910
301911
301914
301915
301935
306959
306980
306981
306992
306993
306996
306997
306998
307003
307059
307063
307064
307065
307066
307084
307086
307087
307103
307104
307105
307106
307110
307111
307115
