16444
16585
16590
16613
17201
17210
17213
17300
17302
17345
17352
17354
17355
17357
17380
17383
17400
17403
18775
19496
19499
19508
19511
19601
19608
19610
19611
19652
19654
19655
19681
19688
19690
19691
19693
19700
19702
19703
20049
20058
20061
20230
20258
20265
20266
20269
20270
20277
20368
20370
20371
20377
20380
20382
20421
20448
20450
20451
20457
20460
20462
20463
20469
25936
25938
25939
25945
25948
25950
25951
28677
28688
28691
28700
28703
28704
28707
28713
28716
28718
28719
28805
28816
28819
28828
28831
28832
28834
28835
28841
28844
28846
28847
28880
28882
28883
28889
28892
28894
28895
29253
29280
29282
29283
29289
29292
29294
29295
29301
29456
29458
29459
29465
29466
29468
29469
29470
29471
29572
29573
29574
29575
29600
29601
29602
29603
29608
29609
29610
29612
29613
29614
29615
29621
29622
29648
29649
29650
29656
29657
29658
29659
29661
29662
31044
31046
31047
31073
31074
31080
31081
31082
31083
31085
31086
31092
31093
31094
31095
31761
31768
31770
31771
31773
31873
31876
31878
31879
31880
31882
31883
31905
31908
31911
31912
31914
31915
31917
31924
31926
31927
31928
31931
31953
31956
31958
31959
31960
31962
31963
31965
32321
32324
32326
32327
32328
32330
32331
32333
32353
32356
32358
32359
32360
32362
32363
32365
32369
32372
32374
32375
32376
32378
32379
32381
32532
32534
32535
32536
32539
32640
32641
32642
32643
32648
32649
32650
32651
32652
32653
32654
32655
32676
32677
32678
32679
32689
32690
32692
32695
32696
32697
32698
32699
32701
32702
32724
32725
32726
32727
103685
103696
103697
103698
103699
103703
103704
103705
103706
103707
103709
103710
103724
103727
103759
103792
103794
103795
103801
103802
103804
103805
103806
103807
103808
103811
103817
103820
103821
103822
103823
103844
103845
103846
103856
103857
103858
103859
103860
103862
103863
103864
103865
103866
103867
103869
180293
180304
180305
180306
180307
180311
180312
180313
180314
180315
180317
180335
180495
180517
180528
180529
180530
180531
180535
180536
180537
180538
180539
180541
180613
180624
180625
180626
180627
180631
180632
180633
180634
180635
180637
180655
180677
180688
180689
180690
180691
180695
180696
180697
180698
180699
180701
180719
180943
180965
180976
180977
180978
180979
180983
180984
180985
180986
180987
180989
182028
182030
182031
182052
182053
182054
182064
182065
182066
182067
182068
182070
182071
182072
182073
182074
182075
182077
182148
182149
182150
182160
182161
182162
182163
182167
182168
182169
182170
182171
182172
182173
182174
182188
182190
182191
182213
182224
182225
182226
182227
182228
182230
182231
182232
182233
182234
182235
182237
182255
182479
182501
182512
182513
182514
182515
182519
182520
182521
182522
182523
182525
182526
182853
182864
182865
182866
182867
182871
182872
182873
182874
182875
182877
182895
183045
183056
183057
183058
183059
183063
183064
183065
183066
183067
183069
183087
183119
183141
183152
183153
183154
183155
183159
183160
183161
183162
183163
183165
183183
183205
183216
183217
183218
183219
183223
183224
183225
183226
183227
183229
188175
188197
188208
188209
188210
188211
188215
188216
188217
188218
188219
188221
188293
188304
188305
188306
188307
188311
188312
188313
188314
188315
188317
188335
188357
188368
188369
188370
188371
188375
188376
188377
188378
188379
188380
188381
188382
188396
188399
188623
188645
188656
188657
188658
188659
188663
188664
188665
188666
188667
188669
188997
189008
189009
189010
189011
189012
189015
189016
189017
189018
189019
189021
189039
189188
189189
189190
189200
189201
189202
189203
189207
189208
189209
189210
189211
189212
189213
189214
189228
189230
189231
189263
189285
189296
189297
189298
189299
189303
189304
189305
189306
189307
189308
189309
189310
189324
189326
189327
189348
189349
189350
189360
189361
189362
189363
189364
189366
189367
189368
189369
189370
189371
189373
190533
190544
190545
190546
190547
190548
190550
190551
190552
190553
190554
190555
190557
190575
190732
190734
190735
190756
190757
190758
190768
190769
190770
190771
190772
190774
190775
190776
190777
190778
190779
190781
190852
190853
190854
190864
190865
190866
190867
190871
190872
190873
190874
190875
190876
190877
190878
190892
190894
190895
190917
190928
190929
190930
190931
190932
190934
190935
190936
190937
190938
190939
190941
190959
191183
191205
191216
191217
191218
191219
191223
191224
191225
191226
191227
191228
191229
191230
191748
191749
191750
191760
191761
191762
191763
191767
191768
191769
191770
191771
191772
191773
191774
191788
191790
191791
191823
191845
191856
191857
191858
191859
191863
191864
191865
191866
191867
191868
191869
191870
191884
191886
191887
191908
191909
191910
191920
191921
191922
191923
191924
191926
191927
191928
191929
191930
191931
191933
262279
262313
262317
262684
262686
262820
262822
262836
262838
262999
263003
264209
264215
264219
264271
264293
264304
264305
264306
264312
264314
264315
264371
264377
264381
264691
264697
264701
264719
264741
264753
264763
264848
264850
264856
264858
264912
264914
264920
264922
265541
265542
265555
265561
265564
265565
265566
265580
265582
265583
270404
270405
270406
270416
270418
270419
270425
270428
270429
270430
270431
270435
270441
270444
270446
270447
270643
270649
270652
270654
270655
270740
270741
270742
270785
270788
270790
270791
270792
270794
270795
270812
270814
270815
270816
270818
270819
270824
270825
270826
270828
270829
270830
271043
271049
271052
271053
271054
271055
271073
271076
271077
271078
271079
271083
271089
271092
271093
271094
271095
271099
272323
272329
272332
272334
272356
272358
272372
272374
272375
272444
272446
272447
272532
272533
272534
272577
272580
272582
272583
272587
272607
272608
272610
272611
272617
272620
272621
272622
272917
272960
272962
272963
272968
272969
272970
272973
272992
272993
272994
272999
273000
273002
273003
273013
273087
273173
273216
273218
273219
273224
273225
273226
273229
273248
273249
273250
273255
273256
273258
273259
273269
273343
275728
275729
275730
275732
275734
275735
275736
275738
275739
275788
275790
275791
275812
275813
275814
275824
275825
275826
275828
275830
275831
275832
275833
275834
275835
275837
275888
275890
275891
275896
275897
275898
275900
275901
275902
