4
67
74
109
270
295
357
373
432
433
438
443
761
1079
1082
1148
1149
1150
1161
1165
1180
1181
1182
1187
1192
1193
1343
1413
1424
1425
1426
1428
1429
1430
1435
1488
1489
1492
1493
1494
1499
1728
1730
1734
1735
1739
1747
1751
1752
1753
1754
1774
3023
3040
3041
3042
3046
3051
4291
4295
4296
4297
4298
4301
4316
4317
4318
4323
4328
4329
4330
4332
4333
4559
4576
4577
4580
4581
4582
4587
4592
4593
4594
4596
4597
4598
4603
4645
4656
4657
4658
4660
4661
4662
4667
4723
4727
4728
4729
4730
4748
4749
4750
4751
4767
4768
4769
4770
4771
4772
4774
4775
4776
4778
4779
5363
5368
5369
5370
5372
5373
5374
5633
5636
5637
5638
5648
5649
5650
5652
5653
5654
5655
5659
5679
5696
5697
5698
5699
5700
5702
5703
5704
5705
5706
5707
5714
5715
5719
5720
5721
5722
5724
5725
5740
5741
5742
5743
5820
5822
5823
5953
5956
5957
5958
5968
5969
5970
5972
5973
5974
5975
5978
5979
5999
6915
6920
6921
6922
6924
6925
6926
6940
6941
6942
6943
6946
6947
6951
6952
6953
6954
6957
6988
6990
6991
7007
7008
7009
7010
7012
7013
7014
7015
7019
7088
7089
7090
7091
7092
7094
7095
7096
7097
7098
7099
12092
12093
12094
12159
12160
12161
12162
12164
12166
12167
12171
12178
12179
12183
12184
12185
12186
12206
12207
97283
97289
97292
97293
97294
97295
97313
97316
97317
97318
97319
97323
97328
97329
97330
97332
97333
97334
97335
97336
97338
97339
97409
97412
97413
97414
97415
97419
97424
97426
97427
97432
97433
97434
97436
97437
97438
97439
97443
97449
97452
97453
97454
97455
97488
97489
97492
97493
97494
97495
97498
97499
97788
97789
97790
97791
97792
97794
97795
97799
97800
97801
97802
97803
97804
97805
97806
97820
97822
97823
97824
97825
97826
97827
97831
97832
97833
97834
97835
97836
97837
97845
97907
97913
97916
97917
97918
97919
97923
97928
97929
97932
97933
97934
97935
97952
97953
97954
97956
97957
97958
97959
97960
97962
97963
97969
97972
97973
97974
97979
230384
230386
230387
230392
230393
230394
230396
230397
230398
230399
231760
231761
231762
231764
231765
231766
231767
231768
231770
231771
232449
232452
232453
232454
232455
232459
232464
232466
232467
232472
232473
232474
232476
232477
232478
232479
232483
232489
232492
232493
232494
232495
232562
232563
232568
232569
232572
232573
232574
232575
232579
232585
232588
232589
232590
232591
232609
232612
232613
232614
232615
232619
232624
232625
232626
232628
232629
232630
232631
232632
232634
232635
232947
232953
232956
232957
232958
232959
232963
232969
232972
232973
232974
232975
232993
232996
232997
232998
232999
233003
233009
233012
233013
233014
233015
233019
233089
233092
233093
233094
233095
233099
233107
233113
233116
233117
233118
233119
233123
233129
233132
233133
233134
233135
233169
233172
233173
233174
233175
233179
237905
237908
237909
237910
237911
237915
238592
238594
238595
238600
238601
238602
238604
238605
238606
238607
238624
238625
238626
238628
238629
238630
238631
238632
238634
238635
238641
238644
238645
238646
238647
238651
238720
238721
238722
238724
238725
238726
238727
238728
238730
238731
238739
238745
238748
238749
238750
238751
238752
238754
238755
238760
238761
238762
238764
238765
238766
238767
238801
238804
238805
238806
238807
238811
239105
239108
239109
239110
239111
239114
239115
239123
239129
239132
239133
239134
239135
239136
239138
239139
239144
239145
239148
239149
239150
239151
239219
239225
239228
239229
239230
239231
239232
239234
239235
239240
239241
239242
239244
239245
239246
239247
239264
239265
239266
239268
239269
239270
239271
239272
239274
239275
239281
239284
239285
239286
239287
239291
239441
239444
239445
239446
239447
239451
240627
240633
240636
240637
240638
240639
242688
242689
242690
242692
242693
242694
242695
242696
242698
242699
242707
242713
242716
242717
242718
242719
242722
242723
242728
242729
242732
242733
242734
242735
242803
242809
242812
242813
242814
242815
242819
242825
242828
242829
242830
242831
242849
242852
242853
242854
242855
242859
242865
242868
242869
242870
242871
242875
243151
243173
243184
243185
243186
243187
243191
243192
243193
243194
243195
243197
243212
243214
243215
243236
243237
243238
243248
243249
243250
243252
243254
243255
243256
243258
243259
243329
243332
243333
243334
243335
243339
243344
243346
243347
243352
243353
243354
243356
243357
243358
243369
243372
243373
243374
243375
243408
243409
243410
243412
243413
243414
243415
243416
243418
243419
311411
311417
311476
311756
311758
311780
311782
311797
311869
311959
311963
312016
312018
313136
313138
313139
313144
313146
313220
313221
313234
313235
313240
313241
313242
313263
313297
313300
313302
313307
313551
313573
313585
313588
313590
313591
313595
313921
313927
313931
313948
313950
313964
313965
313966
314133
314176
314178
314184
314186
314207
314211
314216
314217
314303
318656
318657
318658
318659
318663
318664
318665
318666
318667
318669
318684
318686
318687
318688
318690
318691
318695
318696
318697
318698
318701
318981
318992
318993
318994
318996
318998
318999
319000
319002
319003
319043
319049
319052
319053
319054
319055
319072
319073
319074
319076
319077
319078
319079
319083
319089
319092
319093
319094
319155
319160
319161
319164
319165
319166
319300
319301
319302
319312
319313
319314
319315
319319
319320
319321
319322
319323
319325
319340
319342
319343
320319
320404
320405
320406
320448
320449
320450
320452
320454
320455
320459
320467
320473
320476
320477
320478
320483
320489
320492
320493
320494
320495
321793
321796
321797
321798
321811
321816
321817
321818
321821
321836
321838
321839
321871
321893
321904
321905
321906
321908
321910
321911
321912
321914
321915
321968
321969
321970
321971
321975
321976
321977
321978
321979
322641
322644
322645
322646
322651
322819
322824
322825
322826
322829
322847
322848
322849
322850
322855
322856
322858
322859
322940
322942
322947
322953
322956
322957
322958
322976
322977
322978
322983
322986
322987
322997
323324
323326
323327
