29
44
101
116
118
404
406
453
471
472
474
495
707
712
739
745
1273
1276
1277
1605
1616
1618
1623
1624
1626
1647
1809
1812
1813
1814
1819
1859
1864
1865
1866
1886
1887
1891
1896
1897
1898
1982
1983
2828
2830
2848
2849
2850
2855
2859
2937
2941
2956
2958
2976
2977
2987
5068
5070
5071
5088
5089
5090
5092
5093
5094
5099
5108
5109
5110
6404
6405
6406
6416
6417
6418
6419
6420
6422
6423
6424
6426
6427
6447
6467
6472
6473
6476
6477
6478
6495
6496
6497
6498
6499
6502
6503
6504
6505
6506
6507
6579
6585
6588
6589
6590
7237
7248
7249
7250
7252
7253
7254
7255
7259
7426
7427
7431
7432
7433
7434
7436
7437
7438
7452
7454
7455
7456
7457
7458
7459
7463
7464
7465
7466
7467
7469
7536
7538
7539
7543
7544
7545
7546
7548
7549
7550
7564
7565
7566
7567
7584
7585
7586
7588
7589
7590
7591
7595
7601
7604
7605
7606
7611
7932
7933
7934
7935
11312
11314
11315
11319
11320
11321
11322
11325
11392
11393
11394
11396
11397
11398
11399
11403
11411
11416
11417
11418
11421
11436
11438
11439
11476
11477
11727
11748
11749
11761
11764
11765
11766
11771
11824
11826
11831
11832
11834
11835
11903
11904
11905
11906
11910
11911
11912
11914
11915
11923
11929
11932
11933
11934
11948
11949
11950
85817
85820
85822
85823
85908
85909
85910
85952
85953
85954
85956
85958
85959
85960
85962
85963
85980
85982
85983
85984
85986
85987
85992
85993
85994
85996
85997
85998
91412
91413
91414
91456
91458
91459
91464
91465
91466
91467
91468
91469
91470
91488
91489
91490
91492
91494
91495
91496
91498
91499
91501
91508
91509
91510
91580
91582
91583
94229
94272
94273
94274
94275
94276
94278
94279
94280
94281
94282
94283
94285
94300
94302
94303
94304
94305
94306
94307
94311
94312
94313
94314
94315
94316
94317
94318
94325
94399
94524
94526
94527
94612
94613
94614
94656
94657
94658
94659
94660
94662
94663
94664
94665
94666
94667
94669
94684
94686
94687
94688
94689
94690
94691
94695
94696
94697
94698
94699
94700
94701
94702
94709
94783
94869
94912
94913
94914
94915
94919
94920
94921
94922
94923
94924
94925
94926
94943
94944
94945
94946
94947
94948
94950
94951
94952
94953
94954
94955
94957
94964
94965
94966
96051
96056
96057
96058
96060
96061
96062
96063
96133
96144
96145
96146
96148
96149
96150
96151
96152
96154
96155
96175
96196
96197
96198
96208
96209
96210
96211
96215
96216
96217
96218
96219
96221
96236
96238
96239
96451
96457
96460
96461
96462
96463
96480
96481
96482
96484
96485
96486
96487
96490
96491
96497
96500
96501
96502
96503
96507
96789
96832
96833
96834
96836
96838
96839
96840
96842
96843
96857
96860
96861
96862
96863
96864
96866
96867
96872
96873
96874
96876
96877
96878
97044
97045
97046
97088
97089
97090
97091
97095
97096
97097
97098
97099
97100
97101
97102
97119
97120
97121
97122
97123
97124
97126
97127
97128
97129
97130
97131
97133
97140
97141
97142
97212
97214
97215
241856
241858
241859
241864
241865
241866
241868
241869
241870
241871
241888
241889
241890
241892
241894
241895
241896
241898
241899
241905
241908
241909
241910
241911
241915
242240
242241
242242
242244
242245
242246
242247
242248
242250
242251
242259
242265
242268
242269
242270
242271
242272
242274
242275
242280
242281
242282
242284
242285
242286
242287
242449
242452
242453
242454
242455
242459
242496
242498
242499
242504
242505
242506
242508
242509
242510
242511
242528
242529
242530
242532
242533
242534
242535
242536
242538
242539
242545
242548
242549
242550
242551
242555
242611
242617
242620
242621
242622
242623
243729
243732
243733
243734
243776
243777
243778
243779
243783
243784
243785
243786
243787
243788
243789
243804
243806
243807
243808
243809
243810
243811
243815
243816
243817
243818
243819
243820
243821
243829
243900
243902
243903
244025
244028
244030
244031
244113
244116
244117
244118
244119
244123
244160
244161
244162
244164
244165
244166
244167
244168
244170
244171
244179
244185
244188
244189
244190
244191
244192
244194
244195
244200
244201
244202
244204
244205
244206
244207
244416
244418
244419
244424
244425
244426
244428
244429
244430
244447
244448
244449
244450
244451
244452
244454
244455
244456
244458
244459
244468
244469
244470
245013
245056
245057
245058
245060
245061
245062
245063
245064
245066
245067
245075
245080
245081
245082
245084
245085
245086
245091
245097
245100
245101
245102
245103
311315
311374
311392
311394
311610
311679
311682
311687
311709
311724
311725
312015
312036
312038
312521
312525
312543
312547
312551
312552
312553
312554
312828
312829
312830
312835
312840
312841
312842
312845
312860
312862
312867
312872
312873
312874
312933
312944
312945
312948
312950
312955
313008
313009
313010
313012
313014
313019
314172
314173
314174
314245
314256
314258
314263
314287
314324
314325
316174
316175
316192
316193
316194
316196
316197
316198
316203
316212
316213
316274
316275
316279
316280
316281
316282
316285
316300
316301
316302
316303
316319
316320
316321
316322
316324
316325
316326
316327
316331
316341
317413
317424
317425
317426
317427
317428
317430
317431
317432
317433
317434
317435
317454
317455
317473
317476
317477
317478
317483
317488
317489
317490
317492
317493
317494
317495
317499
317555
317561
317564
317565
317566
317567
317571
317576
317577
317578
317580
317581
317582
317596
317597
317598
317599
317600
317602
317603
317607
317608
317609
317610
317611
317613
317888
317889
317890
317891
317892
317894
317895
317896
317897
317898
317899
317907
317912
317913
317914
317916
317917
317918
317929
317932
317933
317934
318015
318096
318097
318100
318101
318102
318107
318144
318145
318148
318149
318150
318155
318160
318161
318162
318163
318164
318166
318167
318168
318169
318170
318171
318191
322800
322802
322803
322807
322808
322809
322810
323089
323092
323093
323094
323099
323136
323138
323139
323143
323144
323146
323147
323155
323161
323164
323165
323166
323177
323180
323181
323182
323263
323396
323397
323408
323409
323410
323414
323415
323419
323439
