5
27
83
88
110
284
285
297
351
354
435
439
442
765
1060
1061
1077
1136
1138
1142
1147
1167
1184
1185
1188
1189
1190
1195
1331
1335
1336
1337
1338
1404
1405
1406
1411
1415
1416
1417
1418
1436
1437
1449
1452
1453
1740
1741
1742
1758
1759
1763
1767
1768
1770
3056
3057
3058
3060
3062
3067
4159
4224
4225
4226
4228
4229
4230
4235
4240
4241
4242
4244
4245
4246
4251
4271
4305
4308
4309
4544
4545
4546
4547
4548
4550
4551
4552
4553
4554
4555
4562
4563
4567
4568
4569
4570
4588
4589
4590
4591
4670
4671
4735
4736
4737
4738
4740
4741
4742
4747
4752
4753
4754
4756
4757
4758
4759
4763
4783
4820
4821
5324
5325
5326
5340
5341
5342
5343
5344
5346
5347
5350
5351
5352
5353
5354
5355
5604
5605
5616
5617
5618
5619
5620
5621
5622
5623
5624
5625
5626
5627
5646
5647
5663
5664
5665
5666
5668
5669
5670
5675
5680
5681
5682
5684
5685
5686
5691
5744
5745
5746
5747
5748
5749
5750
5751
5752
5753
5754
5755
5774
5775
5791
5792
5793
5794
5796
5797
5798
5799
5802
5803
5809
5812
5813
6963
6967
6968
6969
6970
6972
6973
7033
7036
7037
7038
7043
7047
7048
7049
7050
7052
7053
7059
7064
7065
7066
7068
7069
7070
7075
7080
7081
7082
7084
7085
7086
12224
12225
12226
12227
12230
12231
12234
12235
12243
12247
12248
12249
12250
12268
12270
12271
97472
97474
97475
97480
97481
97482
97484
97485
97486
97487
97504
97505
97506
97508
97509
97510
97511
97512
97514
97515
97521
97524
97525
97526
97527
97531
97813
97856
97857
97858
97859
97860
97862
97863
97864
97866
97867
97881
97884
97885
97886
97887
97888
97890
97891
97896
97897
97898
97900
97901
97902
97983
98068
98069
98070
98112
98113
98114
98115
98118
98119
98120
98121
98122
98123
98125
98131
98137
98140
98141
98142
98143
98146
98147
98151
98152
98153
98154
98156
98157
98158
98238
98239
230195
230201
230204
230205
230206
230207
230289
230292
230293
230294
230295
230299
230336
230337
230338
230340
230341
230342
230343
230344
230346
230347
230355
230361
230364
230365
230366
230367
230368
230370
230371
230376
230377
230378
230380
230381
230382
230383
231697
231700
231701
231702
231703
231707
231744
231746
231747
231752
231753
231754
231756
231757
231758
231759
231776
231777
231778
231780
231781
231782
231783
231784
231786
231787
231793
231796
231797
231798
231799
231803
231859
231865
231868
231869
231870
231871
232512
232513
232514
232516
232517
232518
232519
232520
232522
232523
232531
232537
232540
232542
232543
232544
232546
232547
232552
232553
232554
232556
232557
232558
232559
232764
232766
232767
232852
232853
232854
232896
232897
232898
232900
232902
232903
232904
232906
232907
232924
232926
232927
232928
232930
232931
232936
232937
232938
232940
232941
232942
233152
233154
233155
233160
233161
233162
233164
233165
233166
233184
233185
233186
233188
233190
233191
233192
233194
233195
233204
233205
233206
233207
237844
237845
237846
237888
237890
237891
237896
237897
237898
237900
237901
237902
237920
237921
237922
237924
237926
237927
237928
237930
237931
237940
237941
237942
238012
238014
238015
238655
238741
238784
238785
238786
238787
238791
238792
238793
238794
238795
238796
238797
238798
238816
238817
238818
238819
238820
238822
238823
238824
238825
238826
238827
238829
238836
238837
238838
239168
239169
239170
239172
239174
239175
239176
239178
239179
239181
239196
239198
239199
239200
239202
239203
239208
239209
239210
239211
239212
239213
239214
239221
239380
239381
239382
239424
239426
239427
239432
239433
239434
239436
239437
239438
239456
239457
239458
239460
239462
239463
239464
239466
239467
239476
239477
239478
239548
239550
239551
240444
240446
240447
240532
240533
240534
240576
240577
240578
240579
240580
240582
240583
240584
240585
240586
240587
240589
240604
240606
240607
240608
240610
240611
240616
240617
240618
240619
240620
240621
240622
240629
242752
242753
242754
242756
242758
242759
242760
242762
242763
242780
242782
242783
242784
242786
242787
242792
242793
242794
242796
242797
242798
242995
243001
243004
243005
243006
243007
243089
243092
243093
243094
243095
243099
243137
243140
243141
243142
243143
243147
243155
243160
243161
243162
243164
243165
243166
243167
243171
243177
243180
243181
243182
243183
243394
243395
243400
243401
243402
243404
243405
243406
243407
243424
243425
243426
243428
243429
243430
243431
243432
243434
243435
243441
243444
243445
243446
243447
243451
311331
311337
311436
311438
311793
311799
311803
311864
311866
311941
311960
311962
312017
312027
313151
313236
313237
313238
313281
313284
313286
313291
313299
313305
313308
313309
313310
313324
313326
313539
313545
313549
313568
313570
313575
313576
313578
313876
313877
313878
313923
313929
313933
313952
313954
313959
313962
313963
314047
314180
314182
314205
314220
314222
318704
318706
318707
318712
318713
318714
318716
318717
318718
319045
319056
319057
319058
319059
319060
319062
319063
319064
319066
319067
319087
319237
319248
319249
319250
319251
319255
319256
319257
319258
319259
319261
319279
319308
319310
319311
319332
319333
319334
319344
319345
319346
319348
319349
319350
319351
319352
319354
319355
319408
319410
319411
319415
319416
319417
319418
319420
319421
319422
320268
320270
320271
320289
320292
320293
320294
320295
320299
320305
320308
320309
320310
320311
320315
320384
320385
320386
320388
320390
320391
320392
320394
320395
320412
320413
320414
320415
320419
320424
320425
320426
320428
320429
320430
320469
321616
321617
321618
321620
321622
321623
321627
321804
321805
321806
321825
321828
321830
321831
321835
321844
321845
321846
321919
321920
321921
321922
321923
321927
321928
321929
321930
321931
321948
321950
321951
321952
321954
321955
321960
321961
321962
321965
322291
322297
322300
322301
322302
322821
322832
322834
322835
322840
322841
322842
322863
322895
322917
322928
322929
322934
322935
322939
322992
322994
322995
323000
323001
323002
