49293
49319
49323
49657
49661
49716
49718
49820
49822
49836
49838
51150
51151
51172
51173
51174
51185
51188
51190
51191
51195
51251
51257
51261
51345
51351
51355
51397
51408
51410
51411
51416
51417
51418
51439
51717
51731
51737
51759
51824
51826
51832
51834
51888
51890
51896
51898
52049
52055
52059
57136
57138
57139
57144
57145
57146
57148
57149
57150
57232
57233
57234
57236
57238
57239
57240
57242
57243
57284
57285
57286
57296
57298
57299
57303
57304
57305
57306
57307
57308
57309
57310
57324
57326
57327
57548
57550
57551
57569
57572
57573
57574
57579
57584
57585
57586
57588
57589
57590
57591
57595
57921
57924
57925
57926
57927
57931
57939
57945
57948
57949
57950
57951
57955
57961
57964
57965
57966
57967
58129
58132
58133
58134
58139
58179
58184
58185
58186
58188
58189
58190
58208
58209
58210
58212
58214
58215
58216
58218
58219
58228
58229
58230
58300
58302
58303
59412
59413
59414
59459
59465
59468
59469
59470
59488
59489
59490
59492
59494
59495
59499
59509
59580
59582
59583
59711
59797
59840
59841
59842
59847
59848
59850
59851
59871
59872
59874
59875
59880
59881
59882
59885
59967
60053
60096
60097
60098
60103
60104
60106
60107
60127
60128
60130
60131
60136
60137
60138
60141
60737
60740
60742
60747
60764
60765
60766
60780
60782
131279
131301
131312
131313
131314
131315
131319
131320
131321
131322
131323
131325
131653
131664
131665
131666
131667
131671
131672
131673
131674
131675
131677
131695
131845
131856
131857
131858
131859
131863
131864
131865
131866
131867
131869
131887
131919
131941
131952
131953
131954
131955
131959
131960
131961
131962
131963
131965
131983
132005
132016
132017
132018
132019
132023
132024
132025
132026
132027
132029
133189
133200
133201
133202
133203
133206
133207
133208
133209
133210
133211
133213
133231
133391
133413
133424
133425
133426
133427
133431
133432
133433
133434
133435
133437
133509
133520
133521
133522
133523
133527
133528
133529
133530
133531
133533
133551
133573
133584
133585
133586
133587
133591
133592
133593
133594
133595
133597
133615
133839
133861
133872
133873
133874
133875
133879
133880
133881
133882
133883
133885
134404
134405
134406
134416
134417
134418
134419
134423
134424
134425
134426
134427
134428
134429
134430
134444
134446
134447
134479
134501
134512
134513
134514
134515
134519
134520
134521
134522
134523
134524
134525
134526
134540
134542
134543
134564
134565
134566
134576
134577
134578
134579
134580
134582
134583
134584
134585
134586
134587
134589
139333
139344
139345
139346
139347
139351
139352
139353
139354
139355
139357
139375
139532
139534
139535
139556
139557
139558
139568
139569
139570
139571
139572
139574
139575
139576
139577
139578
139579
139581
139652
139653
139654
139664
139665
139666
139667
139671
139672
139673
139674
139675
139676
139677
139678
139692
139694
139695
139717
139728
139729
139730
139731
139732
139734
139735
139736
139737
139738
139739
139741
139759
139983
140005
140016
140017
140018
140019
140023
140024
140025
140026
140027
140028
140029
141068
141070
141071
141092
141093
141094
141104
141105
141106
141107
141108
141110
141111
141112
141113
141114
141115
141117
141188
141189
141190
141200
141201
141202
141203
141207
141208
141209
141210
141211
141212
141213
141214
141228
141230
141231
141253
141264
141265
141266
141267
141268
141270
141271
141272
141273
141274
141275
141277
141295
141519
141541
141552
141553
141554
141555
141559
141560
141561
141562
141563
141564
141565
141566
141893
141904
141905
141906
141907
141908
141910
141911
141912
141913
141914
141915
141917
141935
142084
142085
142086
142096
142097
142098
142099
142103
142104
142105
142106
142107
142108
142109
142110
142124
142126
142127
142159
142181
142192
142193
142194
142195
142199
142200
142201
142202
142203
142204
142205
142206
142220
142222
142223
142244
142245
142246
142256
142257
142258
142259
142260
142262
142263
142264
142265
142266
142267
142269
144645
144656
144657
144658
144659
144663
144664
144665
144666
144667
144669
144687
144719
144740
144741
144752
144753
144754
144755
144756
144758
144759
144760
144761
144762
144763
144765
144783
144805
144816
144817
144818
144819
144823
144824
144825
144826
144827
144829
212751
212772
212773
212784
212785
212786
212787
212790
212791
212792
212793
212794
212795
212797
212864
212865
212868
212869
212870
212871
212875
212880
212881
212882
212883
212887
212888
212889
212890
212891
212892
212893
212894
212908
212910
212911
212933
212944
212945
212946
212948
212949
212950
212951
212954
212955
278548
278598
278603
278639
278803
278807
278810
278851
278855
278856
278857
278858
278872
278873
278892
278893
278972
278974
279580
279581
279592
279593
279628
279629
279630
279644
279645
279646
279651
279655
279656
279657
279658
279731
279736
279737
279738
279822
279839
279842
279846
279847
279850
279851
279887
279903
279904
279905
279906
279908
279909
279910
279915
279984
279985
279986
279988
279990
279995
280307
280311
280314
281597
282639
282656
282657
282660
282661
282662
282667
282672
282673
282676
282677
282736
282737
282738
282740
282741
282742
282747
282767
282784
282785
282786
282788
282789
282790
282795
282800
282801
282804
282805
282928
282929
282930
282932
282933
282934
282935
282938
282939
282992
282994
282995
282998
282999
283000
283001
283002
283003
283020
283021
283022
283023
283038
283039
283040
283041
283042
283043
283044
283045
283046
283047
283048
283050
283051
283343
283359
283360
283361
283362
283364
283365
283366
283371
283699
283703
283704
283705
283706
283763
283767
283768
283769
283770
283772
283773
283774
283779
283784
283785
283786
283788
283789
283790
283800
283801
283804
283805
283806
283811
283815
283816
283817
283818
283820
283821
283960
283961
283964
283965
283966
284028
284029
284030
284031
284032
284033
284034
284035
284036
284037
284038
284039
284040
284041
284042
284043
284050
284051
284054
284055
284056
284057
284058
284059
284060
284061
284076
284077
284078
284079
284355
284359
284360
284361
284362
284364
284365
284366
284371
284375
284376
284377
284378
284380
284381
284382
284387
284391
284392
284393
284394
284396
284397
284398
285644
285645
285646
285660
285661
285662
285663
285666
285667
285670
285671
285672
285673
285674
285675
290800
290801
290802
290804
290805
290806
290811
