16660
16661
16704
16705
16708
16709
16720
16721
16724
16725
17408
17409
17412
17413
17424
17425
17428
17429
17430
17435
17472
17473
17474
17476
17477
17478
17483
17488
17489
17490
17492
17493
17494
17499
17519
17599
17664
17665
17666
17668
17669
17670
17675
17680
17681
17682
17684
17685
17686
17691
17711
17728
17729
17730
17732
17733
17734
17739
17744
17745
17746
17748
17749
17750
17755
17775
17855
18175
20480
20481
20482
20484
20485
20486
20491
20496
20497
20498
20500
20501
20502
20507
20527
20544
20545
20546
20548
20549
20550
20555
20560
20561
20562
20564
20565
20566
20571
20591
20671
20736
20737
20738
20740
20741
20742
20747
20752
20753
20754
20756
20757
20758
20759
20762
20763
20783
20800
20801
20802
20803
20804
20805
20806
20807
20810
20811
20816
20817
20818
20819
20820
20821
20822
20823
20826
20827
20846
20847
20926
20927
21247
21504
21505
21506
21507
21508
21509
21510
21511
21514
21515
21520
21521
21522
21523
21524
21525
21526
21527
21530
21531
21550
21551
21568
21569
21570
21571
21572
21573
21574
21575
21576
21577
21578
21579
21584
21585
21586
21587
21588
21589
21590
21591
21592
21593
21594
21595
21612
21613
21614
21615
21692
21694
21695
21760
21761
21762
21763
21764
21765
21766
21767
21768
21769
21770
21771
21776
21777
21778
21779
21780
21781
21782
21783
21784
21785
21786
21787
21804
21805
21806
21807
21824
21825
21826
21827
21828
21829
21830
21831
21832
21833
21834
21835
21840
21841
21842
21843
21844
21845
21846
21847
21848
21849
21850
21851
21868
21869
21870
21871
21948
21949
21950
21951
22268
22269
22270
22271
23550
23551
28671
114675
114680
114681
114684
114685
114686
114687
163843
163848
163849
163850
163852
163853
163854
163855
163872
163873
163874
163876
163877
163878
163879
163883
163889
163892
163893
163894
163895
163899
163969
163972
163973
163974
163975
163976
163978
163979
163987
163993
163996
163997
163998
163999
164003
164009
164012
164013
164014
164015
164049
164052
164053
164054
164055
164059
164352
164353
164354
164356
164357
164358
164359
164363
164371
164377
164380
164381
164382
164383
164387
164392
164393
164394
164396
164397
164398
164399
164467
164473
164476
164477
164478
164479
164483
164488
164489
164490
164492
164493
164494
164495
164512
164513
164514
164516
164517
164518
164519
164523
164529
164532
164533
164534
164535
164539
164689
164692
164693
164694
164695
164699
165888
165889
165890
165892
165893
165894
165895
165899
165907
165913
165916
165917
165918
165919
165920
165922
165923
165928
165929
165930
165932
165933
165934
165935
166003
166009
166012
166013
166014
166015
166016
166018
166019
166024
166025
166026
166028
166029
166030
166031
166049
166052
166053
166054
166055
166056
166058
166059
166065
166068
166069
166070
166071
166075
166387
166393
166396
166397
166398
166399
166400
166402
166403
166408
166409
166410
166412
166413
166414
166415
166432
166433
166434
166436
166437
166438
166439
166440
166442
166443
166449
166452
166453
166454
166455
166459
166528
166529
166530
166532
166533
166534
166535
166536
166538
166539
166547
166553
166556
166557
166558
166559
166563
166568
166569
166570
166572
166573
166574
166575
166609
166612
166613
166614
166615
166619
167249
167252
167253
167254
167255
167259
172032
172033
172034
172036
172037
172038
172039
172043
172051
172057
172060
172061
172062
172063
172067
172072
172073
172074
172076
172077
172078
172079
172147
172153
172156
172157
172158
172159
172160
172162
172163
172169
172172
172173
172174
172175
172192
172193
172194
172196
172197
172198
172199
172203
172209
172212
172213
172214
172215
172219
172531
172537
172540
172541
172542
172543
172544
172546
172547
172553
172556
172557
172558
172559
172577
172580
172581
172582
172583
172584
172586
172587
172593
172596
172597
172598
172599
172603
172672
172673
172674
172676
172677
172678
172679
172680
172682
172683
172691
172697
172700
172701
172702
172703
172704
172706
172707
172712
172713
172714
172716
172717
172718
172719
172753
172756
172757
172758
172759
172763
174067
174073
174076
174077
174078
174079
174080
174082
174083
174088
174089
174090
174092
174093
174094
174095
174112
174113
174114
174116
174117
174118
174119
174120
174122
174123
174129
174132
174133
174134
174135
174139
174208
174209
174210
174212
174213
174214
174215
174216
174218
174219
174227
174233
174236
174237
174238
174239
174240
174242
174243
174248
174249
174250
174252
174253
174254
174255
174289
174292
174293
174294
174295
174299
174592
174593
174594
174596
174597
174598
174599
174603
174611
174617
174620
174621
174622
174623
174624
174626
174627
174632
174633
174634
174636
174637
174638
174639
174707
174713
174716
174717
174718
174719
174723
174729
174732
174733
174734
174735
174752
174753
174754
174756
174757
174758
174759
174760
174762
174763
174769
174772
174773
174774
174775
174779
174929
174932
174933
174934
174935
174939
177489
177492
177493
177494
177495
177499
245792
245794
245888
245890
245920
245922
246400
246402
246440
246442
247807
247808
247810
247811
247816
247817
247818
247821
247841
247847
247848
247850
247851
247861
247937
247943
247944
247946
247947
247967
247968
247970
247971
247976
247977
247978
247981
248021
248328
248330
248351
248352
248354
248360
248362
248447
248451
248456
248457
248458
248461
248480
248481
248482
248487
248491
248501
253939
253945
253948
253949
253950
253951
253952
253954
253955
253961
253964
253965
253966
253967
253984
253985
253986
253988
253989
253990
253991
253992
253994
253995
254001
254004
254005
254006
254007
254011
254081
254084
254085
254086
254087
254091
254099
254105
254108
254109
254110
254111
254112
254114
254115
254121
254124
254125
254126
254127
254164
254165
254166
254465
254468
254470
254471
254475
254492
254494
254495
254499
254504
254505
254506
254508
254509
254510
254588
254590
254591
254595
254601
254604
254605
254606
254624
254625
254626
254628
254630
254631
254635
254644
254645
254646
254804
254805
254806
256000
256001
256002
256007
256011
256031
256032
256034
256035
256040
256041
256042
256045
256124
256126
256127
256128
256130
256131
256137
256141
256161
256167
256168
256170
256171
256181
256508
256510
256511
256512
256514
256515
256520
256521
256522
256524
256525
256526
256544
256545
256548
256550
256551
256552
256554
256555
256564
256565
256566
256641
256644
256646
256647
256648
256650
256651
256668
256670
256671
256672
256674
256675
256680
256681
256682
256684
256685
256686
256724
256725
256726
257365
