66047
66051
66057
66061
66081
66087
66091
66101
66207
66211
66217
66221
67571
67577
67580
67581
67582
67596
67598
67599
67620
67621
67622
67636
67638
67716
67718
67740
67742
67756
67758
67796
67798
68097
68103
68107
68131
68137
68141
68220
68222
68236
68238
68260
68262
68276
68278
68437
73676
73678
73679
73700
73701
73702
73712
73713
73714
73716
73718
73719
73720
73722
73723
73776
73778
73779
73784
73785
73786
73788
73789
73790
73872
73873
73874
73876
73878
73879
73880
73882
73883
73924
73925
73926
73936
73937
73938
73939
73943
73944
73945
73946
73947
73949
73964
73966
73967
74245
74256
74257
74258
74259
74263
74264
74265
74266
74267
74269
74287
74319
74341
74352
74353
74354
74355
74359
74360
74361
74362
74363
74365
74383
74405
74416
74417
74418
74419
74423
74424
74425
74426
74427
74429
74565
74576
74577
74578
74579
74583
74584
74585
74586
74587
74589
74607
75780
75781
75782
75795
75801
75804
75805
75806
75820
75822
75823
75891
75896
75897
75898
75901
75916
75918
75919
75940
75941
75942
75953
75956
75958
75959
75963
76272
76274
76275
76280
76281
76282
76285
76303
76325
76336
76337
76338
76343
76344
76346
76347
76421
76432
76434
76435
76440
76441
76442
76445
76463
76496
76497
76498
76503
76504
76506
76507
77137
77140
77142
77143
77147
147504
147506
147507
147512
147513
147514
147516
147517
147518
147600
147601
147602
147604
147606
147607
147608
147610
147611
147652
147653
147654
147664
147666
147667
147672
147673
147674
147676
147677
147678
147692
147694
147695
147984
147985
147986
147988
147990
147991
147992
147994
147995
148044
148046
148047
148068
148069
148070
148080
148081
148082
148084
148086
148087
148088
148090
148091
148144
148146
148147
148152
148153
148154
148156
148157
148158
148292
148293
148294
148304
148306
148307
148312
148313
148314
148316
148317
148318
148332
148334
148335
149520
149521
149522
149524
149525
149526
149527
149528
149530
149531
149571
149577
149580
149581
149582
149583
149601
149604
149605
149606
149607
149616
149617
149618
149620
149622
149623
149624
149626
149627
149680
149682
149683
149688
149689
149690
149692
149693
149694
149695
149964
149966
149967
149988
149989
149990
150000
150001
150002
150004
150006
150007
150008
150010
150011
150064
150066
150067
150072
150073
150074
150076
150077
150078
150160
150161
150162
150164
150166
150167
150168
150170
150171
150212
150213
150214
150224
150226
150227
150232
150233
150234
150236
150237
150238
150252
150254
150255
150849
150852
150853
150854
150855
150859
150864
150866
150867
150872
150873
150874
150876
150877
150878
150879
150883
150889
150892
150893
150894
150895
155664
155665
155666
155668
155670
155671
155672
155674
155675
155724
155726
155727
155748
155749
155750
155760
155761
155762
155764
155766
155767
155768
155770
155771
155824
155826
155827
155832
155833
155834
155836
155837
155838
156099
156105
156108
156109
156110
156111
156129
156132
156133
156134
156135
156139
156144
156145
156146
156148
156149
156150
156151
156152
156154
156155
156208
156210
156211
156216
156217
156218
156220
156221
156222
156223
156304
156305
156306
156308
156309
156310
156311
156312
156314
156315
156353
156356
156357
156358
156359
156363
156368
156370
156371
156376
156377
156378
156380
156381
156382
156387
156393
156396
156397
156398
156399
157635
157641
157644
157645
157646
157647
157665
157668
157669
157670
157671
157675
157680
157681
157682
157684
157685
157686
157687
157688
157690
157691
157744
157746
157747
157752
157753
157754
157756
157757
157758
157759
157840
157841
157842
157844
157845
157846
157847
157848
157850
157851
157889
157892
157893
157894
157895
157899
157904
157906
157907
157912
157913
157914
157916
157917
157918
157919
157923
157929
157932
157933
157934
157935
158224
158225
158226
158228
158229
158230
158231
158232
158234
158235
158275
158281
158284
158285
158286
158287
158305
158308
158309
158310
158311
158315
158320
158321
158322
158324
158325
158326
158327
158328
158330
158331
158384
158386
158387
158392
158393
158394
158396
158397
158398
158399
158529
158532
158533
158534
158535
158539
158544
158546
158547
158552
158553
158554
158556
158557
158558
158559
158563
158569
158572
158573
158574
158575
161092
161093
161094
161104
161106
161107
161112
161113
161114
161116
161117
161118
161132
161134
161135
229321
229324
229325
229326
229327
229344
229345
229348
229349
229350
229351
229355
229360
229361
229362
229364
229365
229366
229367
229370
229371
294981
294992
294993
294996
294997
295168
295169
295172
295173
295174
295184
295185
295186
295190
295195
295215
295234
295238
295243
295250
295254
295259
295279
295359
295938
295942
295947
295954
295983
296003
296007
296010
296019
296023
296026
296046
296195
296199
296200
296201
296202
296211
296215
296216
296217
296218
296236
296237
296238
296259
296263
296264
296265
296266
296275
296279
296280
296281
296282
296300
296301
296302
296380
296381
296382
296702
297983
299011
299015
299016
299017
299018
299027
299031
299032
299033
299034
299052
299053
299054
299075
299079
299080
299081
299082
299084
299085
299091
299095
299096
299097
299098
299100
299101
299112
299113
299116
299117
299118
299193
299196
299197
299198
299267
299271
299272
299273
299274
299276
299277
299278
299283
299288
299289
299292
299293
299294
299299
299303
299304
299305
299306
299308
299309
299310
299336
299337
299340
299341
299342
299352
299353
299356
299357
299358
299363
299367
299368
299369
299370
299372
299373
299443
299447
299448
299449
299450
299452
299453
299768
299769
299772
299773
299774
300040
300041
300044
300045
300046
300056
300057
300060
300061
300062
300067
300071
300072
300073
300074
300076
300077
300108
300109
300110
300124
300125
300126
300127
300130
300131
300135
300136
300137
300138
300211
300215
300216
300217
300218
300221
300300
300301
300302
300303
300316
300317
300318
300319
300320
300321
300322
300323
300326
300327
300328
300329
300330
300331
300364
300365
300366
300367
300380
300381
300382
300383
300384
300385
300386
300387
300388
300389
300390
300391
300392
300393
300394
300395
300464
300465
300466
300467
300468
300469
300470
300471
300472
300473
300474
300475
300786
300787
300790
300791
300792
300793
300794
300795
302067
302071
302072
302073
302074
302076
302077
307196
307197
307198
