49198
49231
49338
49470
49553
49563
49616
49618
49627
49865
49887
49896
49898
50419
50424
50426
50752
50753
50754
50756
50758
50763
50771
50777
50781
50796
50798
51008
51009
51010
51014
51015
51019
51027
51033
51036
51037
51052
51053
51054
51983
52004
52005
52006
52020
52021
52092
52094
52109
52127
52130
52135
52136
52138
54211
54215
54216
54217
54218
54221
54236
54237
54238
54239
54243
54247
54248
54249
54250
54253
55376
55377
55380
55381
55382
55387
55552
55553
55554
55555
55559
55560
55561
55562
55563
55577
55580
55581
55582
55583
55587
55592
55593
55594
55596
55597
55598
55631
55652
55653
55664
55665
55666
55668
55669
55670
55671
55675
55717
55728
55729
55730
55732
55734
55735
55736
55738
55739
56060
56062
56063
56576
56577
56580
56581
56582
56587
56592
56593
56594
56595
56599
56600
56601
56602
56603
56605
56620
56622
56623
56652
56653
56654
56655
56672
56673
56674
56676
56677
56678
56679
56683
56689
56692
56693
56694
56699
56752
56754
56755
56759
56760
56761
56762
56764
56765
56766
60476
60478
60479
60560
60561
60562
60564
60565
60566
60567
60571
60612
60613
60624
60625
60626
60630
60631
60634
60635
60655
60912
60914
60915
60919
60920
60921
60922
60943
60961
60964
60965
60966
60977
60980
60981
60982
61052
61053
61054
61059
61065
61068
61069
61070
61087
61088
61090
61091
61095
61096
61097
61098
135107
135113
135116
135117
135118
135119
135137
135140
135141
135142
135143
135147
135152
135153
135154
135156
135157
135158
135159
135160
135162
135163
140609
140612
140613
140614
140615
140624
140626
140627
140632
140633
140634
140636
140637
140638
140639
140643
140649
140652
140654
140655
143376
143377
143378
143380
143382
143383
143384
143386
143387
143436
143438
143439
143460
143461
143462
143472
143473
143474
143476
143478
143479
143480
143482
143483
143536
143538
143539
143544
143545
143546
143548
143549
143550
143820
143822
143823
143844
143845
143846
143856
143857
143858
143860
143862
143863
143864
143866
143867
143920
143922
143923
143928
143929
143930
143932
143933
143934
144016
144017
144018
144020
144022
144023
144024
144026
144027
144068
144069
144070
144080
144082
144083
144088
144089
144090
144092
144093
144094
144108
144110
144111
145344
145345
145346
145347
145351
145352
145353
145354
145355
145356
145357
145372
145374
145375
145376
145377
145378
145379
145383
145384
145385
145386
145387
145389
145468
145470
145471
145553
145556
145557
145558
145563
145600
145601
145602
145604
145605
145606
145607
145608
145610
145611
145619
145625
145628
145629
145630
145631
145635
145640
145641
145644
145645
145646
145647
145936
145937
145938
145940
145942
145943
145944
145946
145947
145987
145993
145996
145997
145998
145999
146017
146020
146021
146022
146023
146027
146032
146033
146034
146036
146037
146038
146039
146042
146043
146096
146098
146099
146104
146105
146106
146108
146109
146110
146111
146244
146245
146246
146256
146258
146259
146264
146265
146266
146268
146269
146270
146284
146286
146287
208944
208946
208947
208952
208953
208954
208956
208957
208958
208959
209040
209041
209042
209044
209045
209046
209047
209048
209050
209051
209089
209092
209093
209094
209095
209099
209104
209106
209107
209112
209113
209116
209117
209118
209119
209123
209129
209132
209133
209134
209135
209425
209428
209429
209430
209431
209435
209475
209481
209484
209485
209486
209487
209505
209508
209509
209510
209511
209515
209520
209521
209524
209525
209526
209527
209530
209531
209587
209593
209596
209597
209598
209599
209729
209732
209733
209734
209735
209739
209747
209753
209756
209757
209758
209759
209763
209769
209772
209773
209774
209775
210944
210945
210948
210949
210950
210951
210955
210960
210962
210963
210967
210968
210969
210970
210971
210972
210973
210974
210988
210990
210991
211022
211023
211044
211045
211046
211056
211057
211058
211059
211060
211062
211063
211064
211066
211067
211087
211109
211120
211121
211122
211123
211126
211127
211128
211129
211130
211131
211133
211395
211401
211404
211405
211406
211407
211425
211428
211429
211430
211431
211435
211440
211441
211444
211445
211446
211447
211451
211506
211507
211512
211513
211514
211516
211517
211518
211519
211600
211601
211602
211604
211605
211606
211607
211608
211610
211611
211649
211652
211653
211654
211655
211659
211664
211666
211667
211672
211673
211674
211676
211677
211678
211689
211692
211693
211694
211695
212304
212305
212306
212308
212309
212310
212311
212315
278625
278635
278713
278835
278840
278841
278912
278913
278923
278931
278937
278958
279265
279275
279756
279758
279776
279777
279778
279787
280063
280064
280065
280066
280071
280075
280083
280089
280093
280108
280109
280110
280143
280161
280164
280166
280171
280181
280243
280247
280248
280249
280250
281395
281401
281473
281476
281478
281483
281491
281496
281497
281498
283440
283441
283442
283443
283446
283447
283448
283450
283451
283516
283518
283519
283522
283523
283527
283528
283529
283530
283548
283549
283550
283555
283560
283561
283562
283564
283565
283566
284668
284669
284670
284671
284672
284674
284675
284679
284680
284681
284682
284683
284684
284685
284700
284701
284702
284703
284704
284706
284707
284711
284712
284713
284714
284716
284717
284718
284751
284773
284784
284785
284786
284788
284789
284790
284791
284792
284794
284795
284815
284833
284836
284837
284838
284848
284849
284850
284852
284853
284854
284855
284858
284859
284988
284989
284990
284991
285060
285061
285072
285073
285074
285076
285077
285078
285079
285082
285083
285103
285125
285136
285137
285138
285140
285141
285142
285143
285147
285167
285378
285379
285383
285384
285385
285386
285389
285404
285405
285406
285407
285411
285415
285416
285417
285418
285420
285421
285422
289999
290017
290020
290021
290022
290033
290036
290037
290038
290043
290305
290308
290309
290310
290315
290320
290322
290323
290327
290328
290329
290330
290351
290377
290380
290381
290382
290399
290400
290402
290403
290407
290408
290410
290411
290483
290489
290492
290493
290494
290644
290645
