32813
32911
32950
33229
33249
33255
33259
33340
33342
33425
33477
33496
33498
33519
34575
34597
34609
34614
34615
34619
34688
34689
34690
34694
34695
34699
34716
34717
34718
34732
34733
34734
34773
35056
35058
35064
35066
35396
35397
35398
35411
35416
35417
35421
35439
35604
35606
35651
35657
35661
35680
35682
35687
35690
39996
39997
39998
39999
40080
40081
40082
40084
40085
40086
40087
40091
40132
40133
40134
40144
40146
40147
40151
40152
40153
40154
40155
40157
40172
40174
40175
40448
40449
40450
40452
40454
40455
40456
40458
40459
40467
40473
40476
40477
40478
40479
40483
40488
40489
40490
40492
40493
40494
40495
40560
40562
40563
40567
40568
40569
40570
40571
40573
40588
40590
40591
40609
40612
40613
40614
40624
40625
40626
40628
40629
40630
40631
40634
40635
40788
40789
40790
41923
41928
41929
41930
41932
41933
41934
41951
41952
41953
41954
41958
41959
41960
41962
41963
41973
43280
43281
43282
43284
43286
43287
43291
43331
43337
43340
43341
43342
43359
43360
43361
43362
43364
43366
43367
43368
43370
43371
43381
43452
43453
43454
43455
44100
44101
44102
44112
44114
44115
44119
44120
44121
44122
44143
44300
44302
44303
44324
44325
44326
44337
44340
44341
44342
44347
44415
44416
44418
44423
44424
44426
44427
44444
44446
44447
44451
44456
44457
44461
44787
44792
44793
44794
44797
117760
117762
117763
117768
117769
117770
117772
117773
117774
117792
117793
117794
117796
117798
117799
117800
117802
117803
117812
117813
117814
117888
117889
117890
117892
117894
117895
117896
117898
117899
117913
117916
117918
117919
117920
117922
117923
117928
117929
117930
117932
117933
117934
117935
117969
117972
117973
117974
117975
117979
118272
118273
118274
118276
118277
118278
118279
118280
118282
118283
118291
118297
118300
118301
118302
118303
118304
118306
118307
118312
118313
118314
118316
118317
118318
118319
118387
118393
118396
118397
118398
118399
118400
118402
118403
118408
118409
118410
118412
118413
118414
118415
118432
118433
118434
118436
118437
118438
118439
118440
118442
118443
118449
118452
118453
118454
118455
118459
118609
118612
118613
118614
118615
118619
123905
123908
123909
123910
123911
123915
123923
123929
123932
123933
123934
123935
123939
123945
123948
123949
123950
123951
124019
124025
124028
124029
124030
124031
124035
124041
124044
124045
124046
124047
124065
124068
124069
124070
124071
124075
124081
124084
124085
124086
124087
124091
124403
124409
124412
124413
124414
124415
124416
124418
124419
124424
124425
124428
124429
124430
124431
124449
124452
124453
124454
124455
124458
124459
124465
124468
124469
124470
124471
124475
124545
124548
124549
124550
124551
124555
124563
124569
124572
124573
124574
124575
124579
124585
124588
124589
124590
124591
124625
124628
124629
124630
124631
124635
127313
127316
127317
127318
127319
127323
128003
128009
128012
128013
128014
128015
128032
128033
128036
128037
128038
128039
128042
128043
128049
128052
128053
128054
128055
128059
128128
128129
128130
128132
128133
128134
128135
128136
128138
128139
128147
128153
128156
128157
128158
128159
128160
128162
128163
128168
128169
128170
128172
128173
128174
128175
128209
128212
128213
128214
128215
128219
128508
128510
128511
128512
128513
128514
128515
128519
128520
128521
128522
128523
128525
128540
128542
128543
128544
128545
128546
128547
128551
128552
128553
128554
128555
128557
128565
128636
128638
128639
128640
128642
128643
128648
128649
128650
128652
128653
128654
128671
128672
128673
128674
128675
128676
128678
128679
128680
128682
128683
128692
128693
128694
128853
130035
130041
130044
130045
130046
130047
193532
193534
193535
194900
194901
194902
195584
195585
195586
195588
195590
195591
195592
195594
195595
195612
195614
195615
195616
195618
195619
195624
195625
195626
195628
195629
195630
195699
195705
195708
195709
195710
195711
195712
195714
195715
195720
195721
195722
195724
195725
195726
195727
195744
195745
195746
195748
195750
195751
195752
195754
195755
195761
195764
195765
195766
196047
196068
196069
196080
196081
196082
196083
196084
196085
196086
196087
196088
196089
196090
196091
196111
196132
196133
196134
196144
196145
196146
196147
196148
196150
196151
196152
196154
196155
196224
196225
196226
196228
196229
196230
196231
196234
196235
196242
196243
196248
196249
196250
196252
196253
196254
196255
196259
196265
196268
196269
196270
196271
196305
196308
196309
196310
196311
196315
262191
262216
262237
262431
262432
262434
262443
262512
262513
262516
262518
262523
262580
262581
262899
262904
262906
263219
263224
263225
263295
263299
263303
263304
263306
263321
263340
263341
263342
263616
263617
263618
263620
263621
263622
263627
263634
263635
263639
263640
263642
263662
263663
263743
263828
263829
263873
263876
263877
263888
263889
263890
263892
263894
263899
263919
265164
265165
265166
265183
265191
265194
266444
266446
266447
266463
266464
266465
266466
266468
266469
266470
266471
266475
266739
266743
266744
266745
266746
266764
266765
266766
266767
266782
266783
266784
266785
266786
266787
266788
266790
266791
266792
266794
266795
266831
266849
266852
266853
266864
266865
266866
266868
266869
266870
266875
266917
266928
266929
266930
266932
266933
266934
266939
267519
267845
267856
267857
267860
267861
267862
267867
268032
268033
268034
268036
268037
268038
268043
268048
268049
268050
268051
268052
268053
268054
268055
268056
268058
268059
268078
268079
268096
268098
268099
268103
268104
268105
268106
268107
268108
268109
268115
268120
268121
268124
268125
268126
268127
268130
268131
268135
268136
268137
268138
268140
268141
268142
268220
268221
268222
268223
268543
268884
268885
269056
269057
269058
269060
269061
269062
269063
269067
269072
269073
269074
269075
269076
269078
269079
269080
269081
269082
269083
269100
269102
269103
269123
269127
269128
269129
269130
269133
269139
269144
269145
269148
269149
269150
269155
269160
269161
269162
269164
269165
269166
269244
269245
269246
269247
274226
274227
274231
274232
274233
274234
274300
274301
274302
274307
274312
274313
274314
274317
274332
274333
274334
274339
274344
274345
274346
274348
274349
