65671
65705
65709
66076
66078
66212
66214
66228
66230
66391
66395
67601
67607
67611
67663
67685
67696
67697
67698
67704
67706
67707
67763
67769
67773
68083
68089
68093
68111
68133
68145
68155
68240
68242
68248
68250
68304
68306
68312
68314
68933
68934
68947
68953
68956
68957
68958
68972
68974
68975
73796
73797
73798
73808
73810
73811
73817
73820
73821
73822
73823
73827
73833
73836
73838
73839
74035
74041
74044
74046
74047
74132
74133
74134
74177
74180
74182
74183
74184
74186
74187
74204
74206
74207
74208
74210
74211
74216
74217
74218
74220
74221
74222
74435
74441
74444
74445
74446
74447
74465
74468
74469
74470
74471
74475
74481
74484
74485
74486
74487
74491
75715
75721
75724
75726
75748
75750
75764
75766
75767
75836
75838
75839
75924
75925
75926
75969
75972
75974
75975
75979
75999
76000
76002
76003
76009
76012
76013
76014
76309
76352
76354
76355
76360
76361
76362
76365
76384
76385
76386
76391
76392
76394
76395
76405
76479
76565
76608
76610
76611
76616
76617
76618
76621
76640
76641
76642
76647
76648
76650
76651
76661
76735
79120
79121
79122
79124
79126
79127
79128
79130
79131
79180
79182
79183
79204
79205
79206
79216
79217
79218
79220
79222
79223
79224
79225
79226
79227
79229
79280
79282
79283
79288
79289
79290
79292
79293
79294
147525
147536
147537
147538
147539
147543
147544
147545
147546
147547
147549
147567
147727
147749
147760
147761
147762
147763
147767
147768
147769
147770
147771
147773
147845
147856
147857
147858
147859
147863
147864
147865
147866
147867
147869
147887
147909
147920
147921
147922
147923
147927
147928
147929
147930
147931
147933
147951
148175
148197
148208
148209
148210
148211
148215
148216
148217
148218
148219
148221
149260
149262
149263
149284
149285
149286
149296
149297
149298
149299
149300
149302
149303
149304
149305
149306
149307
149309
149380
149381
149382
149392
149393
149394
149395
149399
149400
149401
149402
149403
149404
149405
149406
149420
149422
149423
149445
149456
149457
149458
149459
149460
149462
149463
149464
149465
149466
149467
149469
149487
149711
149733
149744
149745
149746
149747
149751
149752
149753
149754
149755
149757
149758
150085
150096
150097
150098
150099
150103
150104
150105
150106
150107
150109
150127
150277
150288
150289
150290
150291
150295
150296
150297
150298
150299
150301
150319
150351
150373
150384
150385
150386
150387
150391
150392
150393
150394
150395
150397
150415
150437
150448
150449
150450
150451
150455
150456
150457
150458
150459
150461
155407
155429
155440
155441
155442
155443
155447
155448
155449
155450
155451
155453
155525
155536
155537
155538
155539
155543
155544
155545
155546
155547
155549
155567
155589
155600
155601
155602
155603
155607
155608
155609
155610
155611
155612
155613
155614
155628
155631
155855
155877
155888
155889
155890
155891
155895
155896
155897
155898
155899
155901
156229
156240
156241
156242
156243
156244
156247
156248
156249
156250
156251
156253
156271
156420
156421
156422
156432
156433
156434
156435
156439
156440
156441
156442
156443
156444
156445
156446
156460
156462
156463
156495
156517
156528
156529
156530
156531
156535
156536
156537
156538
156539
156540
156541
156542
156556
156558
156559
156580
156581
156582
156592
156593
156594
156595
156596
156598
156599
156600
156601
156602
156603
156605
157765
157776
157777
157778
157779
157780
157782
157783
157784
157785
157786
157787
157789
157807
157964
157966
157967
157988
157989
157990
158000
158001
158002
158003
158004
158006
158007
158008
158009
158010
158011
158013
158084
158085
158086
158096
158097
158098
158099
158103
158104
158105
158106
158107
158108
158109
158110
158124
158126
158127
158149
158160
158161
158162
158163
158164
158166
158167
158168
158169
158170
158171
158173
158191
158415
158437
158448
158449
158450
158451
158455
158456
158457
158458
158459
158460
158461
158462
158980
158981
158982
158992
158993
158994
158995
158999
159000
159001
159002
159003
159004
159005
159006
159020
159022
159023
159055
159077
159088
159089
159090
159091
159095
159096
159097
159098
159099
159100
159101
159102
159116
159118
159119
159140
159141
159142
159152
159153
159154
159155
159156
159158
159159
159160
159161
159162
159163
159165
234757
234768
234769
234770
234771
234775
234776
234777
234778
234779
234781
234782
234796
234799
234831
234864
234866
234867
234873
234874
234876
234877
234878
234879
234880
234883
234889
234892
234893
234894
234895
234916
234917
234918
234928
234929
234930
234931
234932
234934
234935
234936
234937
234938
234939
234941
311356
311497
311502
311525
312113
312122
312125
312212
312214
312257
312264
312266
312267
312269
312292
312295
312312
312315
313687
314408
314411
314420
314423
314513
314520
314522
314523
314564
314566
314567
314593
314600
314602
314603
314605
314612
314614
314615
314961
314970
314973
315142
315170
315177
315178
315181
315182
315189
315280
315282
315283
315289
315292
315294
315333
315360
315362
315363
315369
315372
315374
315375
315381
320848
320850
320851
320857
320860
320862
320863
323589
323600
323603
323612
323615
323616
323619
323625
323628
323630
323631
323717
323728
323731
323740
323743
323744
323746
323747
323753
323756
323758
323759
323792
323794
323795
323801
323804
323806
323807
324165
324192
324194
324195
324201
324204
324206
324207
324213
324368
324370
324371
324377
324378
324380
324381
324382
324383
324484
324485
324486
324487
324512
324513
324514
324515
324520
324521
324522
324524
324525
324526
324527
324533
324534
324560
324561
324562
324568
324569
324570
324571
324573
324574
325956
325958
325959
325985
325986
325992
325993
325994
325995
325997
325998
326004
326005
326006
326007
326673
326680
326682
326683
326685
326785
326788
326790
326791
326792
326794
326795
326817
326820
326823
326824
326826
326827
326829
326836
326838
326839
326840
326843
326865
326868
326870
326871
326872
326874
326875
326877
327233
327236
327238
327239
327240
327242
327243
327245
327265
327268
327270
327271
327272
327274
327275
327277
327281
327284
327286
327287
327288
327290
327291
327293
327444
327446
327447
327448
327451
327552
327553
327554
327555
327560
327561
327562
327563
327564
327565
327566
327567
327588
327589
327590
327591
327601
327602
327604
327607
327608
327609
327610
327611
327613
327614
327636
327637
327638
327639
