32783
32825
32998
33009
33016
33367
33579
33588
33591
33681
33690
33693
33762
33781
35152
35154
35155
35161
35164
35166
35871
35884
35887
35973
36000
36003
36009
36012
36014
36015
36048
36050
36057
36062
36420
36422
36423
36449
36456
36458
36461
36469
36470
36625
36632
36634
36635
36637
36737
36744
36746
36747
36749
36772
36775
36779
36788
36791
36820
36822
36823
42304
42305
42306
42307
42313
42314
42317
42318
42340
42341
42342
42353
42360
42362
42363
42365
45077
45171
45180
45183
45184
45186
45187
45193
45196
45198
45199
45221
45232
45234
45235
45241
45244
45246
45247
45589
45590
45692
45695
45696
45698
45699
45705
45708
45710
45711
45733
45744
45746
45747
45753
45756
45757
45758
45759
45781
45888
45889
45890
45891
45896
45897
45898
45899
45900
45901
45902
45924
45925
45926
45927
45937
45938
45944
45946
45947
45949
47377
47380
47383
47384
47386
47387
47389
47489
47492
47495
47496
47498
47499
47501
47521
47524
47526
47527
47528
47530
47531
47537
47540
47542
47543
47544
47546
47547
47572
47574
47575
47579
48196
48198
48199
48224
48225
48226
48232
48233
48234
48235
48237
48238
48244
48245
48246
48247
48645
48646
48656
48658
48659
48665
48668
48670
48671
48672
48674
48675
48681
48684
48686
48687
48693
48773
48774
48787
48796
48799
48800
48802
48803
48809
48810
48812
48813
48814
48815
48821
48848
48849
48850
48851
48856
48857
48858
48859
48860
48861
48862
48863
48976
48977
48978
48979
48984
48985
48986
48987
48988
48989
48990
48991
49004
49007
119872
119873
119874
119876
119877
119878
119879
119880
119882
119883
119891
119897
119900
119901
119902
119903
119904
119906
119907
119912
119913
119914
119916
119917
119918
119919
120124
120126
120127
120213
120214
120256
120257
120258
120259
120263
120264
120265
120266
120267
120269
120270
120289
120290
120292
120294
120295
120296
120298
120299
120301
120305
120308
120309
120310
120311
120315
120383
120469
120512
120513
120514
120515
120520
120521
120522
120524
120525
120526
120544
120545
120546
120548
120550
120551
120552
120554
120555
120564
120565
120566
120567
120571
196881
196884
196885
196886
196887
196891
196928
196930
196931
196936
196937
196938
196940
196941
196942
196943
196960
196961
196962
196964
196965
196966
196967
196968
196970
196971
196977
196980
196981
196982
196983
196987
197043
197049
197052
197053
197054
197055
197824
197826
197827
197832
197833
197834
197836
197837
197838
197839
197856
197857
197858
197860
197861
197862
197863
197864
197866
197867
197873
197876
197877
197878
197883
198208
198209
198210
198212
198214
198215
198216
198218
198219
198236
198237
198238
198239
198240
198242
198243
198248
198249
198250
198252
198253
198254
198420
198421
198422
198464
198466
198467
198472
198473
198474
198476
198477
198478
198496
198497
198498
198500
198502
198503
198504
198506
198507
198516
198517
198518
198588
198590
198591
199475
199481
199484
199485
199486
199487
199569
199572
199573
199574
199575
199579
199616
199617
199618
199620
199621
199622
199623
199624
199626
199627
199635
199641
199644
199645
199646
199647
199648
199650
199651
199656
199657
199658
199660
199661
199662
199663
203968
203970
203971
203976
203977
203978
203980
203981
203982
204000
204001
204002
204004
204006
204007
204008
204010
204011
204020
204021
204022
204353
204354
204356
204357
204358
204359
204360
204362
204363
204371
204377
204380
204381
204382
204383
204384
204386
204387
204392
204393
204394
204396
204397
204398
204399
204561
204564
204565
204566
204567
204571
204611
204617
204620
204621
204622
204623
204641
204644
204645
204646
204647
204651
204657
204660
204661
204662
204663
204664
204666
204667
204723
204729
204732
204733
204734
204735
205628
205630
205631
205716
205717
205718
205760
205761
205762
205764
205766
205767
205768
205770
205771
205788
205790
205791
205792
205794
205795
205800
205801
205802
205804
205805
205806
207124
207125
207126
207168
207169
207170
207171
207175
207176
207177
207178
207179
207180
207181
207182
207199
207200
207201
207202
207204
207206
207207
207208
207209
207210
207211
207220
207221
207222
207292
207294
207295
207893
207936
207937
207938
207939
207940
207942
207943
207944
207945
207946
207947
207949
207964
207966
207967
207968
207969
207970
207971
207975
207976
207977
207978
207979
207980
207981
207982
208063
208188
208190
208191
208276
208277
208278
208320
208321
208322
208324
208326
208327
208328
208330
208331
208348
208350
208351
208352
208354
208355
208360
208361
208362
208364
208365
208366
208576
208578
208579
208583
208584
208585
208586
208588
208589
208590
208607
208608
208609
208610
208612
208614
208615
208616
208617
208618
208619
208628
208629
208630
278561
278571
278660
278662
279064
279066
279155
279161
279183
279224
279226
279379
279385
279389
280641
280647
280651
280672
280674
280680
280682
280685
281036
281038
281060
281062
281079
281148
281150
281151
281237
281281
281287
281291
281312
281314
281321
281322
281325
281877
281923
281929
281932
281934
281956
281958
281969
281972
281974
281975
281979
282044
282046
282047
286980
286981
286982
286995
287001
287004
287005
287006
287007
287011
287017
287020
287021
287022
287023
287103
287104
287106
287107
287112
287113
287114
287116
287117
287118
287137
287140
287142
287143
287144
287146
287147
287156
287157
287158
287159
288527
288549
288560
288561
288562
288568
288570
288571
288656
288657
288658
288664
288666
288667
288709
288720
288723
288729
288733
288734
288751
289008
289010
289011
289017
289020
289021
289022
289361
289364
289366
289367
289371
289540
289542
289543
289564
289566
289567
289571
289577
289580
289581
289582
289664
289665
289666
289667
289672
289673
289674
289675
289677
289696
289697
289698
289703
289704
289706
289707
289716
289717
289718
289749
291920
291921
291922
291924
291926
291927
291928
291930
291931
292111
292133
292144
292145
292146
292147
292151
292152
292153
292154
292155
292157
292240
292241
292242
292244
292246
292247
292248
292250
292251
292253
292292
292293
292294
292304
292306
292307
292312
292313
292314
292316
292317
292318
292319
292332
292334
292335
292559
292581
292592
292593
292594
292595
292600
292601
292602
292604
292605
292606
