65677
65703
65707
66041
66045
66100
66102
66204
66206
66220
66222
67534
67535
67556
67557
67558
67569
67572
67574
67575
67579
67635
67641
67645
67729
67735
67739
67781
67792
67794
67795
67800
67801
67802
67823
68101
68115
68121
68143
68208
68210
68216
68218
68272
68274
68280
68282
68433
68439
68443
73520
73522
73523
73528
73529
73530
73532
73533
73534
73616
73617
73618
73620
73622
73623
73624
73626
73627
73668
73669
73670
73680
73682
73683
73687
73688
73689
73690
73691
73692
73693
73694
73708
73710
73711
73932
73934
73935
73953
73956
73957
73958
73963
73968
73969
73970
73972
73973
73974
73975
73979
74305
74308
74309
74310
74311
74315
74323
74329
74332
74333
74334
74335
74339
74345
74348
74349
74350
74351
74513
74516
74517
74518
74523
74563
74568
74569
74570
74572
74573
74574
74592
74593
74594
74596
74598
74599
74600
74602
74603
74612
74613
74614
74684
74686
74687
75796
75797
75798
75843
75849
75852
75853
75854
75872
75873
75874
75876
75878
75879
75883
75893
75964
75966
75967
76095
76181
76224
76225
76226
76231
76232
76234
76235
76255
76256
76258
76259
76264
76265
76266
76269
76351
76437
76480
76481
76482
76487
76488
76490
76491
76511
76512
76514
76515
76520
76521
76522
76525
77121
77124
77126
77131
77148
77149
77150
77164
77166
147663
147685
147696
147697
147698
147699
147703
147704
147705
147706
147707
147709
148037
148048
148049
148050
148051
148055
148056
148057
148058
148059
148061
148079
148229
148240
148241
148242
148243
148247
148248
148249
148250
148251
148253
148271
148303
148325
148336
148337
148338
148339
148343
148344
148345
148346
148347
148349
148367
148389
148400
148401
148402
148403
148407
148408
148409
148410
148411
148413
149573
149584
149585
149586
149587
149590
149591
149592
149593
149594
149595
149597
149615
149775
149797
149808
149809
149810
149811
149815
149816
149817
149818
149819
149821
149893
149904
149905
149906
149907
149911
149912
149913
149914
149915
149917
149935
149957
149968
149969
149970
149971
149975
149976
149977
149978
149979
149981
149999
150223
150245
150256
150257
150258
150259
150263
150264
150265
150266
150267
150269
150788
150789
150790
150800
150801
150802
150803
150807
150808
150809
150810
150811
150812
150813
150814
150828
150830
150831
150863
150885
150896
150897
150898
150899
150903
150904
150905
150906
150907
150908
150909
150910
150924
150926
150927
150948
150949
150950
150960
150961
150962
150963
150964
150966
150967
150968
150969
150970
150971
150973
155717
155728
155729
155730
155731
155735
155736
155737
155738
155739
155741
155759
155916
155918
155919
155940
155941
155942
155952
155953
155954
155955
155956
155958
155959
155960
155961
155962
155963
155965
156036
156037
156038
156048
156049
156050
156051
156055
156056
156057
156058
156059
156060
156061
156062
156076
156078
156079
156101
156112
156113
156114
156115
156116
156118
156119
156120
156121
156122
156123
156125
156143
156367
156389
156400
156401
156402
156403
156407
156408
156409
156410
156411
156412
156413
157452
157454
157455
157476
157477
157478
157488
157489
157490
157491
157492
157494
157495
157496
157497
157498
157499
157501
157572
157573
157574
157584
157585
157586
157587
157591
157592
157593
157594
157595
157596
157597
157598
157612
157614
157615
157637
157648
157649
157650
157651
157652
157654
157655
157656
157657
157658
157659
157661
157679
157903
157925
157936
157937
157938
157939
157943
157944
157945
157946
157947
157948
157949
157950
158277
158288
158289
158290
158291
158292
158294
158295
158296
158297
158298
158299
158301
158319
158468
158469
158470
158480
158481
158482
158483
158487
158488
158489
158490
158491
158492
158493
158494
158508
158510
158511
158543
158565
158576
158577
158578
158579
158583
158584
158585
158586
158587
158588
158589
158590
158604
158606
158607
158628
158629
158630
158640
158641
158642
158643
158644
158646
158647
158648
158649
158650
158651
158653
161029
161040
161041
161042
161043
161047
161048
161049
161050
161051
161053
161071
161103
161124
161125
161136
161137
161138
161139
161140
161142
161143
161144
161145
161146
161147
161149
161167
161189
161200
161201
161202
161203
161207
161208
161209
161210
161211
161213
229135
229156
229157
229168
229169
229170
229171
229174
229175
229176
229177
229178
229179
229181
229248
229249
229252
229253
229254
229255
229259
229264
229265
229266
229267
229271
229272
229273
229274
229275
229276
229277
229278
229292
229294
229295
229317
229328
229329
229330
229332
229333
229334
229335
229338
229339
294932
294982
294987
295023
295187
295191
295194
295235
295239
295240
295241
295242
295256
295257
295276
295277
295356
295358
295964
295965
295976
295977
296012
296013
296014
296028
296029
296030
296035
296039
296040
296041
296042
296115
296120
296121
296122
296206
296223
296226
296230
296231
296234
296235
296271
296287
296288
296289
296290
296292
296293
296294
296299
296368
296369
296370
296372
296374
296379
296691
296695
296698
297981
299023
299040
299041
299044
299045
299046
299051
299056
299057
299060
299061
299120
299121
299122
299124
299125
299126
299131
299151
299168
299169
299170
299172
299173
299174
299179
299184
299185
299188
299189
299312
299313
299314
299316
299317
299318
299319
299322
299323
299376
299378
299379
299382
299383
299384
299385
299386
299387
299404
299405
299406
299407
299422
299423
299424
299425
299426
299427
299428
299429
299430
299431
299432
299434
299435
299727
299743
299744
299745
299746
299748
299749
299750
299755
300083
300087
300088
300089
300090
300147
300151
300152
300153
300154
300156
300157
300158
300163
300168
300169
300170
300172
300173
300174
300184
300185
300188
300189
300190
300195
300199
300200
300201
300202
300204
300205
300344
300345
300348
300349
300350
300412
300413
300414
300415
300416
300417
300418
300419
300420
300421
300422
300423
300424
300425
300426
300427
300434
300435
300438
300439
300440
300441
300442
300443
300444
300445
300460
300461
300462
300463
300739
300743
300744
300745
300746
300748
300749
300750
300755
300759
300760
300761
300762
300764
300765
300766
300771
300775
300776
300777
300778
300780
300781
300782
302028
302029
302030
302044
302045
302046
302047
302050
302051
302054
302055
302056
302057
302058
302059
307184
307185
307186
307188
307189
307190
307195
