16457
16476
16574
16673
16676
16678
16754
16759
16783
16801
16804
16805
16806
17143
17468
17469
17470
17536
17537
17538
17540
17542
17547
17555
17559
17560
17562
17583
17859
17863
17864
17865
17866
17881
17884
17885
17886
17897
17900
17901
17980
17982
18049
18052
18053
18054
18064
18065
18066
18070
18071
18075
18095
18133
19401
19420
19422
19427
19432
19433
20720
20721
20722
20724
20725
20726
20731
20988
20989
20990
20991
20992
20994
20995
20999
21000
21001
21002
21003
21011
21016
21017
21018
21020
21021
21033
21036
21037
21038
21068
21069
21070
21086
21087
21088
21090
21091
21094
21095
21096
21097
21098
21099
21171
21175
21176
21177
21178
21181
22275
22279
22280
22281
22282
22284
22285
22286
22297
22300
22301
22302
22303
22306
22307
22311
22312
22313
22314
22316
22317
22350
22351
22368
22369
22372
22373
22374
22379
22384
22385
22386
22388
22389
22390
22391
22395
22437
22448
22449
22450
22451
22452
22453
22454
22455
22456
22457
22458
22459
22777
22780
22781
22782
23056
23057
23060
23061
23062
23067
23104
23105
23106
23108
23109
23110
23111
23114
23115
23120
23121
23122
23123
23126
23127
23128
23129
23130
23131
23148
23149
23150
23151
23231
23317
23360
23361
23362
23364
23365
23366
23371
23376
23377
23378
23380
23381
23382
23383
23386
23387
23407
28431
28452
28453
28464
28465
28468
28469
28470
28475
28531
28535
28536
28537
28538
28556
28558
28559
28575
28576
28577
28578
28582
28583
28587
111564
111566
111567
111588
111589
111590
111600
111601
111602
111603
111604
111606
111607
111608
111609
111610
111611
111613
112964
112965
112966
112976
112977
112978
112979
112983
112984
112985
112986
112987
112988
112989
112990
113004
113006
113007
113669
113680
113681
113682
113683
113684
113686
113687
113688
113689
113690
113691
113693
113711
113740
113742
113743
113764
113765
113766
113776
113777
113778
113780
113782
113783
113784
113786
113787
113829
113840
113842
113843
113847
113848
113849
113850
113851
113852
113853
113854
114112
114114
114115
114119
114120
114121
114122
114124
114125
114126
114140
114142
114143
114144
114145
114146
114147
114150
114151
114152
114153
114154
114155
114157
114233
114236
114237
114238
114239
114320
114321
114324
114325
114326
114327
114331
114368
114369
114372
114373
114374
114375
114379
114384
114386
114387
114392
114393
114394
114396
114397
114398
114399
114403
114409
114412
114413
114414
114415
166927
166949
166960
166961
166962
166963
166967
166968
166969
166970
166971
166972
166973
166974
167045
167056
167057
167058
167059
167060
167062
167063
167064
167066
167067
167069
167108
167109
167110
167120
167122
167123
167128
167129
167130
167132
167133
167134
167148
167150
167151
167440
167441
167442
167444
167446
167447
167448
167450
167451
167500
167502
167503
167524
167525
167526
167536
167537
167538
167540
167542
167543
167544
167546
167547
167600
167602
167603
167608
167609
167610
167612
167613
167614
167748
167749
167750
167760
167762
167763
167768
167769
167770
167772
167773
167774
167775
167785
167788
167790
167791
173072
173073
173074
173076
173077
173078
173079
173080
173082
173083
173123
173129
173132
173133
173134
173135
173153
173156
173157
173158
173159
173163
173168
173169
173170
173172
173173
173174
173175
173176
173178
173179
173232
173234
173235
173240
173241
173242
173244
173245
173246
173247
173507
173513
173516
173517
173518
173519
173537
173540
173541
173542
173543
173547
173552
173553
173554
173556
173557
173558
173559
173560
173562
173563
173616
173618
173619
173624
173625
173626
173628
173629
173630
173631
173712
173713
173714
173716
173717
173718
173719
173720
173722
173723
173761
173764
173765
173766
173767
173771
173776
173778
173779
173784
173785
173786
173788
173789
173790
173791
173795
173801
173804
173805
173806
173807
176449
176452
176453
176454
176455
176459
176464
176466
176467
176472
176473
176474
176476
176477
176478
176479
176483
176489
176492
176493
176494
176495
177200
177202
177203
177208
177209
177210
177212
177213
177214
177215
177296
177297
177298
177300
177301
177302
177303
177304
177306
177307
177345
177348
177349
177350
177360
177362
177363
177368
177369
177370
177372
177373
177374
177388
177390
177391
177668
177669
177670
177680
177681
177682
177683
177687
177688
177689
177690
177691
177693
177708
177710
177711
177740
177742
177743
177764
177765
177766
177776
177777
177778
177779
177780
177782
177783
177784
177785
177786
177787
177789
177807
177829
177840
177841
177842
177843
177847
177848
177849
177850
177851
177853
177989
178000
178001
178002
178004
178006
178007
178008
178010
178011
178031
179139
179145
179148
179149
179150
179151
179169
179172
179173
179174
179175
179179
179184
179185
179186
179188
179189
179190
179191
179192
179194
179195
245767
245790
245880
245882
245925
246211
246217
246240
246242
246248
246250
246420
246422
246483
247564
247566
247585
247588
247590
247595
247604
247605
247679
247683
247688
247689
247690
247711
247714
247715
247720
247721
247722
248051
248057
248061
248400
248402
248407
248410
248592
248593
248599
248603
248652
248654
248673
248683
248764
248765
248766
252965
252976
252977
252978
252979
252983
252984
252985
252986
252987
253056
253057
253058
253060
253061
253062
253063
253067
253075
253080
253081
253082
253084
253085
253086
253100
253101
253102
253103
253137
253140
253141
253142
253427
253432
253433
253434
253436
253437
253438
253439
253443
253449
253452
253453
253454
253455
253472
253473
253474
253476
253477
253478
253479
253483
253489
253492
253493
253494
253499
253564
253566
253567
253568
253570
253571
253575
253576
253577
253578
253579
253581
253596
253598
253599
253600
253602
253603
253607
253608
253609
253610
253611
253613
254927
254948
254949
254960
254961
254962
254964
254966
254967
254970
254971
256277
256320
256321
256322
256324
256326
256327
256328
256330
256331
256339
256345
256348
256349
256350
256355
256361
256364
256365
256366
257045
257088
257089
257090
257095
257096
257098
257099
257116
257117
257118
257123
257129
257132
257133
257134
257215
257328
257330
257331
257335
257336
257338
257409
257412
257413
257414
257427
257432
257433
257434
257437
257452
257454
257455
257492
257493
257494
257743
257764
257765
257776
257777
257778
257780
257782
257783
257787
