150
203
244
605
803
812
814
901
931
940
942
943
978
989
2379
2401
2408
2411
2420
2422
3092
3094
3095
3200
3202
3203
3209
3212
3214
3237
3249
3256
3258
3261
3604
3606
3711
3715
3724
3726
3727
3749
3760
3762
3763
3769
3773
3774
3905
3912
3914
3915
3917
3940
3943
3947
3956
3958
3959
3963
9477
9488
9491
9497
9500
9502
9503
9516
9519
9604
9605
9606
9632
9634
9635
9641
9645
9646
9653
9681
9688
9690
9691
9693
12368
12370
12371
12377
12380
12382
12383
12800
12801
12802
12808
12809
12810
12811
12813
12836
12838
12839
12843
12849
12852
12855
12856
12858
12859
12945
12951
12952
12954
12955
12957
12996
12998
12999
13024
13025
13026
13032
13033
13034
13035
13037
13038
13045
13046
13140
13141
13142
13143
14420
14422
14423
14427
14655
14784
14786
14787
14793
14796
14798
14799
14821
14832
14834
14835
14841
14842
14844
14845
14846
14847
14896
14899
14905
14908
14910
14911
14997
15040
15042
15043
15049
15050
15052
15053
15054
15055
15076
15077
15078
15079
15088
15089
15090
15091
15096
15097
15098
15099
15101
15102
15617
15620
15622
15623
15624
15626
15627
15629
15649
15650
15652
15655
15656
15658
15659
15661
15668
15669
15670
15671
15675
15760
15761
15762
15763
15768
15769
15770
15771
15772
15773
15774
15775
15791
15813
15814
15824
15826
15827
15833
15836
15837
15838
15839
15840
15843
15849
15852
15854
15855
86340
86341
86342
86352
86353
86354
86355
86359
86360
86361
86362
86363
86364
86365
86366
86380
86382
86383
87055
87077
87088
87089
87090
87091
87095
87096
87097
87098
87099
87100
87101
87102
87184
87185
87186
87188
87190
87191
87192
87193
87194
87195
87197
87215
87236
87237
87238
87248
87250
87251
87256
87257
87258
87260
87261
87262
87276
87278
87279
87572
87573
87574
87575
87579
87616
87619
87625
87628
87629
87630
87631
87649
87652
87653
87654
87655
87659
87664
87665
87666
87668
87669
87670
87671
87672
87674
87675
87728
87731
87737
87740
87741
87742
87743
87872
87873
87874
87876
87878
87879
87880
87882
87883
87885
87904
87905
87906
87907
87911
87912
87913
87914
87915
87917
87918
87924
87925
87926
89036
89038
89039
89060
89061
89062
89072
89073
89074
89075
89076
89078
89079
89080
89081
89082
89083
89085
164869
164880
164881
164882
164883
164884
164886
164887
164888
164889
164890
164891
164893
164911
164940
164942
164943
164964
164965
164966
164976
164977
164978
164980
164982
164983
164984
164986
164987
165007
165040
165041
165042
165043
165047
165048
165049
165050
165052
165053
165054
165324
165326
165327
165348
165349
165350
165355
165360
165361
165362
165364
165365
165366
165367
165368
165370
165371
165424
165426
165427
165432
165433
165434
165436
165437
165438
165520
165521
165522
165524
165526
165527
165528
165530
165531
165572
165573
165574
165584
165586
165587
165592
165593
165594
165596
165597
165598
165612
165614
165615
168899
168905
168908
168909
168910
168911
168929
168932
168933
168934
168935
168939
168944
168945
168946
168948
168949
168950
168951
168952
168954
168955
170305
170308
170309
170310
170311
170315
170320
170322
170323
170328
170329
170330
170332
170333
170334
170335
170339
170345
170348
170349
170350
170351
171024
171025
171026
171028
171029
171030
171031
171032
171034
171035
171075
171084
171086
171087
171108
171109
171110
171120
171121
171122
171124
171126
171127
171128
171130
171131
171184
171186
171187
171192
171193
171194
171196
171197
171198
171199
171471
171493
171504
171506
171507
171512
171513
171514
171516
171517
171518
171532
171534
171535
171556
171557
171558
171568
171569
171570
171571
171575
171576
171577
171578
171579
171581
171653
171664
171665
171666
171667
171671
171672
171673
171674
171675
171677
171695
171716
171717
171718
171728
171729
171730
171731
171735
171736
171737
171738
171739
171740
171741
171742
171756
171758
171759
175152
175154
175155
175160
175161
175162
175164
175165
175166
175167
175248
175249
175250
175252
175253
175254
175255
175256
175258
175259
175297
175300
175301
175302
175303
175307
175312
175314
175315
175320
175321
175322
175324
175325
175326
175327
175331
175337
175340
175341
175342
175343
175632
175633
175634
175636
175637
175638
175639
175640
175642
175643
175683
175689
175692
175693
175694
175695
175713
175716
175717
175718
175719
175723
175728
175729
175730
175732
175733
175734
175735
175736
175738
175739
175792
175794
175795
175800
175801
175802
175804
175805
175806
175807
175937
175940
175941
175942
175943
175947
175952
175954
175955
175960
175961
175962
175964
175965
175966
175967
175971
175977
175980
175981
175982
175983
245773
245814
245935
245976
245978
246385
246460
246462
246593
246603
246624
246626
246632
246634
247889
247895
247899
248112
248115
248121
248125
248212
248214
248215
248260
248262
248291
248297
248560
248562
248570
248573
249092
249094
249116
249119
249123
249129
249132
249134
249217
249224
249226
249227
249249
249250
249256
249258
249259
249269
249301
254277
254288
254290
254291
254297
254298
254300
254301
254302
254316
254319
255039
255125
255168
255170
255171
255176
255177
255178
255181
255201
255204
255206
255207
255211
255220
255222
255223
255557
255568
255570
255571
255577
255580
255581
255582
255596
255599
255760
255761
255762
255768
255770
255773
255868
255870
255871
255875
255884
255886
255887
255908
255909
255910
255921
255927
255928
255930
255931
256831
256960
256962
256963
256968
256969
256970
256972
256973
256974
256993
256996
256998
256999
257003
257009
257012
257014
257015
257019
259088
259089
259090
259091
259096
259097
259098
259099
259101
259119
259187
259196
259198
259199
259200
259202
259203
259209
259212
259213
259214
259215
259236
259237
259238
259239
259249
259252
259254
259255
259256
259258
259259
259585
259588
259589
259590
259591
259595
259603
259609
259612
259614
259615
259616
259618
259619
259625
259628
259629
259630
259631
259712
259713
259714
259719
259720
259721
259722
259723
259725
259744
259745
259746
259751
259752
259753
259754
259755
259757
259764
259765
259766
259796
259797
259798
259921
259924
259925
259926
259927
259928
259930
259931
