32827
32913
33006
33348
33350
33376
33378
33663
33676
33678
33701
33720
33722
35090
35096
35098
35101
35200
35202
35213
35236
35238
35239
35252
35255
35285
35909
35932
35934
35935
35948
35950
35951
36339
36348
36350
36351
36364
36366
36367
36389
36400
36402
36408
36409
36410
36413
36500
36502
36503
36548
36550
36551
36576
36578
36584
36586
36589
36597
42049
42052
42054
42055
42059
42080
42081
42082
42088
42089
42090
42091
42093
42101
42496
42497
42498
42504
42506
42509
42529
42532
42534
42535
42539
42548
42550
42551
42640
42642
42643
42648
42649
42650
42653
42693
42707
42713
42716
42718
42719
42723
42732
42734
42735
42837
45332
45334
45335
45339
45427
45433
45436
45438
45439
45440
45443
45449
45452
45454
45455
45477
45488
45489
45490
45491
45496
45497
45498
45499
45501
47055
47077
47088
47090
47091
47096
47097
47098
47100
47101
47102
47103
47107
47116
47118
47119
47141
47152
47153
47154
47155
47160
47161
47162
47163
47164
47165
47166
47249
47252
47254
47255
47256
47259
47297
47300
47302
47303
47304
47307
47328
47329
47330
47331
47336
47337
47338
47339
47340
47341
47342
47349
47350
47684
47685
47686
47699
47705
47708
47710
47711
47712
47714
47715
47721
47724
47726
47727
47888
47889
47890
47891
47896
47897
47898
47899
47901
48000
48001
48002
48003
48008
48009
48010
48011
48013
48014
48033
48036
48038
48039
48043
48049
48052
48054
48055
48056
48059
48085
118785
118786
118788
118789
118790
118791
118795
118803
118809
118812
118813
118814
118815
118819
118825
118828
118829
118830
118831
118899
118905
118906
118908
118909
118910
118911
118915
118921
118924
118925
118926
118927
118945
118948
118949
118950
118951
118955
118961
118964
118965
118966
118967
118971
119280
119282
119283
119288
119289
119290
119292
119293
119294
119295
119299
119305
119308
119309
119310
119311
119329
119332
119333
119334
119335
119339
119344
119345
119346
119348
119349
119350
119351
119352
119354
119355
119425
119428
119429
119430
119431
119435
119440
119442
119443
119448
119449
119450
119452
119453
119454
119455
119459
119465
119468
119469
119470
119471
119505
119506
119508
119509
119510
119511
119512
119515
120833
120834
120836
120838
120839
120840
120842
120843
120860
120863
120864
120865
120866
120867
120871
120872
120873
120874
120875
120876
120877
120878
120885
120960
120961
120962
120964
120966
120967
120968
120970
120971
120988
120991
120992
120993
120994
120995
120999
121000
121001
121002
121003
121004
121005
121006
121013
121044
121045
121046
121047
121051
121345
121348
121349
121350
121351
121355
121360
121363
121369
121372
121373
121374
121375
121379
121385
121388
121389
121390
121391
121459
121465
121468
121469
121470
121471
121472
121474
121475
121480
121481
121482
121484
121485
121486
121487
121505
121508
121509
121510
121511
121512
121515
121521
121524
121525
121526
121527
121531
121681
121682
121684
121685
121686
121687
121688
121690
121691
122193
122196
122197
122198
122199
122203
197969
197972
197973
197974
197975
197979
200704
200707
200712
200713
200714
200716
200717
200718
200719
200736
200737
200738
200740
200741
200742
200743
200744
200746
200747
200753
200756
200757
200758
200759
200763
200832
200833
200834
200836
200837
200838
200839
200840
200842
200843
200851
200857
200860
200861
200862
200863
200864
200866
200867
200872
200873
200874
200876
200877
200878
200879
200913
200916
200917
200918
200919
200923
201216
201217
201218
201220
201221
201222
201223
201224
201226
201227
201235
201241
201244
201245
201246
201247
201248
201250
201251
201256
201257
201258
201260
201261
201262
201263
201331
201337
201340
201341
201342
201343
201344
201346
201347
201352
201353
201354
201356
201357
201358
201359
201376
201377
201378
201380
201381
201382
201383
201384
201386
201387
201393
201396
201397
201398
201399
201403
201553
201556
201557
201558
201559
201563
202757
202768
202769
202770
202771
202775
202776
202777
202778
202779
202781
202782
202799
202864
202866
202867
202872
202873
202874
202876
202877
202878
202879
202883
202889
202892
202893
202894
202895
202916
202917
202918
202928
202929
202930
202932
202934
202935
202936
202938
202939
202941
203251
203257
203260
203261
203262
203263
203264
203266
203267
203272
203273
203274
203276
203277
203278
203279
203296
203297
203298
203300
203301
203302
203303
203304
203306
203307
203313
203316
203317
203318
203319
203323
203393
203396
203397
203398
203399
203403
203411
203417
203420
203421
203422
203423
203424
203426
203427
203433
203434
203436
203437
203438
203439
203473
203476
203477
203478
203479
203480
203483
204101
204102
204112
204114
204115
204120
204121
204122
204124
204125
204126
204127
204140
204142
204143
208883
208889
208892
208893
208894
208895
278537
278680
278751
278764
279111
279149
279316
279319
279411
279420
279422
279439
279472
279474
279485
280848
280851
280857
280862
280961
280968
280970
280971
280993
281003
281014
281680
281682
281683
281689
281693
282060
282063
282085
282096
282098
282104
282105
282106
282109
282163
282172
282174
282175
282261
282305
282312
282314
282315
282317
282337
282343
282347
282356
282358
287808
287810
287811
287816
287817
287818
287821
287822
287844
287846
287847
287857
287860
287862
287863
287864
287867
288260
288262
288263
288267
288288
288290
288296
288297
288298
288301
288309
288389
288412
288414
288415
288419
288425
288428
288430
288431
288464
288465
288466
288472
288474
288475
288477
288596
288598
288599
291093
291136
291138
291139
291145
291148
291150
291151
291172
291173
291174
291184
291185
291186
291192
291194
291195
291197
291260
291262
291263
292668
292670
292671
292757
292800
292801
292802
292803
292808
292809
292810
292811
292812
292813
292814
292833
292836
292838
292839
292840
292842
292843
292849
292852
292853
292854
292855
292859
292927
293013
293056
293058
293059
293065
293066
293068
293069
293070
293071
293092
293093
293094
293095
293105
293106
293108
293111
293112
293114
293115
293117
293456
293457
293458
293463
293464
293466
293467
293469
293636
293637
293638
293639
293660
293662
293663
293664
293666
293667
293673
293676
293677
293678
293679
293764
293765
293766
293767
293791
293792
293794
293795
293800
293801
293802
293804
293805
293806
293813
293841
293844
293846
293847
293848
293850
293851
