32774
32872
32874
32957
33076
33078
33145
33164
33165
33166
33183
33191
33520
33521
33531
33855
33940
33941
33988
33989
34000
34002
34007
34011
34031
34255
34272
34273
34276
34277
34278
34283
34293
34352
34354
34359
34362
34363
34428
34430
34435
34440
34441
34442
34460
34461
34462
34467
34472
34473
34477
35776
35778
35787
35795
35800
35801
35822
37116
37118
37119
37441
37444
37445
37446
37456
37457
37458
37460
37461
37462
37463
37467
37487
37648
37649
37652
37653
37654
37659
37696
37697
37698
37700
37702
37703
37706
37707
37715
37719
37720
37721
37722
37725
37740
37741
37742
37743
37823
38707
38711
38712
38713
38714
38716
38717
38718
38783
38784
38785
38786
38788
38789
38790
38791
38794
38795
38800
38802
38803
38807
38808
38809
38810
38811
38813
38828
38829
38830
38831
38865
38868
38869
38870
39107
39113
39116
39117
39118
39119
39132
39134
39135
39136
39137
39138
39139
39140
39142
39143
39144
39145
39146
39147
39411
39416
39417
39418
39420
39421
39422
39433
39436
39437
39438
39452
39454
39455
39456
39458
39459
39463
39464
39465
39466
39467
39503
39521
39524
39525
39526
39536
39537
39538
39540
39541
39542
39547
39567
39588
39589
39600
39601
39602
39604
39605
39606
39607
39611
44803
44807
44808
44809
44810
44825
44828
44829
44830
44841
44844
44845
44846
44878
44879
44895
44896
44897
44898
44900
44901
44902
44907
44978
44979
44983
44984
44985
44986
127759
127781
127792
127793
127794
127795
127799
127800
127801
127802
127803
127804
127805
127877
127888
127889
127890
127891
127894
127895
127896
127897
127898
127899
127901
127919
127940
127941
127952
127953
127954
127955
127959
127960
127961
127962
127963
127964
127965
127982
127983
129284
129285
129296
129297
129298
129299
129303
129304
129305
129306
129307
129309
129327
129358
129359
129380
129381
129392
129393
129394
129395
129398
129399
129400
129401
129402
129403
129405
129423
129445
129456
129457
129458
129459
129463
129464
129465
129466
129467
129468
129469
130117
130128
130129
130130
130131
130132
130134
130135
130136
130137
130138
130139
130141
130159
130316
130318
130319
130337
130340
130341
130342
130347
130352
130353
130354
130356
130357
130358
130359
130360
130362
130363
130431
130432
130433
130434
130435
130436
130438
130439
130440
130441
130442
130443
130451
130457
130460
130461
130462
130463
130466
130467
130472
130473
130474
130476
130477
130478
130479
130517
130800
130802
130803
130807
130808
130809
130810
130811
130812
130813
130814
183503
183525
183536
183537
183538
183539
183543
183544
183545
183546
183547
183549
183877
183888
183889
183890
183891
183895
183896
183897
183898
183899
183901
183919
184069
184080
184081
184082
184083
184087
184088
184089
184090
184091
184093
184111
184143
184165
184176
184177
184178
184179
184183
184184
184185
184186
184187
184188
184189
184190
184204
184206
184207
184228
184229
184240
184241
184242
184243
184246
184247
184248
184249
184250
184251
184253
189509
189520
189521
189522
189523
189524
189526
189527
189528
189529
189530
189531
189533
189551
189708
189710
189711
189732
189733
189734
189744
189745
189746
189747
189748
189750
189751
189752
189753
189754
189755
189757
189828
189829
189830
189840
189841
189842
189843
189847
189848
189849
189850
189851
189852
189853
189854
189868
189870
189871
189893
189904
189905
189906
189907
189908
189910
189911
189912
189913
189914
189915
189917
189935
190159
190181
190192
190193
190194
190195
190199
190200
190201
190202
190203
190204
190205
190206
192772
192773
192774
192784
192786
192787
192792
192793
192794
192795
192796
192797
192798
192812
192814
192815
192869
192880
192881
192882
192883
192887
192888
192889
192890
192891
192892
192893
192894
192908
192910
192911
192932
192933
192934
192944
192945
192946
192947
192948
192950
192951
192952
192954
192955
192957
193743
193765
193776
193777
193778
193779
193783
193784
193785
193786
193787
193789
194116
194117
194118
194128
194129
194130
194131
194135
194136
194137
194138
194139
194140
194141
194156
194158
194159
194309
194320
194321
194322
194323
194324
194326
194327
194328
194330
194331
194351
194371
194377
194380
194381
194382
194383
194400
194401
194404
194405
194406
194407
194411
194417
194420
194421
194422
194423
194427
194480
194482
194483
194488
194489
194490
194492
194493
194494
195343
195364
195365
195376
195377
195378
195379
195380
195382
195383
195384
195385
195386
195387
195389
195460
195461
195462
195472
195473
195474
195475
195479
195480
195481
195482
195483
195484
195485
195486
195500
195502
195503
195525
195536
195537
195538
195539
195540
195542
195543
195544
195545
195546
195547
195549
195567
262256
262263
262331
262592
262594
262599
262620
262622
262637
262849
262859
262877
262892
262894
263936
263938
263943
263944
263946
263964
263966
263971
263977
263981
264048
264050
264055
264056
264058
264079
264101
264113
264116
264118
264123
264447
264789
264961
264964
264966
264971
264979
264985
264989
265004
265006
265061
265073
265078
265083
265136
265138
265143
265144
265146
269312
269313
269314
269315
269318
269319
269320
269322
269323
269337
269340
269341
269342
269343
269347
269352
269353
269356
269357
269358
269391
269413
269424
269425
269426
269427
269428
269430
269431
269432
269433
269434
269435
269455
269476
269477
269478
269488
269489
269490
269492
269494
269495
269498
269499
269717
269760
269761
269762
269763
269767
269768
269769
269770
269771
269773
269788
269789
269790
269791
269792
269794
269795
269799
269800
269801
269802
269804
269805
269806
269886
269887
269972
269973
269974
270016
270017
270018
270020
270021
270022
270023
270024
270026
270027
270035
270040
270041
270042
270044
270045
270046
270051
270057
270060
270061
270062
270063
271359
272724
272725
273408
273409
273410
273412
273414
273415
273419
273427
273432
273433
273436
273437
273438
273452
273453
273454
273455
273487
273508
273509
273520
273521
273522
273524
273526
273527
273531
273584
273585
273586
273587
273591
273592
273594
273595
273727
273812
273813
273857
273860
273862
273867
273875
273880
273881
273885
273900
273902
273903
274112
274114
274115
274119
274120
274122
274123
274140
274142
274143
274147
274152
274153
274156
274157
