33281
33287
33291
33311
33315
33321
33325
33441
33447
33451
33461
33621
34820
34821
34822
34844
34846
34860
34862
34863
34940
34942
34956
34958
34980
34982
34996
34998
35327
35331
35337
35341
35361
35367
35371
35460
35462
35484
35486
35500
35502
35540
35542
36177
36180
36182
36183
36187
40976
40977
40978
40980
40982
40983
40984
40986
40987
41036
41038
41039
41060
41061
41062
41072
41073
41074
41075
41079
41080
41081
41082
41083
41085
41136
41138
41139
41144
41145
41146
41148
41149
41150
41423
41445
41456
41457
41458
41459
41463
41464
41465
41466
41467
41469
41487
41509
41520
41521
41522
41523
41527
41528
41529
41530
41531
41533
41605
41616
41617
41618
41619
41623
41624
41625
41626
41627
41629
41647
41669
41680
41681
41682
41683
41687
41688
41689
41690
41691
41693
41711
42995
43001
43004
43005
43006
43020
43022
43023
43044
43045
43046
43057
43060
43062
43063
43067
43140
43141
43142
43155
43161
43164
43165
43166
43180
43182
43183
43217
43223
43224
43226
43227
43525
43536
43538
43539
43544
43545
43546
43549
43567
43632
43634
43635
43640
43641
43642
43645
43663
43685
43696
43697
43698
43703
43704
43706
43707
43856
43857
43858
43863
43864
43866
43867
46404
46405
46406
46416
46418
46419
46424
46425
46426
46428
46429
46430
46444
46446
46447
114704
114705
114706
114708
114710
114711
114712
114714
114715
114764
114766
114767
114788
114789
114790
114800
114801
114802
114804
114806
114807
114808
114810
114811
114864
114866
114867
114872
114873
114874
114876
114877
114878
115148
115150
115151
115172
115173
115174
115184
115185
115186
115188
115190
115191
115192
115194
115195
115248
115250
115251
115256
115257
115258
115260
115261
115262
115344
115345
115346
115348
115350
115351
115352
115354
115355
115396
115397
115398
115408
115410
115411
115416
115417
115418
115420
115421
115422
115436
115438
115439
116675
116681
116684
116685
116686
116687
116705
116708
116709
116710
116711
116715
116720
116721
116722
116724
116725
116726
116727
116728
116730
116731
116784
116786
116787
116792
116793
116794
116796
116797
116798
116799
116880
116881
116882
116884
116885
116886
116887
116888
116890
116891
116929
116932
116933
116934
116935
116939
116944
116946
116947
116952
116953
116954
116956
116957
116958
116963
116972
116973
116974
116975
117264
117265
117266
117268
117270
117271
117272
117274
117275
117324
117326
117327
117348
117349
117350
117360
117361
117362
117364
117366
117367
117368
117370
117371
117424
117426
117427
117432
117433
117434
117436
117437
117438
117572
117573
117574
117584
117586
117587
117592
117593
117594
117596
117597
117598
117612
117614
117615
122828
122830
122831
122852
122853
122854
122864
122865
122866
122868
122870
122871
122872
122874
122875
122928
122930
122931
122936
122937
122938
122940
122941
122942
123024
123025
123026
123028
123030
123031
123032
123034
123035
123076
123077
123078
123088
123090
123091
123096
123097
123098
123100
123101
123102
123116
123118
123119
123408
123409
123410
123412
123413
123414
123415
123416
123418
123419
123459
123465
123468
123469
123470
123471
123489
123492
123493
123494
123495
123499
123504
123505
123506
123508
123510
123511
123512
123514
123515
123568
123570
123571
123576
123577
123578
123580
123581
123582
123583
123713
123716
123717
123718
123719
123723
123728
123730
123731
123736
123737
123738
123740
123741
123742
123743
123747
123753
123756
123757
123758
123759
124944
124945
124946
124948
124949
124950
124951
124952
124954
124955
124995
125001
125004
125005
125006
125007
125025
125028
125029
125030
125031
125035
125040
125041
125042
125044
125045
125046
125047
125048
125050
125051
125104
125106
125107
125112
125113
125114
125116
125117
125118
125119
125379
125385
125388
125389
125390
125391
125409
125412
125413
125414
125415
125419
125424
125425
125426
125428
125429
125430
125431
125432
125434
125435
125488
125490
125491
125496
125497
125498
125500
125501
125502
125503
125584
125585
125586
125588
125589
125590
125591
125592
125594
125595
125633
125636
125637
125638
125639
125643
125648
125650
125651
125656
125657
125658
125660
125661
125662
125663
125667
125673
125676
125677
125678
125679
126273
126276
126277
126278
126279
126283
126288
126290
126291
126296
126297
126298
126300
126301
126302
126303
126307
126313
126316
126317
126318
126319
202052
202053
202054
202055
202059
202064
202066
202067
202073
202074
202076
202077
202078
202079
202080
202083
202089
202092
202093
202094
202095
278735
278768
278771
278780
278783
279296
279299
279308
279310
279311
279333
279344
279346
279347
279353
279358
279445
279490
279497
279502
279525
279538
279545
279550
280917
281602
281609
281614
281637
281650
281793
281802
281805
281830
281841
281850
281853
282198
282369
282376
282378
282379
282381
282404
282406
282407
282417
282424
282426
282427
282429
282516
282518
282519
282561
282568
282570
282571
282573
282596
282598
282599
282609
282616
282618
282619
282621
288084
288086
288087
290817
290824
290826
290827
290829
290852
290854
290855
290865
290872
290874
290875
290877
290964
290966
290967
290971
291009
291012
291015
291016
291018
291019
291021
291044
291046
291047
291048
291051
291057
291060
291063
291064
291066
291067
291069
291412
291414
291415
291416
291419
291585
291588
291590
291591
291592
291594
291595
291597
291617
291620
291622
291623
291624
291626
291627
291629
291633
291636
291638
291639
291640
291643
291729
291732
291735
291736
291738
291739
291741
291780
291782
291783
291784
291787
291809
291812
291815
291816
291818
291819
291821
291828
291830
291831
291832
291835
293201
293204
293207
293208
293210
293211
293213
293892
293894
293895
293896
293899
293921
293924
293927
293928
293930
293931
293933
293940
293942
293943
293944
293947
294033
294039
294040
294042
294043
294045
294084
294086
294087
294113
294114
294120
294122
294123
294125
294132
294133
294134
294135
294481
294482
294488
294489
294490
294491
294493
294494
294660
294661
294662
294663
294688
294689
294690
294691
294696
294697
294698
294699
294701
294702
294708
294709
294710
294711
294800
294801
294802
294803
294808
294809
294810
294811
294812
294813
294814
294815
294852
294853
294854
294855
294880
294881
294882
294883
294888
294889
294890
294891
294892
294893
294894
294895
294900
294901
294902
294903
