49191
49285
49310
49684
49686
49743
49765
49784
49786
49843
49991
50019
50025
50029
51280
51282
51288
51290
51516
51518
51649
51655
51659
51680
51682
51690
51693
51916
51918
51919
51941
51953
51959
51960
51963
52485
52499
52505
52509
52510
52527
52607
52608
52610
52611
52617
52621
52622
52644
52646
52647
52660
52662
52663
57665
57668
57670
57671
57672
57674
57675
57695
57696
57698
57699
57704
57705
57706
57709
57710
57717
58572
58574
58575
58597
58608
58609
58610
58616
58618
58619
58621
58961
58967
58968
58970
58971
59140
59141
59142
59155
59161
59164
59166
59167
59180
59182
59183
59264
59266
59272
59273
59274
59277
59297
59303
59304
59307
59316
59317
59318
59349
60208
60210
60211
60217
60220
60221
60222
60308
60309
60310
60311
60353
60356
60358
60359
60363
60383
60384
60386
60387
60392
60393
60394
60396
60397
60398
60405
62484
62485
62486
62487
62540
62542
62543
62564
62565
62566
62576
62577
62578
62583
62584
62585
62586
62587
62589
62640
62642
62643
62649
62652
62653
62654
62655
62972
62974
62975
62976
62978
62979
62984
62985
62986
62988
62989
62990
63009
63012
63013
63014
63015
63016
63018
63019
63025
63028
63029
63030
63031
63035
63108
63109
63110
63120
63122
63123
63129
63130
63132
63133
63134
63135
63139
63148
63150
63151
63184
63185
63186
63191
63192
63193
63194
63195
63197
132096
132097
132098
132100
132102
132103
132104
132106
132107
132124
132126
132127
132128
132130
132131
132136
132137
132138
132140
132141
132142
132211
132217
132220
132221
132222
132223
132224
132226
132227
132232
132233
132234
132236
132237
132238
132256
132257
132258
132260
132261
132262
132263
132264
132266
132267
132276
132277
132278
132283
132595
132601
132604
132605
132606
132607
132608
132610
132611
132616
132617
132618
132620
132621
132622
132623
132640
132641
132642
132644
132645
132646
132647
132648
132650
132651
132657
132660
132661
132662
132663
132667
132736
132737
132738
132740
132741
132742
132743
132744
132746
132747
132755
132761
132764
132765
132766
132767
132768
132770
132771
132776
132777
132778
132780
132781
132782
132783
132817
132820
132821
132822
132823
132827
136179
136185
136188
136189
136190
136191
137553
137556
137557
137558
137559
137563
138241
138244
138245
138246
138247
138251
138259
138265
138268
138269
138270
138271
138272
138275
138281
138282
138284
138285
138286
138287
138355
138361
138364
138365
138366
138367
138368
138370
138371
138376
138377
138378
138380
138381
138382
138383
138400
138401
138402
138404
138405
138406
138407
138408
138410
138411
138417
138420
138421
138422
138423
138427
138751
138752
138753
138754
138755
138759
138760
138761
138762
138763
138765
138783
138784
138785
138786
138787
138791
138792
138793
138794
138795
138797
138804
138805
138806
138880
138881
138882
138884
138886
138887
138888
138890
138891
138908
138910
138911
138912
138913
138914
138915
138920
138921
138922
138924
138925
138926
138933
138964
138965
138966
139092
139093
139094
142339
142345
142348
142349
142350
142351
142369
142372
142373
142374
142375
142379
142385
142388
142389
142390
142391
142395
142465
142468
142469
142470
142471
142475
142483
142489
142492
142493
142494
142495
142499
142505
142508
142509
142510
142511
142545
142548
142549
142550
142551
142555
142848
142849
142850
142852
142853
142854
142855
142856
142859
142867
142873
142876
142877
142878
142879
142883
142889
142890
142892
142893
142894
142895
142963
142969
142972
142973
142974
142975
142979
142985
142988
142989
142990
142991
143009
143012
143013
143014
143015
143019
143025
143028
143029
143030
143031
143035
143185
143188
143189
143190
143191
143195
217428
217429
217430
218112
218114
218115
218120
218121
218122
218124
218125
218126
218144
218145
218146
218148
218150
218151
218152
218154
218155
218164
218165
218166
218240
218241
218242
218244
218245
218246
218247
218248
218250
218251
218259
218268
218270
218271
218272
218274
218275
218280
218281
218282
218284
218285
218286
218321
218324
218325
218326
218327
218331
218629
218640
218641
218642
218643
218648
218649
218650
218652
218653
218654
218668
218670
218671
218739
218745
218748
218749
218750
218751
218752
218754
218755
218761
218762
218764
218765
218766
218767
218785
218788
218789
218790
218791
218795
218801
218802
218804
218805
218806
218807
218808
218810
218811
218949
218960
218961
218962
218963
218968
218969
218970
218971
218972
218973
218974
218975
218988
218991
220156
220158
220159
294949
295112
295159
295505
295512
295514
295712
295714
295721
295733
295836
295839
295888
295891
295897
295900
295902
297284
297286
297287
297322
297325
297333
298001
298008
298011
298113
298120
298122
298125
298148
298150
298151
298171
298197
298517
298563
298572
298575
298597
298608
298610
298611
298617
298620
298622
298684
298687
298816
298818
298819
298825
298828
298830
298831
298853
298854
298865
298866
298872
298874
298877
304401
304402
304408
304410
304411
304413
304513
304519
304520
304522
304523
304545
304548
304551
304552
304554
304555
304564
304566
304567
304596
304598
304599
307268
307269
307270
307296
307298
307299
307305
307308
307309
307310
307311
307317
307716
307717
307718
307719
307744
307745
307746
307747
307752
307753
307754
307756
307757
307758
307765
307766
307856
307858
307859
307865
307868
307870
307871
307887
307909
307920
307922
307923
307929
307932
307934
307935
307939
307948
307951
308049
308056
308058
308059
308061
309333
309504
309506
309507
309513
309516
309517
309518
309519
309540
309541
309542
309552
309553
309554
309555
309560
309561
309562
309563
309564
309565
309566
309652
309653
309654
309655
309697
309703
309704
309706
309707
309709
309729
309732
309734
309735
309736
309738
309739
309745
309748
309750
309751
309752
309755
310012
310015
310357
310528
310530
310531
310537
310540
310542
310543
310565
310566
310576
310577
310578
310579
310584
310585
310586
310588
310589
310590
310591
310676
310677
310678
310679
310720
310721
310722
310724
310727
310728
310729
310730
310731
310733
310753
310754
310756
310758
310759
310760
310762
310763
310765
310769
310772
310773
310774
310775
310776
310779
310991
311024
311027
311033
311036
311038
311039
