65564
65650
65713
65992
65994
66015
66019
66025
66111
66197
66244
66246
66265
67331
67337
67341
67359
67360
67362
67367
67368
67370
67443
67449
67452
67453
67454
67468
67469
67470
67488
67489
67492
67494
67495
67499
67509
67836
67838
68177
68180
68182
68187
68357
68370
68376
68378
68399
68431
68452
68454
68468
68469
68531
68537
72713
72716
72717
72718
72719
72736
72737
72738
72740
72742
72743
72746
72747
72756
72757
72758
72828
72829
72830
72831
72835
72840
72841
72842
72844
72845
72846
72863
72864
72865
72866
72867
72871
72872
72873
72874
72875
72885
73164
73166
73167
73185
73188
73189
73190
73195
73200
73201
73202
73204
73205
73206
73207
73211
73264
73266
73267
73271
73272
73273
73274
73276
73277
73345
73348
73349
73350
73360
73361
73362
73363
73367
73368
73369
73370
73371
73373
73388
73390
73391
73424
73425
73426
73428
73429
73430
73431
73435
74739
74744
74745
74748
74749
74750
76101
76112
76113
76114
76118
76119
76120
76122
76123
76143
76805
76816
76817
76818
76820
76822
76823
76826
76827
76867
76873
76876
76877
76878
76895
76896
76897
76898
76902
76903
76904
76906
76907
76917
76985
76988
76989
76990
77113
77116
77117
77118
77200
77201
77202
77206
77207
77211
77253
77264
77265
77266
77271
77274
77275
77513
77516
77517
77518
77536
77537
77538
77542
77543
77546
77547
77557
150591
150677
150720
150721
150722
150723
150727
150728
150729
150730
150731
150732
150733
150734
150751
150752
150753
150754
150755
150756
150758
150759
150760
150761
150762
150763
150765
150772
150773
150774
151061
151104
151105
151106
151107
151108
151110
151111
151112
151113
151114
151115
151117
151132
151134
151135
151136
151137
151138
151139
151143
151144
151145
151146
151147
151148
151149
151150
151157
151231
151316
151317
151318
151360
151361
151362
151363
151367
151368
151369
151370
151371
151372
151373
151374
151392
151393
151394
151395
151396
151398
151399
151400
151402
151403
151405
151412
151413
151414
151484
151486
151487
156736
156737
156738
156740
156742
156743
156744
156746
156747
156764
156766
156767
156768
156770
156771
156776
156777
156778
156780
156781
156782
156988
156990
156991
157076
157077
157078
157120
157121
157122
157124
157126
157127
157128
157130
157131
157148
157150
157151
157152
157154
157155
157160
157161
157162
157164
157165
157166
157376
157378
157379
157384
157385
157386
157388
157389
157390
157408
157409
157410
157412
157414
157415
157416
157418
157419
157428
157429
157430
160017
160020
160021
160022
160023
160064
160066
160067
160072
160073
160074
160076
160077
160078
160079
160096
160097
160098
160100
160102
160103
160104
160106
160107
160116
160117
160118
160185
160188
160190
160191
160960
160962
160963
160967
160968
160969
160970
160971
160972
160973
160974
160991
160992
160993
160994
160995
160996
160998
160999
161000
161001
161002
161003
161005
161012
161013
161014
161300
161301
161302
161344
161345
161346
161347
161351
161352
161353
161354
161355
161357
161374
161375
161376
161377
161378
161379
161383
161384
161385
161386
161387
161389
161397
161468
161470
161471
161557
161600
161601
161602
161604
161606
161607
161608
161610
161611
161619
161625
161628
161629
161630
161631
161634
161635
161640
161641
161642
161644
161645
161646
161727
162620
162622
162623
162708
162709
162710
162752
162753
162754
162756
162758
162759
162760
162762
162763
162780
162782
162783
162784
162786
162787
162792
162793
162794
162796
162797
162798
226110
226111
226196
226197
226240
226241
226242
226243
226246
226247
226248
226249
226250
226251
226253
226270
226271
226272
226273
226274
226275
226279
226280
226281
226282
226283
226284
226285
226293
227604
227605
227606
227648
227649
227650
227651
227655
227656
227657
227658
227659
227660
227661
227679
227680
227681
227682
227683
227686
227687
227688
227689
227690
227691
227693
227700
227701
227774
227775
228373
228416
228417
228418
228419
228420
228422
228423
228424
228425
228426
228427
228429
228444
228446
228447
228448
228449
228450
228451
228455
228456
228457
228458
228459
228460
228461
228462
228469
228543
228659
228665
228668
228669
228670
228671
228741
228752
228753
228754
228756
228757
228758
228759
228760
228762
228763
228801
228804
228805
228806
228811
228816
228817
228818
228819
228820
228822
228823
228824
228825
228826
228827
228829
228844
228846
228847
229058
229059
229064
229065
229066
229068
229069
229070
229071
229088
229089
229090
229092
229093
229094
229095
229096
229098
229099
229105
229108
229109
229110
294935
295006
295011
295017
295100
295183
295205
295221
295283
295288
295290
295328
295330
295339
295666
296069
296080
296081
296082
296086
296091
296145
296148
296149
296150
296396
296397
296398
296415
296418
296419
296423
296424
296426
296499
296504
296505
296509
296575
296576
296578
296583
296587
296595
296600
296601
296602
296620
296622
297923
297927
297928
297930
297949
297964
297965
299251
299255
299256
299257
299258
299261
299521
299524
299525
299526
299536
299537
299538
299540
299541
299542
299543
299547
299567
299584
299586
299587
299591
299592
299593
299594
299595
299603
299608
299609
299610
299612
299613
299628
299629
299630
299708
299710
299711
299845
299856
299857
299858
299860
299861
299862
299867
300815
300832
300833
300836
300837
300838
300843
300848
300849
300850
300852
300853
300854
300859
300915
300920
300921
300922
300924
300925
300926
300931
300936
300937
300940
300941
300942
300943
300956
300958
300959
300960
300961
300962
300963
300964
300966
300967
300968
300969
300970
300971
301285
301296
301297
301298
301299
301300
301301
301302
301303
301304
301306
301307
301567
301568
301569
301570
301571
301572
301573
301574
301575
301576
301578
301579
301586
301587
301591
301592
301593
301594
301597
301612
301613
301614
301615
301635
301640
301641
301644
301645
301646
301660
301661
301662
301663
301664
301666
301667
301671
301672
301673
301674
301675
301747
301752
301753
301754
301756
301757
301758
306956
306957
306958
306975
306976
306977
306978
306979
306982
306983
306984
306986
306987
307056
307057
307058
307060
307061
307062
307067
307108
307109
307120
307121
307124
307125
307126
307131
