32786
32839
32857
32876
33036
33037
33054
33059
33064
33066
33103
33120
33121
33124
33126
33131
33202
33840
33841
33842
33844
33846
33851
33907
33911
33912
33913
33914
33932
33934
33951
33954
33959
33962
34108
34109
34110
34175
34176
34177
34178
34180
34182
34187
34195
34199
34200
34201
34202
34222
34223
34499
34504
34505
34506
34524
34525
34537
34540
34541
35812
35813
35829
37056
37057
37058
37060
37061
37062
37067
37072
37074
37075
37078
37079
37080
37081
37082
37083
37102
37103
37324
37325
37326
37340
37341
37342
37343
37346
37347
37351
37352
37353
37354
37427
37431
37432
37433
37434
37436
37437
37500
37501
37502
37507
37511
37512
37513
37514
37523
37528
37529
37530
37532
37533
37534
37545
37548
37549
37550
38095
38113
38116
38117
38128
38129
38130
38132
38133
38134
38135
38139
38396
38397
38398
38399
38400
38402
38403
38407
38408
38409
38410
38411
38412
38413
38419
38424
38425
38426
38428
38429
38430
38435
38439
38440
38441
38442
38444
38445
38446
38476
38477
38478
38479
38494
38495
38496
38497
38498
38499
38500
38501
38502
38503
38504
38505
38506
38507
38576
38578
38579
38582
38583
38584
38585
38586
38587
38589
39695
39712
39713
39716
39717
39718
39723
39728
39729
39730
39732
39733
39734
39739
39792
39793
39794
39795
39796
39797
39798
39799
39800
39802
39803
39822
39823
39839
39840
39841
39842
39844
39845
39846
39847
39851
39861
44863
44933
44944
44945
44948
44949
44950
44955
44996
44997
45008
45009
45010
45012
45013
45014
45019
130099
130105
130108
130109
130110
130111
130193
130196
130197
130198
130199
130203
130241
130244
130245
130246
130247
130251
130258
130259
130264
130265
130268
130269
130270
130271
130275
130281
130284
130285
130286
130287
130561
130564
130565
130566
130576
130577
130578
130579
130580
130582
130583
130584
130585
130586
130587
130589
130606
130607
130633
130636
130637
130638
130639
130657
130660
130661
130662
130663
130667
130672
130673
130674
130676
130677
130678
130679
130680
130682
130683
130736
130738
130739
130743
130744
130745
130746
130748
130749
130750
130884
130885
130896
130897
130898
130900
130901
130902
130903
130904
130906
130907
130927
181187
181193
181196
181197
181198
181199
181217
181220
181221
181222
181223
181227
181233
181236
181237
181238
181239
181243
182593
182596
182597
182598
182599
182603
182611
182617
182620
182621
182622
182623
182627
182633
182636
182637
182638
182639
183313
183316
183317
183318
183319
183323
183363
183369
183372
183373
183374
183375
183393
183396
183397
183398
183399
183403
183408
183409
183412
183413
183414
183415
183418
183419
183475
183481
183484
183485
183486
183487
183747
183753
183756
183757
183758
183759
183777
183780
183781
183782
183783
183787
183792
183793
183794
183796
183797
183798
183799
183800
183802
183803
183856
183858
183859
183864
183865
183866
183868
183869
183870
183871
183952
183953
183954
183956
183957
183958
183959
183960
183962
183963
184001
184004
184005
184006
184007
184011
184016
184018
184019
184024
184025
184026
184028
184029
184030
184031
184035
184041
184044
184045
184046
184047
188737
188740
188741
188742
188743
188747
188752
188754
188755
188760
188761
188762
188764
188765
188766
188767
188771
188777
188780
188781
188782
188783
189488
189490
189491
189496
189497
189498
189500
189501
189502
189584
189585
189586
189588
189590
189591
189592
189594
189595
189636
189637
189638
189648
189650
189651
189656
189657
189658
189660
189661
189662
189663
189676
189678
189679
189968
189969
189970
189972
189973
189974
189975
189976
189978
189979
190019
190025
190028
190030
190031
190049
190052
190053
190054
190055
190064
190065
190066
190068
190070
190071
190072
190074
190075
190128
190130
190131
190136
190137
190138
190140
190141
190142
190143
190273
190276
190277
190278
190279
190283
190288
190290
190291
190296
190297
190298
190300
190301
190302
190303
190307
190313
190316
190317
190318
190319
191436
191438
191439
191457
191460
191461
191462
191463
191472
191473
191474
191476
191478
191479
191480
191482
191483
193552
193553
193554
193556
193557
193558
193559
193560
193562
193563
193603
193609
193612
193613
193614
193615
193633
193636
193637
193638
193639
193643
193648
193649
193650
193652
193653
193654
193655
193656
193658
193659
193712
193714
193715
193720
193721
193722
193724
193725
193726
193727
193984
193986
193987
193992
193993
193994
193996
193997
193998
194016
194017
194018
194020
194022
194023
194024
194026
194027
194036
194037
194038
194099
194105
194108
194109
194110
194111
194193
194196
194197
194198
194199
194203
194240
194241
194244
194245
194246
194247
194251
194259
194265
194268
194269
194270
194271
194275
194281
194284
194285
194286
194287
262269
262308
262310
262607
262629
262644
262646
262707
262713
262800
262802
262871
263993
263996
263997
263998
264080
264081
264087
264091
264133
264144
264146
264151
264152
264154
264175
264396
264398
264417
264420
264422
264427
264437
264768
264770
264776
264778
264799
264803
264808
264809
265025
265031
265035
265052
265054
265069
269516
269518
269519
269537
269540
269541
269542
269547
269553
269556
269557
269558
269559
269563
269845
269888
269889
269890
269892
269894
269895
269896
269898
269899
269913
269916
269917
269918
269919
269923
269928
269929
269930
269932
269933
269934
270015
270100
270101
270102
270144
270145
270146
270147
270151
270152
270153
270154
270155
270157
270172
270174
270175
270176
270177
270178
270179
270183
270184
270185
270186
270187
270189
270271
271152
271154
271155
271160
271161
271162
271164
271165
271166
271237
271248
271249
271250
271251
271255
271256
271257
271258
271259
271279
271301
271312
271313
271314
271316
271318
271319
271320
271322
271323
272469
272640
272642
272643
272647
272648
272649
272650
272651
272668
272670
272671
272672
272674
272675
272680
272681
272682
272685
272755
272761
272764
272765
272766
272780
272781
272782
272783
272801
272804
272805
272806
272807
272811
272820
272821
272822
273151
273664
273665
273666
273668
273670
273671
273675
273692
273693
273694
273699
273705
273708
273709
273710
273778
273779
273784
273785
273786
273789
273807
273828
273829
273830
273841
273844
273846
273847
273851
