32829
32916
32993
33003
33014
33362
33541
33567
33583
33696
33698
33705
33745
33752
33754
35137
35144
35146
35149
35172
35175
35191
35955
35964
35966
35967
35983
36016
36018
36019
36025
36030
36369
36375
36376
36379
36480
36482
36489
36493
36516
36518
36529
36536
36538
36539
36565
36676
36678
36679
36705
36706
36712
36714
36717
36725
42244
42246
42247
42272
42273
42274
42275
42280
42281
42282
42285
42286
42293
42384
42387
42393
42396
42398
42399
42412
42415
42448
42450
42451
42457
42460
42462
42463
45137
45143
45144
45146
45147
45149
45519
45552
45554
45555
45561
45564
45566
45567
45571
45580
45582
45583
45605
45616
45618
45619
45625
45628
45629
45630
45631
45716
45717
45718
45760
45761
45762
45768
45769
45770
45771
45773
45796
45798
45799
45809
45812
45815
45816
45818
45819
47184
47185
47186
47187
47192
47193
47194
47196
47197
47198
47199
47215
47616
47617
47618
47619
47624
47625
47626
47628
47629
47630
47631
47652
47653
47654
47655
47665
47666
47671
47672
47674
47675
47677
47761
47764
47766
47767
47768
47770
47771
47809
47812
47814
47815
47816
47819
47840
47841
47842
47848
47849
47850
47851
47853
47860
47861
47862
47863
47957
48389
48400
48402
48403
48409
48412
48414
48415
48416
48419
48425
48428
48430
48431
48513
48516
48517
48518
48519
48520
48523
48544
48545
48546
48547
48552
48553
48554
48555
48556
48557
48558
48564
48565
48566
48593
48596
48598
48599
48600
48602
48603
119061
119062
119104
119105
119106
119107
119111
119112
119113
119114
119115
119117
119118
119135
119136
119137
119138
119139
119140
119143
119144
119145
119146
119147
119149
119157
119158
119228
119231
119871
119957
120000
120001
120002
120003
120007
120008
120009
120010
120011
120012
120013
120014
120031
120032
120033
120034
120035
120036
120038
120039
120040
120041
120042
120043
120045
120052
120053
120054
120385
120386
120388
120389
120390
120391
120392
120394
120395
120403
120412
120414
120415
120416
120418
120419
120424
120425
120426
120428
120429
120430
120431
120593
120596
120597
120598
120599
120603
120643
120649
120652
120654
120655
120676
120677
120678
120688
120689
120690
120691
120695
120696
120697
120698
120699
120700
120701
120702
120719
120752
120754
120755
120760
120761
120762
120764
120765
120766
120767
121660
121662
121663
121749
121750
121792
121793
121794
121795
121796
121799
121800
121801
121802
121803
121805
121820
121823
121824
121825
121826
121827
121831
121832
121833
121834
121835
121837
121838
121845
197653
197696
197697
197698
197699
197700
197702
197703
197704
197705
197706
197707
197709
197724
197726
197727
197728
197729
197730
197731
197735
197736
197737
197738
197739
197740
197741
197742
197749
197823
197948
197950
197951
198036
198037
198038
198080
198081
198082
198083
198084
198086
198087
198088
198089
198090
198091
198093
198108
198110
198111
198112
198113
198114
198115
198119
198120
198121
198122
198124
198125
198126
198207
198293
198336
198337
198338
198339
198343
198344
198345
198346
198347
198348
198349
198350
198367
198368
198369
198370
198371
198372
198374
198375
198376
198377
198378
198379
198381
198388
198389
198390
201523
201532
201533
201534
201535
201620
201621
201622
201627
201664
201665
201666
201668
201669
201670
201671
201672
201674
201675
201692
201694
201695
201696
201698
201699
201704
201705
201706
201708
201709
201710
203028
203029
203030
203072
203074
203075
203080
203081
203082
203084
203085
203086
203104
203105
203106
203108
203110
203111
203112
203114
203115
203124
203125
203126
203196
203198
203199
203840
203841
203842
203844
203846
203847
203848
203849
203850
203851
203853
203868
203870
203871
203872
203873
203874
203875
203879
203880
203881
203882
203883
203884
203885
203886
203893
204095
204181
204224
204226
204227
204232
204233
204234
204236
204237
204238
204257
204258
204260
204262
204263
204264
204266
204267
204273
204276
204277
204278
204279
204283
204348
204350
204351
204436
204437
204438
204480
204481
204482
204483
204487
204488
204489
204490
204491
204493
204511
204512
204513
204514
204515
204519
204520
204521
204522
204523
204525
204533
204534
208064
208066
208067
208072
208073
208074
208076
208077
208078
208096
208097
208098
208100
208102
208103
208104
208106
208107
208116
208117
208118
208448
208449
208450
208452
208454
208455
208456
208458
208459
208476
208478
208479
208480
208482
208483
208488
208489
208490
208492
208493
208494
208660
208661
208662
208704
208706
208707
208712
208713
208714
208716
208717
208718
208736
208737
208738
208740
208742
208743
208744
208746
208747
208756
208757
208758
208828
208830
208831
278580
278675
278738
279061
279116
279118
279163
279231
279368
279370
279393
279403
279413
280660
280662
280847
280869
280882
280888
280890
280977
280987
281029
281052
281055
281068
281070
281331
281337
281340
281342
281857
281863
281867
281888
281890
281896
281898
281901
281909
281988
281990
281991
282015
282016
282019
282025
282028
282029
282030
282065
282068
282070
282071
282075
287057
287060
287062
287063
287064
287067
287759
287792
287794
287795
287801
287802
287804
287805
287806
287892
287894
287895
287899
287937
287940
287942
287943
287947
287967
287968
287970
287971
287976
287977
287978
287981
287982
287989
288324
288326
288327
288331
288351
288352
288354
288355
288361
288362
288365
288366
288532
288534
288535
288539
288591
288624
288626
288627
288633
288634
288637
288688
288690
288691
288697
288701
288702
289743
289765
289776
289778
289779
289784
289785
289786
289789
289790
291844
291845
291846
291847
291851
291868
291870
291871
291872
291874
291875
291881
291882
291884
291885
291886
291969
291972
291974
291975
291976
291978
291979
291999
292000
292001
292002
292003
292008
292009
292010
292011
292013
292021
292052
292053
292054
292055
292368
292369
292370
292372
292375
292376
292378
292379
292381
292464
292466
292467
292473
292476
292477
292478
292479
292483
292492
292494
292495
292516
292517
292518
292528
292529
292530
292531
292535
292536
292537
292538
292539
292541
292676
292677
292678
292688
292690
292691
292697
292700
292701
292702
292703
292707
292713
292716
292718
292719
