65598
65786
65789
66132
66134
66312
66315
66456
66459
66500
66502
66503
66529
66536
66538
66541
66550
67933
68613
68640
68642
68643
68649
68654
68661
68752
68755
68761
68764
68766
68767
68819
68828
68831
68847
69189
69216
69218
69219
69225
69228
69230
69231
69392
69394
69395
69401
69406
69508
69510
69511
69537
69538
69544
69546
69549
69557
69558
69585
69592
69594
69595
69597
75076
75079
75080
75083
75105
75111
75112
75114
75115
75117
75124
75126
75127
77844
77846
77847
77848
77851
77953
77960
77962
77963
77965
77988
77990
77991
78001
78008
78010
78011
78013
78036
78037
78038
78039
78400
78402
78403
78409
78410
78412
78413
78414
78415
78437
78438
78448
78449
78450
78451
78456
78457
78458
78461
78462
78613
78671
78704
78707
78713
78716
78718
78719
78720
78722
78723
78729
78732
78734
78735
78757
78768
78770
78771
78777
78780
78782
78783
78805
80149
80150
80240
80243
80252
80255
80256
80258
80259
80265
80268
80270
80271
80293
80304
80306
80307
80313
80316
80317
80318
80319
80341
80960
80961
80962
80963
80968
80969
80970
80971
80972
80973
80974
80975
80996
80997
80998
80999
81008
81009
81010
81011
81016
81017
81018
81019
81021
81022
81425
81428
81430
81431
81432
81434
81435
81437
81537
81538
81540
81543
81544
81546
81547
81549
81569
81572
81574
81575
81576
81579
81585
81588
81590
81591
81592
81594
81595
81597
81620
81621
81622
81623
81729
81732
81733
81734
81735
81736
81739
81760
81761
81762
81763
81767
81768
81769
81770
81771
81773
81774
81780
81781
81782
81783
152656
152657
152658
152660
152662
152663
152664
152666
152667
152844
152846
152847
152868
152869
152870
152880
152881
152882
152883
152884
152886
152887
152888
152889
152890
152891
152893
152965
152976
152977
152978
152979
152980
152983
152984
152985
152986
152987
152989
152990
153007
153028
153029
153030
153040
153042
153043
153049
153050
153052
153053
153054
153055
153056
153059
153065
153068
153070
153071
153295
153317
153328
153329
153330
153331
153336
153337
153338
153340
153341
153342
229636
229637
229638
229648
229650
229651
229656
229657
229658
229660
229661
229662
229676
229678
229679
229744
229746
229747
229752
229753
229754
229756
229757
229758
229772
229774
229775
229796
229797
229798
229808
229809
229810
229812
229814
229815
229816
229818
229819
230640
230642
230643
230647
230648
230649
230650
230652
230653
230654
230981
230992
230993
230994
230995
230996
230998
230999
231000
231001
231002
231003
231023
231172
231173
231174
231184
231185
231186
231187
231191
231192
231193
231194
231195
231196
231197
231198
231212
231214
231215
231247
231269
231280
231281
231282
231283
231287
231288
231289
231290
231291
231292
231293
231294
231308
231310
231311
231332
231333
231334
231344
231345
231346
231347
231348
231350
231351
231352
231353
231354
231355
231357
232204
232206
232207
232228
232229
232230
232240
232241
232242
232244
232246
232247
232248
232250
232251
232324
232325
232326
232336
232338
232339
232344
232345
232346
232348
232349
232350
232364
232366
232367
232400
232401
232402
232404
232406
232407
232408
232410
232411
236751
236773
236784
236785
236786
236787
236791
236792
236793
236794
236795
236796
236797
236798
237136
237137
237138
237140
237142
237143
237144
237146
237147
237316
237317
237318
237328
237330
237331
237336
237337
237338
237340
237341
237342
237356
237358
237359
237424
237426
237427
237433
237436
237437
237438
237439
237443
237449
237452
237453
237454
237455
237473
237476
237477
237478
237479
237483
237488
237489
237490
237492
237494
237495
237496
237498
237499
238348
238350
238351
238372
238373
238374
238384
238385
238386
238387
238388
238390
238391
238392
238393
238394
238395
238397
238468
238469
238470
238480
238481
238482
238483
238487
238488
238489
238490
238491
238492
238493
238494
238508
238510
238511
238533
238544
238545
238546
238547
238548
238550
238551
238552
238553
238554
238555
238557
238575
239876
239877
239878
239888
239889
239890
239891
239895
239896
239897
239898
239899
239900
239901
239902
239916
239918
239919
239951
239973
239984
239985
239986
239987
239991
239992
239993
239994
239995
239996
239997
239998
240012
240014
240015
240036
240037
240038
240048
240049
240050
240051
240052
240054
240055
240056
240057
240058
240059
240061
240709
240720
240721
240722
240723
240724
240726
240727
240728
240729
240730
240731
240733
240751
240908
240910
240911
240932
240933
240934
240944
240945
240946
240947
240948
240950
240951
240952
240953
240954
240955
240957
241028
241029
241030
241040
241041
241042
241043
241047
241048
241049
241050
241051
241052
241053
241054
241068
241070
241071
241093
241104
241105
241106
241107
241108
241110
241111
241112
241113
241114
241115
241117
241135
241359
241381
241392
241393
241394
241395
241399
241400
241401
241402
241403
241404
241405
241406
311349
311508
311510
311824
311826
311973
311985
311991
311995
312144
312146
312152
312154
313408
313410
313411
313416
313417
313418
313421
313441
313447
313451
313461
313807
313829
313841
313851
313907
313913
314004
314006
314052
314054
314076
314078
314079
314083
314092
314094
314688
314690
314696
314698
314701
314721
314722
314727
314728
314730
314731
314741
319573
319744
319745
319746
319747
319751
319752
319753
319754
319755
319757
319776
319777
319778
319783
319784
319786
319787
319796
319797
319798
319873
319876
319878
319879
319883
319900
319902
319903
319904
319906
319907
319913
319916
319917
319918
319953
319956
319957
319958
319959
319963
320255
321331
321337
321340
321341
321342
321428
321430
321431
321473
321476
321478
321479
321483
321500
321503
321507
321513
321516
321517
321518
321740
321742
321743
321764
321765
321766
321777
321783
321784
321786
321787
322117
322128
322130
322131
322136
322137
322138
322141
322159
322309
322320
322322
322323
322328
322329
322330
322333
322351
322419
322425
322428
322429
322430
322431
322444
322446
322447
322468
322469
322470
322480
322481
322482
322487
322488
322490
322491
324693
324864
324865
324866
324867
324872
324873
324874
324875
324876
324877
324878
324896
324897
324898
324900
324902
324903
324904
324906
324907
324916
324917
324918
324993
324996
324997
324998
324999
325003
325011
325017
325020
325022
325023
325024
325026
325027
325033
325034
325036
325037
325038
325039
325073
325076
325077
325078
325079
325083
325375
