65659
65712
65985
65995
66013
66028
66030
66240
66242
66247
66268
66285
66815
67157
67329
67332
67334
67339
67347
67353
67357
67372
67374
67407
67428
67429
67441
67444
67445
67446
67451
67504
67506
67511
67512
67514
68352
68354
68359
68360
68362
68380
68382
68393
68397
68464
68466
68471
68529
68534
68539
70652
70653
70654
70655
72005
72016
72017
72018
72020
72021
72022
72023
72027
72708
72709
72720
72721
72722
72723
72724
72726
72727
72728
72730
72731
72751
72771
72777
72780
72781
72782
72799
72800
72801
72802
72804
72806
72807
72808
72810
72811
72821
72883
72888
72889
72892
72893
72894
73011
73017
73020
73021
73022
73023
73093
73104
73105
73106
73108
73110
73111
73112
73114
73115
73135
73156
73157
73158
73168
73169
73170
73171
73172
73174
73175
73176
73177
73178
73179
73199
73411
73417
73420
73421
73422
73439
73440
73441
73442
73444
73446
73447
73448
73450
73451
73461
76803
76808
76809
76810
76812
76813
76814
76831
76832
76834
76835
76839
76840
76841
76842
76843
76915
76920
76921
76922
76925
76940
76942
76943
76961
76964
76965
76966
76971
76980
76981
76982
77248
77250
77251
77255
77256
77257
77258
77276
77278
77279
77283
77288
77289
77290
77293
77375
77460
77461
77462
77505
77508
77509
77510
77522
77523
77527
77528
77529
77530
77533
77550
77551
150780
150782
150783
151124
151125
151126
151296
151297
151298
151299
151300
151302
151303
151304
151305
151306
151307
151309
151324
151326
151327
151328
151329
151330
151331
151335
151336
151337
151338
151339
151340
151341
151342
151349
151423
151424
151425
151426
151427
151431
151432
151433
151434
151435
151437
151455
151456
151457
151458
151459
151462
151463
151464
151465
151466
151467
151469
151476
151477
151509
156757
156928
156929
156930
156931
156934
156935
156936
156937
156938
156939
156941
156959
156960
156961
156962
156963
156967
156968
156969
156970
156971
156972
156973
156981
157055
157056
157057
157058
157059
157063
157064
157065
157066
157067
157069
157087
157088
157089
157090
157091
157095
157096
157097
157098
157099
157101
157109
157141
157439
159828
159829
159830
160000
160001
160002
160003
160007
160008
160009
160010
160011
160012
160013
160014
160031
160032
160033
160034
160035
160036
160038
160039
160040
160041
160042
160043
160045
160052
160053
160054
160127
160128
160129
160130
160131
160132
160134
160135
160136
160137
160138
160139
160141
160156
160158
160159
160160
160161
160162
160163
160167
160168
160169
160170
160171
160172
160173
160174
160181
160212
160213
160214
160508
160510
160511
161020
161022
161023
161364
161365
161366
161536
161537
161538
161539
161540
161542
161543
161544
161546
161547
161561
161564
161565
161566
161567
161568
161570
161571
161576
161577
161578
161580
161581
161582
161648
161650
161651
161656
161657
161658
161660
161661
161662
161673
161676
161677
161678
161679
161696
161697
161700
161701
161702
161703
161707
161713
161716
161717
161718
161719
161723
162047
162389
162560
162561
162562
162563
162567
162568
162569
162570
162571
162572
162573
162574
162591
162592
162593
162594
162595
162598
162599
162600
162601
162602
162603
162605
162613
162684
162686
162687
162688
162689
162690
162691
162695
162696
162697
162698
162699
162700
162701
162719
162720
162721
162722
162723
162726
162727
162728
162729
162730
162731
162733
162741
162773
225535
225877
226048
226049
226050
226051
226055
226056
226057
226058
226059
226060
226061
226062
226079
226080
226081
226082
226083
226084
226086
226087
226088
226089
226090
226091
226093
226100
226101
226102
226175
226176
226177
226178
226179
226180
226182
226183
226184
226185
226186
226187
226189
226204
226206
226207
226208
226209
226210
226211
226215
226216
226217
226218
226219
226220
226221
226222
226229
226260
226261
226262
227412
227413
227584
227585
227586
227587
227590
227591
227592
227593
227594
227595
227597
227612
227614
227615
227616
227617
227618
227619
227623
227624
227625
227626
227627
227628
227629
227630
227637
227708
227710
227711
227712
227713
227714
227715
227719
227720
227721
227722
227723
227724
227725
227726
227743
227744
227745
227746
227747
227748
227750
227751
227752
227753
227754
227755
227757
227764
227765
227766
227797
228095
228437
228608
228609
228610
228611
228612
228614
228615
228616
228617
228618
228619
228621
228633
228636
228637
228638
228639
228640
228642
228643
228647
228648
228649
228650
228652
228653
228654
228720
228722
228723
228727
228728
228729
228730
228731
228732
228733
228734
228748
228749
228750
228751
228768
228769
228772
228773
228774
228775
228779
228784
228785
228788
228789
228790
228791
228795
229119
294938
294989
295216
295217
295227
295292
295293
295294
295331
295336
295338
295668
295670
296128
296129
296130
296134
296139
296147
296152
296153
296154
296174
296432
296433
296434
296436
296438
296439
296443
296463
296484
296485
296497
296500
296501
296502
296563
296569
296573
296588
296589
296590
296607
296608
296610
296615
296618
296619
297877
297921
297924
297925
297926
297938
297943
297946
297967
299776
299777
299778
299780
299781
299782
299783
299787
299794
299795
299799
299800
299801
299802
299820
299822
299823
299843
299848
299849
299852
299853
299854
299868
299870
299871
299872
299874
299875
299879
299880
299881
299882
299883
299955
299960
299961
299964
299965
299966
300863
300945
300948
300949
300950
300992
300993
300994
300996
300997
300998
300999
301002
301003
301008
301010
301011
301015
301016
301017
301018
301019
301020
301021
301022
301036
301037
301038
301039
301119
301204
301205
301248
301249
301250
301252
301253
301254
301255
301256
301258
301259
301264
301266
301267
301271
301272
301273
301274
301277
301292
301293
301294
301295
301519
301541
301552
301553
301554
301556
301557
301558
301559
301563
301583
301601
301604
301605
301606
301616
301617
301618
301620
301621
301622
301627
301683
301687
301688
301689
301690
301692
301693
301694
301705
301708
301709
301710
301726
301727
301728
301729
301730
301731
301734
301735
301736
301737
301738
301739
306431
306772
306773
306944
306945
306946
306948
306949
306950
306955
306960
306962
306963
306967
306968
306970
306971
306991
307011
307016
307017
307020
307021
307036
307038
307043
307047
307048
307049
307050
307132
307133
307134
