16409
16486
16563
16772
16774
16792
16794
16815
16853
17100
17102
17120
17122
17615
17636
17637
17638
17652
17653
17654
17924
17925
17926
17936
17938
17943
17944
17946
17947
17967
17996
17997
17998
18015
18016
18018
18023
18024
18026
18108
18109
18110
18257
18260
18261
18262
19250
19255
19256
19258
19327
19328
19330
19335
19356
19357
19372
19373
19374
21305
21308
21309
21310
21376
21377
21380
21381
21382
21387
21392
21393
21394
21395
21399
21400
21401
21402
21403
21423
21457
21460
21461
21462
21467
22529
22532
22533
22534
22544
22545
22546
22547
22548
22550
22551
22552
22553
22554
22555
22575
22595
22600
22601
22604
22605
22606
22622
22623
22624
22625
22626
22627
22628
22630
22631
22632
22633
22634
22635
22707
22712
22713
22716
22717
22718
22832
22833
22834
22835
22839
22840
22841
22842
22843
22911
22912
22913
22914
22915
22918
22919
22920
22921
22922
22923
22931
22936
22937
22940
22941
22942
22947
22953
22956
22957
22958
23244
23246
23247
23264
23265
23266
23268
23269
23270
23275
23281
23284
23285
23286
23291
23877
23888
23889
23890
23892
23893
23894
23895
23896
23898
23899
23919
27843
27849
27852
27853
27854
27871
27872
27874
27875
27879
27880
27881
27882
27883
28159
28160
28162
28163
28167
28168
28170
28188
28189
28190
28195
28201
28204
28205
28206
28239
28257
28260
28261
28262
28273
28276
28277
28278
28283
28336
28337
28338
28343
28344
28346
28347
110594
110595
110601
110604
110605
110606
110607
110625
110628
110629
110630
110631
110635
110641
110644
110645
110646
110647
110651
110721
110724
110725
110726
110727
110731
110739
110745
110748
110749
110750
110751
110755
110761
110764
110765
110766
110767
110801
110804
110805
110806
110807
110810
110811
111105
111108
111109
111110
111111
111115
111120
111122
111123
111128
111129
111130
111132
111133
111134
111135
111139
111145
111148
111149
111150
111151
111218
111219
111224
111225
111228
111229
111230
111231
111235
111241
111244
111245
111246
111247
111265
111268
111269
111270
111271
111275
111280
111281
111282
111284
111285
111286
111287
111288
111290
111291
111440
111441
111442
111444
111445
111446
111447
111448
111450
111451
112627
112633
112636
112637
112638
112639
112642
112643
112648
112649
112650
112652
112653
112654
112671
112672
112673
112674
112675
112676
112678
112679
112680
112681
112682
112683
112685
112692
112693
112761
112764
112765
112766
112767
112768
112770
112771
112776
112777
112778
112780
112781
112782
112799
112800
112801
112802
112803
112804
112806
112807
112808
112809
112810
112811
112813
112820
112821
113138
113139
113144
113145
113146
113148
113149
113150
113151
113155
113161
113164
113165
113166
113167
113185
113188
113189
113190
113191
113195
113200
113201
113204
113205
113206
113207
113211
113280
113281
113282
113284
113285
113286
113287
113288
113290
113291
113299
113305
113308
113309
113310
113311
113315
113320
113321
113324
113325
113326
113327
113361
113364
113365
113366
113367
113371
167923
167929
167932
167933
167934
167935
173393
173396
173397
173398
173399
173403
176128
176129
176132
176133
176134
176135
176136
176138
176139
176147
176153
176156
176157
176158
176159
176160
176162
176163
176168
176169
176170
176172
176173
176174
176175
176243
176249
176252
176253
176254
176255
176256
176258
176259
176264
176265
176266
176268
176269
176270
176271
176288
176289
176290
176292
176293
176294
176295
176296
176298
176299
176305
176308
176309
176310
176311
176315
176627
176633
176636
176637
176638
176639
176640
176642
176643
176648
176649
176650
176652
176653
176654
176655
176672
176673
176674
176676
176677
176678
176679
176680
176682
176683
176689
176692
176693
176694
176695
176699
176768
176769
176770
176772
176773
176774
176775
176776
176778
176779
176787
176793
176796
176797
176798
176799
176800
176802
176803
176808
176809
176810
176812
176813
176814
176815
176849
176852
176853
176854
176855
176859
178126
178127
178148
178149
178150
178160
178161
178162
178164
178165
178166
178167
178168
178170
178171
178191
178213
178224
178225
178226
178227
178230
178231
178232
178233
178234
178235
178237
178305
178308
178309
178310
178311
178315
178320
178322
178323
178327
178328
178329
178330
178332
178333
178334
178348
178350
178351
178384
178385
178386
178388
178389
178390
178391
178392
178394
178395
178688
178689
178690
178692
178693
178694
178695
178696
178698
178699
178707
178713
178716
178717
178718
178719
178720
178722
178723
178728
178729
178730
178732
178733
178734
178735
178803
178808
178809
178812
178813
178814
178815
178819
178825
178828
178829
178830
178831
178848
178849
178850
178852
178853
178854
178855
178858
178859
178865
178868
178869
178870
178871
178875
179025
179028
179029
179030
179031
179035
245771
245860
245877
245944
246076
246077
246149
246160
246162
246167
246225
246228
246230
246477
246503
247024
247025
247026
247031
247035
247313
247316
247317
247318
247363
247367
247368
247369
247370
247388
247390
247395
247401
247405
247487
247620
247621
247632
247634
247639
247640
247642
247643
247663
248624
248625
248630
248635
248707
248712
248713
248714
248734
248739
248745
250687
250772
250773
250774
250816
250817
250818
250820
250821
250822
250827
250832
250834
250835
250839
250840
250841
250842
250860
250862
250863
251925
251968
251969
251970
251972
251973
251974
251975
251978
251979
251986
251987
251991
251992
251993
251994
251996
251997
252012
252013
252014
252015
252095
252172
252173
252174
252175
252192
252193
252194
252196
252197
252198
252199
252203
252212
252213
252214
252275
252280
252281
252282
252284
252285
252286
252300
252301
252302
252303
252319
252320
252321
252322
252324
252326
252327
252328
252330
252331
252341
252656
252658
252659
252663
252664
252665
252666
252669
253204
253205
253206
253248
253249
253250
253251
253252
253254
253255
253256
253257
253258
253259
253267
253273
253276
253277
253278
253279
253283
253288
253289
253290
253292
253293
253294
253375
257216
257217
257218
257222
257223
257224
257226
257227
257235
257240
257241
257244
257245
257246
257260
257261
257262
257532
257533
257534
257545
257548
257549
257550
257567
257568
257570
257575
257576
257578
257579
257648
257650
257651
257655
257656
257657
257658
257679
257697
257700
257701
257702
257707
257716
257717
257718
