32818
32973
32996
33019
33540
33543
33569
33576
33578
33590
33682
33733
33760
33763
33769
33772
33774
35167
35180
35183
35856
35858
35859
35865
35868
35870
35972
35974
36002
36010
36013
36021
36049
36056
36058
36059
36061
36417
36424
36426
36427
36452
36455
36459
36468
36471
36628
36630
36631
36736
36738
36739
36745
36748
36750
36773
36774
36785
36792
36794
36795
36797
36821
42261
42316
42319
42352
42354
42355
42361
42364
42366
42367
42383
42416
42419
42425
42428
42430
42431
45120
45122
45123
45129
45132
45134
45135
45157
45158
45168
45169
45170
45176
45177
45178
45179
45181
45182
45585
45588
45591
45592
45594
45595
45597
45697
45704
45706
45707
45709
45732
45734
45735
45739
45745
45748
45750
45751
45752
45754
45755
45780
45782
45783
45892
45894
45895
45921
45922
45928
45930
45931
45933
45940
45941
45942
45943
47365
47376
47378
47379
47385
47388
47390
47391
47392
47395
47401
47404
47406
47407
47493
47494
47519
47520
47522
47523
47529
47532
47533
47534
47535
47541
47568
47569
47570
47571
47576
47577
47578
47580
47581
47582
47583
48197
48208
48210
48211
48217
48220
48221
48222
48223
48227
48236
48239
48640
48641
48642
48644
48647
48648
48649
48650
48651
48653
48673
48676
48678
48679
48680
48682
48683
48685
48689
48692
48694
48695
48696
48698
48699
48784
48785
48786
48791
48792
48793
48794
48795
48797
48798
48836
48837
48838
48839
48864
48865
48866
48867
48872
48873
48874
48875
48876
48877
48878
48879
48885
48886
48980
48981
48982
48983
119825
119828
119829
119830
119831
119835
119875
119881
119884
119885
119886
119887
119905
119908
119909
119910
119911
119915
119921
119922
119924
119925
119926
119927
119928
119931
119987
119993
119996
119997
119998
119999
120268
120271
120293
120304
120306
120307
120312
120313
120314
120316
120317
120318
120319
120323
120332
120334
120335
120357
120358
120368
120369
120370
120371
120375
120376
120377
120378
120379
120380
120381
120382
120464
120465
120466
120468
120470
120471
120472
120474
120475
120477
120516
120517
120518
120519
120523
120528
120530
120531
120536
120537
120538
120540
120541
120542
120543
120547
120553
120556
120557
120558
120559
196929
196932
196933
196934
196935
196939
196947
196953
196956
196957
196958
196959
196963
196969
196972
196973
196974
196975
197683
197689
197692
197693
197694
197695
197777
197780
197781
197782
197783
197787
197825
197828
197829
197830
197831
197835
197840
197843
197849
197850
197852
197853
197854
197855
197859
197865
197868
197869
197870
197871
198160
198161
198162
198164
198165
198166
198167
198168
198170
198171
198211
198217
198220
198221
198222
198223
198241
198244
198245
198246
198247
198251
198256
198257
198258
198260
198261
198262
198263
198264
198266
198267
198320
198322
198323
198328
198329
198330
198332
198333
198334
198335
198465
198468
198469
198470
198471
198475
198480
198482
198483
198488
198489
198490
198492
198493
198494
198495
198499
198505
198508
198509
198510
198511
199619
199625
199628
199629
199630
199631
199649
199652
199653
199654
199655
199659
199665
199668
199669
199670
199671
199675
203824
203826
203827
203832
203833
203834
203836
203837
203838
203839
203920
203921
203922
203924
203925
203926
203927
203928
203930
203931
203969
203972
203973
203974
203975
203979
203984
203986
203987
203992
203993
203994
203996
203997
203998
203999
204003
204009
204012
204013
204014
204015
204305
204308
204309
204310
204311
204315
204352
204355
204361
204364
204365
204366
204367
204385
204388
204389
204390
204391
204395
204401
204404
204405
204406
204407
204411
204467
204473
204476
204477
204478
204479
204608
204609
204610
204612
204614
204615
204616
204618
204619
204636
204638
204639
204640
204642
204643
204648
204649
204650
204652
204653
204654
205763
205769
205772
205773
205774
205775
205793
205796
205797
205798
205799
205803
205808
205809
205810
205812
205813
205814
205815
205816
205818
205819
207172
207173
207174
207184
207186
207187
207192
207193
207194
207196
207197
207198
207203
207212
207213
207214
207215
207888
207889
207890
207892
207894
207895
207896
207898
207899
207948
207950
207951
207972
207973
207974
207984
207985
207986
207988
207989
207990
207991
207992
207994
207995
208048
208050
208051
208056
208057
208058
208060
208061
208062
208323
208329
208332
208333
208334
208335
208353
208356
208357
208358
208359
208363
208368
208369
208370
208372
208373
208374
208375
208376
208378
208379
208432
208434
208435
208440
208441
208442
208444
208445
208446
208447
208528
208529
208530
208532
208533
208534
208535
208536
208538
208539
208577
208580
208581
208582
208587
208592
208594
208595
208600
208601
208602
208604
208605
208606
208611
208620
208621
208622
208623
278700
278702
278743
279057
279067
279165
279216
279218
279365
279388
279390
279407
280644
280646
280671
280675
280681
280684
280686
281027
281033
281037
281063
281076
281078
281280
281282
281288
281290
281313
281320
281323
281333
281876
281878
281879
281883
281935
281957
281968
281970
281976
281978
281981
282032
282035
282041
282045
286992
286993
286994
286996
286998
286999
287000
287002
287003
287055
287088
287090
287091
287096
287097
287098
287100
287101
287102
287119
287141
287152
287153
287154
287155
287160
287161
287162
287163
287165
288512
288514
288515
288521
288524
288525
288526
288545
288548
288550
288551
288555
288564
288566
288567
288645
288659
288665
288668
288669
288670
288684
288686
288687
288721
288722
288727
288728
288730
288731
289023
289365
289536
289537
289538
289544
289545
289546
289547
289549
289568
289569
289570
289575
289576
289578
289579
289588
289589
289590
289668
289669
289670
289671
289692
289694
289695
289699
289705
289708
289709
289710
289711
289745
289748
289750
289751
289755
291908
291909
291910
291923
291929
291932
291933
291934
291935
291939
291945
291948
291950
291951
292156
292158
292159
292245
292288
292289
292290
292291
292295
292296
292297
292298
292299
292301
292320
292321
292322
292323
292327
292328
292329
292330
292331
292333
292340
292341
292342
292415
292501
292544
292546
292547
292552
292553
292554
292556
292557
292558
292577
292580
292582
292583
292584
292586
292587
292596
292597
292598
292599
292603
