8
10
40
42
168
170
520
522
544
546
552
554
640
642
648
650
680
682
2049
2055
2056
2058
2059
2079
2083
2088
2089
2090
2093
2175
2179
2184
2185
2186
2189
2209
2215
2219
2229
2568
2570
2592
2594
2613
2688
2689
2690
2695
2699
2719
2723
2729
2733
2773
3413
8193
8196
8197
8198
8199
8203
8211
8217
8220
8221
8222
8223
8227
8232
8233
8234
8236
8237
8238
8239
8316
8318
8319
8320
8322
8323
8328
8329
8330
8332
8333
8334
8335
8353
8356
8357
8358
8359
8362
8363
8369
8372
8373
8374
8375
8379
8700
8702
8703
8707
8713
8716
8717
8718
8737
8740
8742
8743
8744
8746
8747
8756
8757
8758
8833
8836
8838
8839
8840
8842
8843
8860
8862
8863
8864
8866
8867
8872
8873
8874
8876
8877
8878
8916
8917
8918
10239
10243
10249
10253
10272
10273
10274
10279
10280
10282
10283
10293
10369
10375
10379
10399
10400
10402
10403
10409
10413
10452
10453
10454
10752
10753
10754
10756
10758
10759
10763
10780
10782
10783
10784
10787
10793
10796
10797
10798
10876
10878
10879
10880
10882
10883
10888
10889
10890
10892
10893
10894
10912
10913
10914
10916
10918
10919
10923
10932
10933
10934
11092
11093
11094
13649
13652
13653
13654
13655
13659
81921
81924
81925
81926
81927
81928
81930
81931
81939
81945
81948
81949
81950
81951
81955
81960
81961
81962
81964
81965
81966
81967
82035
82041
82044
82045
82046
82047
82051
82056
82057
82058
82060
82061
82062
82063
82081
82084
82085
82086
82087
82088
82090
82091
82097
82100
82101
82102
82103
82107
82419
82425
82428
82429
82430
82431
82435
82441
82444
82445
82446
82447
82465
82468
82469
82470
82471
82475
82481
82484
82485
82486
82487
82491
82560
82561
82562
82564
82565
82566
82567
82571
82579
82585
82588
82589
82590
82591
82595
82600
82601
82602
82604
82605
82606
82607
82641
82644
82645
82646
82647
82651
83955
83961
83964
83965
83966
83967
83968
83970
83971
83976
83977
83978
83980
83981
83982
83983
84001
84004
84005
84006
84007
84011
84017
84020
84021
84022
84023
84027
84097
84100
84101
84102
84103
84104
84106
84107
84115
84121
84124
84125
84126
84127
84128
84130
84131
84136
84137
84138
84140
84141
84142
84143
84177
84180
84181
84182
84183
84187
84480
84481
84482
84484
84485
84486
84487
84488
84490
84491
84499
84505
84508
84509
84510
84511
84515
84521
84524
84525
84526
84527
84595
84601
84604
84605
84606
84607
84608
84610
84611
84617
84620
84621
84622
84623
84641
84644
84645
84646
84647
84648
84650
84651
84657
84660
84661
84662
84663
84667
84817
84820
84821
84822
84823
84827
90099
90105
90108
90109
90110
90111
90115
90120
90121
90122
90124
90125
90126
90127
90145
90148
90149
90150
90151
90155
90161
90164
90165
90166
90167
90171
90240
90241
90242
90244
90245
90246
90247
90248
90250
90251
90259
90265
90268
90269
90270
90271
90275
90281
90284
90285
90286
90287
90321
90324
90325
90326
90327
90331
90625
90628
90629
90630
90631
90632
90634
90635
90643
90649
90652
90653
90654
90655
90656
90658
90659
90665
90668
90669
90670
90671
90739
90745
90748
90749
90750
90751
90755
90761
90764
90765
90766
90767
90785
90788
90789
90790
90791
90795
90801
90804
90805
90806
90807
90811
90961
90964
90965
90966
90967
90971
92161
92164
92165
92166
92167
92171
92179
92185
92188
92189
92190
92191
92195
92201
92204
92205
92206
92207
92275
92281
92284
92285
92286
92287
92288
92290
92291
92296
92297
92298
92300
92301
92302
92303
92320
92321
92322
92324
92325
92326
92327
92331
92337
92340
92341
92342
92343
92347
92659
92665
92668
92669
92670
92671
92675
92681
92684
92685
92686
92687
92705
92708
92709
92710
92711
92715
92721
92724
92725
92726
92727
92731
92801
92804
92805
92806
92807
92811
92819
92825
92828
92829
92830
92831
92832
92834
92835
92841
92844
92845
92846
92847
92881
92884
92885
92886
92887
92891
93521
93524
93525
93526
93527
93531
169297
169300
169301
169302
169303
169304
169307
246588
246591
246720
246723
246732
246735
246768
246771
246780
246783
248832
248835
248844
248847
248880
248883
248889
248892
248894
248895
248981
249024
249026
249027
249033
249036
249038
249039
249061
249072
249074
249075
249081
249084
249086
249087
249429
249600
249602
249603
249609
249612
249614
249615
249637
249648
249650
249651
249657
249660
249662
249663
249749
249792
249794
249795
249801
249804
249806
249807
249829
249840
249842
249843
249849
249852
249854
249855
255317
258048
258050
258051
258057
258060
258062
258063
258085
258096
258098
258099
258105
258108
258110
258111
258197
258240
258242
258243
258249
258252
258254
258255
258277
258288
258290
258291
258297
258300
258302
258303
258645
258816
258818
258819
258825
258828
258830
258831
258853
258864
258866
258867
258873
258874
258876
258877
258878
258879
258965
258966
259008
259009
259010
259011
259017
259018
259020
259021
259022
259023
259045
259046
259056
259057
259058
259059
259065
259066
259068
259069
259070
259071
260437
260438
261120
261121
261122
261123
261129
261130
261132
261133
261134
261135
261157
261158
261168
261169
261170
261171
261177
261178
261180
261181
261182
261183
261268
261269
261270
261312
261313
261314
261315
261320
261321
261322
261323
261324
261325
261326
261327
261348
261349
261350
261351
261360
261361
261362
261363
261368
261369
261370
261371
261372
261373
261374
261375
261716
261717
261718
261719
261888
261889
261890
261891
261896
261897
261898
261899
261900
261901
261902
261903
261924
261925
261926
261927
261936
261937
261938
261939
261944
261945
261946
261947
261948
261949
261950
261951
262036
262037
262038
262039
262080
262081
262082
262083
262088
262089
262090
262091
262092
262093
262094
262095
262116
262117
262118
262119
262128
262129
262130
262131
262136
262137
262138
262139
262140
262141
262142
262143
