32837
32848
32849
32852
32853
33024
33025
33028
33029
33030
33040
33041
33042
33046
33051
33071
33090
33094
33099
33106
33110
33115
33135
33215
33794
33798
33803
33810
33839
33859
33863
33866
33875
33879
33882
33902
34051
34055
34056
34057
34058
34067
34071
34072
34073
34074
34092
34093
34094
34115
34119
34120
34121
34122
34131
34135
34136
34137
34138
34156
34157
34158
34236
34237
34238
34558
35839
36867
36871
36872
36873
36874
36883
36887
36888
36889
36890
36908
36909
36910
36931
36935
36936
36937
36938
36940
36941
36947
36951
36952
36953
36954
36956
36957
36968
36969
36972
36973
36974
37049
37052
37053
37054
37123
37127
37128
37129
37130
37132
37133
37134
37139
37144
37145
37148
37149
37150
37155
37159
37160
37161
37162
37164
37165
37166
37192
37193
37196
37197
37198
37208
37209
37212
37213
37214
37219
37223
37224
37225
37226
37228
37229
37299
37303
37304
37305
37306
37308
37309
37624
37625
37628
37629
37630
37896
37897
37900
37901
37902
37912
37913
37916
37917
37918
37923
37927
37928
37929
37930
37932
37933
37964
37965
37966
37980
37981
37982
37983
37986
37987
37991
37992
37993
37994
38067
38071
38072
38073
38074
38077
38156
38157
38158
38159
38172
38173
38174
38175
38176
38177
38178
38179
38182
38183
38184
38185
38186
38187
38220
38221
38222
38223
38236
38237
38238
38239
38240
38241
38242
38243
38244
38245
38246
38247
38248
38249
38250
38251
38320
38321
38322
38323
38324
38325
38326
38327
38328
38329
38330
38331
38642
38643
38646
38647
38648
38649
38650
38651
39923
39927
39928
39929
39930
39932
39933
45052
45053
45054
131017
131020
131021
131022
131023
131040
131041
131044
131045
131046
131047
131051
131056
131057
131058
131060
131061
131062
131063
131066
131067
180272
180274
180275
180280
180281
180282
180284
180285
180286
180368
180369
180370
180372
180374
180375
180376
180378
180379
180420
180421
180422
180432
180434
180435
180440
180441
180442
180444
180445
180446
180460
180462
180463
180752
180753
180754
180756
180758
180759
180760
180762
180763
180812
180814
180815
180836
180837
180838
180848
180849
180850
180852
180854
180855
180856
180858
180859
180912
180914
180915
180920
180921
180922
180924
180925
180926
181060
181061
181062
181072
181074
181075
181080
181081
181082
181084
181085
181086
181100
181102
181103
182288
182289
182290
182292
182293
182294
182295
182296
182298
182299
182339
182345
182348
182349
182350
182351
182369
182372
182373
182374
182375
182384
182385
182386
182388
182390
182391
182392
182394
182395
182448
182450
182451
182456
182457
182458
182460
182461
182462
182463
182732
182734
182735
182756
182757
182758
182768
182769
182770
182772
182774
182775
182776
182778
182779
182832
182834
182835
182840
182841
182842
182844
182845
182846
182928
182929
182930
182932
182934
182935
182936
182938
182939
182980
182981
182982
182992
182994
182995
183000
183001
183002
183004
183005
183006
183020
183022
183023
183617
183620
183621
183622
183623
183627
183632
183634
183635
183640
183641
183642
183644
183645
183646
183647
183651
183657
183660
183661
183662
183663
188432
188433
188434
188436
188438
188439
188440
188442
188443
188492
188494
188495
188516
188517
188518
188528
188529
188530
188532
188534
188535
188536
188538
188539
188592
188594
188595
188600
188601
188602
188604
188605
188606
188867
188873
188876
188877
188878
188879
188897
188900
188901
188902
188903
188907
188912
188913
188914
188916
188917
188918
188919
188920
188922
188923
188976
188978
188979
188984
188985
188986
188988
188989
188990
188991
189072
189073
189074
189076
189077
189078
189079
189080
189082
189083
189121
189124
189125
189126
189127
189131
189136
189138
189139
189144
189145
189146
189148
189149
189150
189155
189161
189164
189165
189166
189167
190403
190409
190412
190413
190414
190415
190433
190436
190437
190438
190439
190443
190448
190449
190450
190452
190453
190454
190455
190456
190458
190459
190512
190514
190515
190520
190521
190522
190524
190525
190526
190527
190608
190609
190610
190612
190613
190614
190615
190616
190618
190619
190657
190660
190661
190662
190663
190667
190672
190674
190675
190680
190681
190682
190684
190685
190686
190687
190691
190697
190700
190701
190702
190703
190992
190993
190994
190996
190997
190998
190999
191000
191002
191003
191043
191049
191052
191053
191054
191055
191073
191076
191077
191078
191079
191083
191088
191089
191090
191092
191093
191094
191095
191096
191098
191099
191152
191154
191155
191160
191161
191162
191164
191165
191166
191167
191297
191300
191301
191302
191303
191307
191312
191314
191315
191320
191321
191322
191324
191325
191326
191327
191331
191337
191340
191341
191342
191343
193860
193861
193862
193872
193874
193875
193880
193881
193882
193884
193885
193886
193900
193902
193903
262655
262659
262665
262669
262689
262695
262699
262709
262815
262819
262825
262829
264179
264185
264188
264189
264190
264204
264206
264207
264228
264229
264230
264244
264246
264324
264326
264348
264350
264364
264366
264404
264406
264705
264711
264715
264739
264745
264749
264828
264830
264844
264846
264868
264870
264884
264886
265045
270284
270286
270287
270308
270309
270310
270320
270321
270322
270324
270326
270327
270328
270330
270331
270384
270386
270387
270392
270393
270394
270396
270397
270398
270480
270481
270482
270484
270486
270487
270488
270490
270491
270532
270533
270534
270544
270545
270546
270547
270551
270552
270553
270554
270555
270557
270572
270574
270575
270853
270864
270865
270866
270867
270871
270872
270873
270874
270875
270877
270895
270927
270949
270960
270961
270962
270963
270967
270968
270969
270970
270971
270973
270991
271013
271024
271025
271026
271027
271031
271032
271033
271034
271035
271037
271173
271184
271185
271186
271187
271191
271192
271193
271194
271195
271197
271215
272388
272389
272390
272403
272409
272412
272413
272414
272428
272430
272431
272499
272504
272505
272506
272509
272524
272526
272527
272548
272549
272550
272561
272564
272566
272567
272571
272880
272882
272883
272888
272889
272890
272893
272911
272933
272944
272945
272946
272951
272952
272954
272955
273029
273040
273042
273043
273048
273049
273050
273053
273071
273104
273105
273106
273111
273112
273114
273115
273745
273748
273750
273751
273755
