65550
65687
65768
65770
66128
66131
66137
66332
66334
66436
66438
66439
66477
66485
66523
67904
67906
67913
67942
67953
67960
67963
68629
68684
68687
68709
68720
68722
68729
68733
68796
68799
69136
69138
69145
69146
69149
69249
69256
69258
69259
69281
69287
69288
69291
69300
69302
69303
69332
69334
69445
69471
69472
69475
69481
69484
69486
69487
75009
75016
75018
75019
75021
75044
75046
75047
75051
75060
75062
75063
75067
75153
75154
75160
75162
75163
75165
75205
75206
75232
75234
75235
75241
75244
75246
75247
75253
77908
77909
77910
78128
78131
78137
78140
78142
78143
78229
78272
78274
78275
78281
78282
78284
78285
78286
78308
78309
78310
78311
78321
78327
78328
78330
78331
78333
78531
78540
78542
78543
78565
78576
78578
78579
78585
78588
78589
78590
78591
79937
79940
79941
79942
79943
79947
79968
79969
79970
79971
79976
79977
79978
79979
79980
79981
79982
79988
79989
79990
80388
80390
80391
80395
80416
80417
80418
80424
80425
80426
80427
80429
80436
80437
80438
80517
80528
80530
80531
80537
80540
80541
80542
80543
80556
80559
80581
80592
80594
80595
80601
80604
80606
80607
80611
80620
80622
80623
80721
80724
80726
80727
80728
80730
80731
81169
81172
81174
81175
81176
81178
81179
81181
81267
81276
81278
81279
81280
81282
81283
81289
81290
81292
81293
81294
81295
81316
81317
81318
81319
81328
81329
81330
81335
81336
81337
81338
81339
81341
81365
151813
151824
151825
151826
151827
151828
151831
151832
151833
151834
151835
151837
151855
151884
151887
151909
151910
151920
151921
151922
151923
151924
151927
151928
151929
151930
151931
151933
151951
151973
151984
151985
151986
151987
151991
151992
151993
151994
151995
151997
151998
152783
152805
152816
152817
152818
152819
152823
152824
152825
152826
152827
152828
152829
152830
153168
153169
153170
153172
153174
153175
153176
153177
153178
153179
153181
153348
153349
153350
153360
153362
153363
153368
153369
153370
153372
153373
153374
153375
153379
153385
153388
153390
153391
153471
153472
153473
153474
153475
153480
153481
153482
153483
153484
153485
153486
153505
153506
153508
153509
153510
153511
153512
153514
153515
153521
153524
153525
153526
153527
153531
153557
154380
154383
154405
154416
154417
154418
154419
154423
154424
154425
154426
154427
154429
154501
154512
154513
154514
154515
154516
154519
154520
154521
154522
154523
154525
154543
154565
154566
154576
154577
154578
154579
154583
154584
154585
154586
154587
154589
154590
154604
154607
230469
230480
230481
230482
230483
230487
230488
230489
230490
230491
230493
230511
230671
230693
230704
230705
230706
230707
230711
230712
230713
230714
230715
230717
230788
230789
230790
230800
230801
230802
230803
230807
230808
230809
230810
230811
230813
230814
230828
230831
230853
230864
230865
230866
230867
230868
230870
230871
230872
230873
230874
230875
230877
230895
231119
231141
231152
231153
231154
231155
231159
231160
231161
231162
231163
231165
234252
234254
234255
234276
234277
234278
234288
234289
234290
234292
234294
234295
234296
234297
234298
234299
234372
234373
234374
234384
234385
234386
234387
234391
234392
234393
234394
234396
234397
234398
234412
234414
234415
234448
234449
234450
234451
234452
234454
234455
234456
234457
234458
234459
234461
234479
235781
235792
235793
235794
235795
235799
235800
235801
235802
235803
235804
235805
235806
235820
235823
235855
235877
235888
235889
235890
235891
235895
235896
235897
235898
235899
235900
235901
235902
235916
235918
235919
235940
235941
235942
235952
235953
235954
235955
235956
235958
235959
235960
235961
235962
235963
235965
236613
236624
236625
236626
236627
236631
236632
236633
236634
236635
236637
236655
236815
236837
236848
236849
236850
236851
236856
236857
236858
236860
236861
236862
236944
236945
236946
236948
236950
236951
236952
236954
236955
236993
236996
236997
236998
236999
237003
237011
237017
237020
237021
237022
237023
237024
237027
237033
237036
237037
237038
237039
237260
237262
237263
237284
237285
237286
237296
237297
237298
237299
237300
237303
237304
237305
237306
237307
237309
240847
240869
240880
240881
240882
240883
240887
240888
240889
240890
240891
240892
240893
240894
241221
241232
241233
241234
241235
241236
241238
241239
241240
241241
241242
241243
241245
241263
241412
241413
241414
241424
241425
241426
241427
241431
241432
241433
241434
241435
241436
241437
241438
241452
241454
241455
241487
241509
241520
241521
241522
241523
241527
241528
241529
241530
241531
241532
241533
241534
241548
241550
241551
241572
241573
241574
241584
241585
241586
241587
241588
241590
241591
241592
241593
241594
241595
241597
311449
311504
311517
311875
311881
311908
311910
311927
312128
312130
312141
312167
312180
312182
313429
313603
313609
313612
313614
313636
313638
313649
313655
313659
313744
313746
313752
313754
313757
313811
313817
313822
313839
314111
314624
314626
314632
314634
314637
314657
314663
314667
314676
314678
314757
314771
314777
314780
314782
314799
314832
314834
314840
314842
314845
319829
320512
320514
320515
320521
320524
320525
320526
320548
320549
320550
320551
320561
320564
320566
320567
320568
320571
320656
320657
320658
320659
320664
320665
320666
320669
320709
320720
320722
320723
320729
320732
320733
320734
320748
320751
321088
321089
321090
321096
321097
321098
321101
321121
321124
321127
321128
321131
321140
321141
321142
321301
321347
321353
321356
321358
321380
321381
321382
321393
321399
321400
321403
321468
321471
322556
322559
324608
324609
324610
324611
324616
324617
324618
324621
324622
324641
324644
324646
324647
324648
324651
324660
324661
324662
324663
324667
324741
324752
324754
324755
324761
324762
324764
324765
324766
324780
324782
324783
324805
324816
324817
324818
324819
324824
324825
324826
324827
324828
324829
324830
324847
325141
325142
325184
325186
325187
325192
325193
325194
325196
325197
325198
325199
325217
325220
325221
325222
325223
325227
325233
325236
325238
325239
325240
325242
325243
325308
325310
325311
325440
325441
325442
325443
325447
325448
325449
325450
325451
325453
325472
325473
325474
325476
325478
325479
325480
325482
325483
325485
325492
325493
325494
325495
325567
