511
515
521
525
545
551
555
565
671
675
681
685
2035
2041
2044
2045
2046
2060
2062
2063
2084
2085
2086
2100
2102
2180
2182
2204
2206
2220
2222
2260
2262
2561
2567
2571
2595
2601
2605
2684
2686
2700
2702
2724
2726
2740
2742
2901
8140
8142
8143
8164
8165
8166
8176
8177
8178
8180
8182
8183
8184
8186
8187
8240
8242
8243
8248
8249
8250
8252
8253
8254
8336
8337
8338
8340
8342
8343
8344
8346
8347
8388
8389
8390
8400
8401
8402
8403
8407
8408
8409
8410
8411
8413
8428
8430
8431
8709
8720
8721
8722
8723
8727
8728
8729
8730
8731
8733
8751
8783
8805
8816
8817
8818
8819
8823
8824
8825
8826
8827
8829
8847
8869
8880
8881
8882
8883
8887
8888
8889
8890
8891
8893
9029
9040
9041
9042
9043
9047
9048
9049
9050
9051
9053
9071
10244
10245
10246
10259
10265
10268
10269
10270
10284
10286
10287
10355
10360
10361
10362
10365
10380
10382
10383
10404
10405
10406
10417
10420
10422
10423
10427
10736
10738
10739
10744
10745
10746
10749
10767
10789
10800
10801
10802
10807
10808
10810
10811
10885
10896
10898
10899
10904
10905
10906
10909
10927
10960
10961
10962
10967
10968
10970
10971
11601
11604
11606
11607
11611
81968
81970
81971
81976
81977
81978
81980
81981
81982
82064
82065
82066
82068
82070
82071
82072
82074
82075
82116
82117
82118
82128
82130
82131
82136
82137
82138
82140
82141
82142
82156
82158
82159
82448
82449
82450
82452
82454
82455
82456
82458
82459
82508
82510
82511
82532
82533
82534
82544
82545
82546
82548
82550
82551
82552
82554
82555
82608
82610
82611
82616
82617
82618
82620
82621
82622
82756
82757
82758
82768
82770
82771
82776
82777
82778
82780
82781
82782
82796
82798
82799
83984
83985
83986
83988
83989
83990
83991
83992
83994
83995
84035
84041
84044
84045
84046
84047
84065
84068
84069
84070
84071
84080
84081
84082
84084
84086
84087
84088
84090
84091
84144
84146
84147
84152
84153
84154
84156
84157
84158
84159
84428
84430
84431
84452
84453
84454
84464
84465
84466
84468
84470
84471
84472
84474
84475
84528
84530
84531
84536
84537
84538
84540
84541
84542
84624
84625
84626
84628
84630
84631
84632
84634
84635
84676
84677
84678
84688
84690
84691
84696
84697
84698
84700
84701
84702
84716
84718
84719
85313
85316
85317
85318
85319
85323
85328
85330
85331
85336
85337
85338
85340
85341
85342
85343
85347
85353
85356
85357
85358
85359
90128
90129
90130
90132
90134
90135
90136
90138
90139
90188
90190
90191
90212
90213
90214
90224
90225
90226
90228
90230
90231
90232
90234
90235
90288
90290
90291
90296
90297
90298
90300
90301
90302
90563
90569
90572
90573
90574
90575
90593
90596
90597
90598
90599
90603
90608
90609
90610
90612
90613
90614
90615
90616
90618
90619
90672
90674
90675
90680
90681
90682
90684
90685
90686
90687
90768
90769
90770
90772
90773
90774
90775
90776
90778
90779
90817
90820
90821
90822
90823
90827
90832
90834
90835
90840
90841
90842
90844
90845
90846
90851
90857
90860
90861
90862
90863
92099
92105
92108
92109
92110
92111
92129
92132
92133
92134
92135
92139
92144
92145
92146
92148
92149
92150
92151
92152
92154
92155
92208
92210
92211
92216
92217
92218
92220
92221
92222
92223
92304
92305
92306
92308
92309
92310
92311
92312
92314
92315
92353
92356
92357
92358
92359
92363
92368
92370
92371
92376
92377
92378
92380
92381
92382
92383
92387
92393
92396
92397
92398
92399
92688
92689
92690
92692
92693
92694
92695
92696
92698
92699
92739
92745
92748
92749
92750
92751
92769
92772
92773
92774
92775
92779
92784
92785
92786
92788
92789
92790
92791
92792
92794
92795
92848
92850
92851
92856
92857
92858
92860
92861
92862
92863
92993
92996
92997
92998
92999
93003
93008
93010
93011
93016
93017
93018
93020
93021
93022
93023
93027
93033
93036
93037
93038
93039
95556
95557
95558
95568
95570
95571
95576
95577
95578
95580
95581
95582
95596
95598
95599
245705
245708
245709
245710
245711
245728
245729
245732
245733
245734
245735
245739
245744
245745
245746
245748
245749
245750
245751
245754
245755
311365
311376
311377
311380
311381
311552
311553
311556
311557
311558
311568
311569
311570
311574
311579
311599
311618
311622
311627
311634
311638
311643
311663
311743
312322
312326
312331
312338
312367
312387
312391
312394
312403
312407
312410
312430
312579
312583
312584
312585
312586
312595
312599
312600
312601
312602
312620
312621
312622
312643
312647
312648
312649
312650
312659
312663
312664
312665
312666
312684
312685
312686
312764
312765
312766
313086
314367
315395
315399
315400
315401
315402
315411
315415
315416
315417
315418
315436
315437
315438
315459
315463
315464
315465
315466
315468
315469
315475
315479
315480
315481
315482
315484
315485
315496
315497
315500
315501
315502
315577
315580
315581
315582
315651
315655
315656
315657
315658
315660
315661
315662
315667
315672
315673
315676
315677
315678
315683
315687
315688
315689
315690
315692
315693
315694
315720
315721
315724
315725
315726
315736
315737
315740
315741
315742
315747
315751
315752
315753
315754
315756
315757
315827
315831
315832
315833
315834
315836
315837
316152
316153
316156
316157
316158
316424
316425
316428
316429
316430
316440
316441
316444
316445
316446
316451
316455
316456
316457
316458
316460
316461
316492
316493
316494
316508
316509
316510
316511
316514
316515
316519
316520
316521
316522
316595
316599
316600
316601
316602
316605
316684
316685
316686
316687
316700
316701
316702
316703
316704
316705
316706
316707
316710
316711
316712
316713
316714
316715
316748
316749
316750
316751
316764
316765
316766
316767
316768
316769
316770
316771
316772
316773
316774
316775
316776
316777
316778
316779
316848
316849
316850
316851
316852
316853
316854
316855
316856
316857
316858
316859
317170
317171
317174
317175
317176
317177
317178
317179
318451
318455
318456
318457
318458
318460
318461
323580
323581
323582
