49170
49223
49241
49260
49420
49421
49438
49443
49448
49450
49487
49504
49505
49508
49510
49515
49586
50224
50225
50226
50228
50230
50235
50291
50295
50296
50297
50298
50316
50318
50335
50338
50343
50346
50492
50493
50494
50559
50560
50561
50562
50564
50566
50571
50579
50583
50584
50585
50586
50606
50607
50883
50888
50889
50890
50908
50909
50921
50924
50925
52196
52197
52213
53440
53441
53442
53444
53445
53446
53451
53456
53458
53459
53462
53463
53464
53465
53466
53467
53486
53487
53708
53709
53710
53724
53725
53726
53727
53730
53731
53735
53736
53737
53738
53811
53815
53816
53817
53818
53820
53821
53884
53885
53886
53891
53895
53896
53897
53898
53907
53912
53913
53914
53916
53917
53918
53929
53932
53933
53934
54479
54497
54500
54501
54512
54513
54514
54516
54517
54518
54519
54523
54780
54781
54782
54783
54784
54786
54787
54791
54792
54793
54794
54795
54796
54797
54803
54808
54809
54810
54812
54813
54814
54819
54823
54824
54825
54826
54828
54829
54830
54860
54861
54862
54863
54878
54879
54880
54881
54882
54883
54884
54885
54886
54887
54888
54889
54890
54891
54960
54962
54963
54966
54967
54968
54969
54970
54971
54973
56079
56096
56097
56100
56101
56102
56107
56112
56113
56114
56116
56117
56118
56123
56176
56177
56178
56179
56180
56181
56182
56183
56184
56186
56187
56206
56207
56223
56224
56225
56226
56228
56229
56230
56231
56235
56245
61247
61317
61328
61329
61332
61333
61334
61339
61380
61381
61392
61393
61394
61396
61397
61398
61403
146483
146489
146492
146493
146494
146495
146577
146580
146581
146582
146583
146587
146625
146628
146629
146630
146631
146635
146642
146643
146648
146649
146652
146653
146654
146655
146659
146665
146668
146669
146670
146671
146945
146948
146949
146950
146960
146961
146962
146963
146964
146966
146967
146968
146969
146970
146971
146973
146990
146991
147017
147020
147021
147022
147023
147041
147044
147045
147046
147047
147051
147056
147057
147058
147060
147061
147062
147063
147064
147066
147067
147120
147122
147123
147127
147128
147129
147130
147132
147133
147134
147268
147269
147280
147281
147282
147284
147285
147286
147287
147288
147290
147291
147311
197571
197577
197580
197581
197582
197583
197601
197604
197605
197606
197607
197611
197617
197620
197621
197622
197623
197627
198977
198980
198981
198982
198983
198987
198995
199001
199004
199005
199006
199007
199011
199017
199020
199021
199022
199023
199697
199700
199701
199702
199703
199707
199747
199753
199756
199757
199758
199759
199777
199780
199781
199782
199783
199787
199792
199793
199796
199797
199798
199799
199802
199803
199859
199865
199868
199869
199870
199871
200131
200137
200140
200141
200142
200143
200161
200164
200165
200166
200167
200171
200176
200177
200178
200180
200181
200182
200183
200184
200186
200187
200240
200242
200243
200248
200249
200250
200252
200253
200254
200255
200336
200337
200338
200340
200341
200342
200343
200344
200346
200347
200385
200388
200389
200390
200391
200395
200400
200402
200403
200408
200409
200410
200412
200413
200414
200415
200419
200425
200428
200429
200430
200431
205121
205124
205125
205126
205127
205131
205136
205138
205139
205144
205145
205146
205148
205149
205150
205151
205155
205161
205164
205165
205166
205167
205872
205874
205875
205880
205881
205882
205884
205885
205886
205968
205969
205970
205972
205974
205975
205976
205978
205979
206020
206021
206022
206032
206034
206035
206040
206041
206042
206044
206045
206046
206047
206060
206062
206063
206352
206353
206354
206356
206357
206358
206359
206360
206362
206363
206403
206409
206412
206414
206415
206433
206436
206437
206438
206439
206448
206449
206450
206452
206454
206455
206456
206458
206459
206512
206514
206515
206520
206521
206522
206524
206525
206526
206527
206657
206660
206661
206662
206663
206667
206672
206674
206675
206680
206681
206682
206684
206685
206686
206687
206691
206697
206700
206701
206702
206703
207820
207822
207823
207841
207844
207845
207846
207847
207856
207857
207858
207860
207862
207863
207864
207866
207867
209936
209937
209938
209940
209941
209942
209943
209944
209946
209947
209987
209993
209996
209997
209998
209999
210017
210020
210021
210022
210023
210027
210032
210033
210034
210036
210037
210038
210039
210040
210042
210043
210096
210098
210099
210104
210105
210106
210108
210109
210110
210111
210368
210370
210371
210376
210377
210378
210380
210381
210382
210400
210401
210402
210404
210406
210407
210408
210410
210411
210420
210421
210422
210483
210489
210492
210493
210494
210495
210577
210580
210581
210582
210583
210587
210624
210625
210628
210629
210630
210631
210635
210643
210649
210652
210653
210654
210655
210659
210665
210668
210669
210670
210671
278653
278692
278694
278991
279013
279028
279030
279091
279097
279184
279186
279255
280377
280380
280381
280382
280464
280465
280471
280475
280517
280528
280530
280535
280536
280538
280559
280780
280782
280801
280804
280806
280811
280821
281152
281154
281160
281162
281183
281187
281192
281193
281409
281415
281419
281436
281438
281453
285900
285902
285903
285921
285924
285925
285926
285931
285937
285940
285941
285942
285943
285947
286229
286272
286273
286274
286276
286278
286279
286280
286282
286283
286297
286300
286301
286302
286303
286307
286312
286313
286314
286316
286317
286318
286399
286484
286485
286486
286528
286529
286530
286531
286535
286536
286537
286538
286539
286541
286556
286558
286559
286560
286561
286562
286563
286567
286568
286569
286570
286571
286573
286655
287536
287538
287539
287544
287545
287546
287548
287549
287550
287621
287632
287633
287634
287635
287639
287640
287641
287642
287643
287663
287685
287696
287697
287698
287700
287702
287703
287704
287706
287707
288853
289024
289026
289027
289031
289032
289033
289034
289035
289052
289054
289055
289056
289058
289059
289064
289065
289066
289069
289139
289145
289148
289149
289150
289164
289165
289166
289167
289185
289188
289189
289190
289191
289195
289204
289205
289206
289535
290048
290049
290050
290052
290054
290055
290059
290076
290077
290078
290083
290089
290092
290093
290094
290162
290163
290168
290169
290170
290173
290191
290212
290213
290214
290225
290228
290230
290231
290235
