65596
65737
65742
65765
66353
66362
66365
66452
66454
66497
66504
66506
66507
66509
66532
66535
66552
66555
67927
68648
68651
68660
68663
68753
68760
68762
68763
68804
68806
68807
68833
68840
68842
68843
68845
68852
68854
68855
69201
69210
69213
69382
69410
69417
69418
69421
69422
69429
69520
69522
69523
69529
69532
69534
69573
69600
69602
69603
69609
69612
69614
69615
69621
75088
75090
75091
75097
75100
75102
75103
77829
77840
77843
77852
77855
77856
77859
77865
77868
77870
77871
77957
77968
77971
77980
77983
77984
77986
77987
77993
77996
77998
77999
78032
78034
78035
78041
78044
78046
78047
78405
78432
78434
78435
78441
78444
78446
78447
78453
78608
78610
78611
78617
78618
78620
78621
78622
78623
78724
78725
78726
78727
78752
78753
78754
78755
78760
78761
78762
78764
78765
78766
78767
78773
78774
78800
78801
78802
78808
78809
78810
78811
78813
78814
80196
80198
80199
80225
80226
80232
80233
80234
80235
80237
80238
80244
80245
80246
80247
80913
80920
80922
80923
80925
81025
81028
81030
81031
81032
81034
81035
81057
81060
81063
81064
81066
81067
81069
81076
81078
81079
81080
81083
81105
81108
81110
81111
81112
81114
81115
81117
81473
81476
81478
81479
81480
81482
81483
81485
81505
81508
81510
81511
81512
81514
81515
81517
81521
81524
81526
81527
81528
81530
81531
81533
81684
81686
81687
81688
81691
81792
81793
81794
81795
81800
81801
81802
81803
81804
81805
81806
81807
81828
81829
81830
81831
81841
81842
81844
81847
81848
81849
81850
81851
81853
81854
81876
81877
81878
81879
152837
152848
152849
152850
152851
152855
152856
152857
152858
152859
152861
152862
152876
152879
152911
152944
152946
152947
152953
152954
152956
152957
152958
152959
152960
152963
152969
152972
152973
152974
152975
152996
152997
152998
153008
153009
153010
153011
153012
153014
153015
153016
153017
153018
153019
153021
229445
229456
229457
229458
229459
229463
229464
229465
229466
229467
229469
229487
229647
229669
229680
229681
229682
229683
229687
229688
229689
229690
229691
229693
229765
229776
229777
229778
229779
229783
229784
229785
229786
229787
229789
229807
229829
229840
229841
229842
229843
229847
229848
229849
229850
229851
229853
229871
230095
230117
230128
230129
230130
230131
230135
230136
230137
230138
230139
230141
231180
231182
231183
231204
231205
231206
231216
231217
231218
231219
231220
231222
231223
231224
231225
231226
231227
231229
231300
231301
231302
231312
231313
231314
231315
231319
231320
231321
231322
231323
231324
231325
231326
231340
231342
231343
231365
231376
231377
231378
231379
231380
231382
231383
231384
231385
231386
231387
231389
231407
231631
231653
231664
231665
231666
231667
231671
231672
231673
231674
231675
231677
231678
232005
232016
232017
232018
232019
232023
232024
232025
232026
232027
232029
232047
232197
232208
232209
232210
232211
232215
232216
232217
232218
232219
232221
232239
232271
232293
232304
232305
232306
232307
232311
232312
232313
232314
232315
232317
232335
232357
232368
232369
232370
232371
232375
232376
232377
232378
232379
232381
237327
237349
237360
237361
237362
237363
237367
237368
237369
237370
237371
237373
237445
237456
237457
237458
237459
237463
237464
237465
237466
237467
237469
237487
237509
237520
237521
237522
237523
237527
237528
237529
237530
237531
237532
237533
237534
237548
237551
237775
237797
237808
237809
237810
237811
237815
237816
237817
237818
237819
237821
238149
238160
238161
238162
238163
238164
238167
238168
238169
238170
238171
238173
238191
238340
238341
238342
238352
238353
238354
238355
238359
238360
238361
238362
238363
238364
238365
238366
238380
238382
238383
238415
238437
238448
238449
238450
238451
238455
238456
238457
238458
238459
238460
238461
238462
238476
238478
238479
238500
238501
238502
238512
238513
238514
238515
238516
238518
238519
238520
238521
238522
238523
238525
239685
239696
239697
239698
239699
239700
239702
239703
239704
239705
239706
239707
239709
239727
239884
239886
239887
239908
239909
239910
239920
239921
239922
239923
239924
239926
239927
239928
239929
239930
239931
239933
240004
240005
240006
240016
240017
240018
240019
240023
240024
240025
240026
240027
240028
240029
240030
240044
240046
240047
240069
240080
240081
240082
240083
240084
240086
240087
240088
240089
240090
240091
240093
240111
240335
240357
240368
240369
240370
240371
240375
240376
240377
240378
240379
240380
240381
240382
240900
240901
240902
240912
240913
240914
240915
240919
240920
240921
240922
240923
240924
240925
240926
240940
240942
240943
240975
240997
241008
241009
241010
241011
241015
241016
241017
241018
241019
241020
241021
241022
241036
241038
241039
241060
241061
241062
241072
241073
241074
241075
241076
241078
241079
241080
241081
241082
241083
241085
311431
311465
311469
311836
311838
311972
311974
311988
311990
312151
312155
313361
313367
313371
313423
313445
313456
313457
313458
313464
313466
313467
313523
313529
313533
313843
313849
313853
313871
313893
313905
313915
314000
314002
314008
314010
314064
314066
314072
314074
314693
314694
314707
314713
314716
314717
314718
314732
314734
314735
319556
319557
319558
319568
319570
319571
319577
319580
319581
319582
319583
319587
319593
319596
319598
319599
319795
319801
319804
319806
319807
319892
319893
319894
319937
319940
319942
319943
319944
319946
319947
319964
319966
319967
319968
319970
319971
319976
319977
319978
319980
319981
319982
320195
320201
320204
320205
320206
320207
320225
320228
320229
320230
320231
320235
320241
320244
320245
320246
320247
320251
321475
321481
321484
321486
321508
321510
321524
321526
321527
321596
321598
321599
321684
321685
321686
321729
321732
321734
321735
321739
321759
321760
321762
321763
321769
321772
321773
321774
322069
322112
322114
322115
322120
322121
322122
322125
322144
322145
322146
322151
322152
322154
322155
322165
322239
322325
322368
322370
322371
322376
322377
322378
322381
322400
322401
322402
322407
322408
322410
322411
322421
322495
324880
324881
324882
324884
324886
324887
324888
324890
324891
324940
324942
324943
324964
324965
324966
324976
324977
324978
324980
324982
324983
324984
324985
324986
324987
324989
325040
325042
325043
325048
325049
325050
325052
325053
325054
