16396
16577
16586
16615
16987
17158
17197
17296
17299
17305
17310
17375
17391
18757
18784
18786
18787
18793
18798
19482
19485
19591
19595
19617
19624
19627
19636
19638
19639
19668
19670
19671
20032
20034
20041
20045
20046
20070
20081
20088
20090
20091
20093
20245
20336
20339
20345
20348
20350
20351
20367
20400
20402
20403
20409
20412
20414
20415
25876
25878
25879
25984
25986
25987
25993
25996
25997
25998
26021
26022
26033
26034
26040
26042
26043
26045
26069
28737
28743
28744
28746
28747
28749
28769
28772
28775
28776
28778
28779
28788
28790
28791
29200
29202
29203
29209
29212
29214
29215
29231
29316
29317
29318
29319
29344
29345
29346
29347
29352
29353
29354
29356
29357
29358
29365
29393
29400
29402
29403
29405
29509
29520
29522
29523
29529
29532
29534
29535
29536
29539
29545
29548
29550
29551
30977
30980
30982
30983
30984
30986
30987
31009
31010
31015
31016
31018
31019
31021
31028
31029
31030
31031
31120
31121
31122
31123
31128
31129
31130
31131
31132
31133
31134
31172
31173
31174
31200
31202
31203
31209
31212
31213
31214
31215
31221
31825
31828
31830
31831
31832
31834
31835
32195
32204
32206
32207
32229
32240
32242
32243
32249
32250
32252
32253
32254
32255
32259
32268
32270
32271
32293
32304
32306
32307
32313
32316
32317
32318
32319
32404
32405
32406
32448
32449
32450
32451
32456
32457
32458
32459
32460
32461
32462
32484
32485
32486
32487
32497
32498
32500
32503
32504
32506
32507
32509
103425
103428
103429
103430
103431
103435
103440
103442
103443
103448
103449
103450
103452
103453
103454
103455
103459
103465
103468
103469
103470
103471
103536
103539
103545
103546
103548
103549
103550
103551
103555
103561
103564
103565
103566
103567
103585
103588
103589
103590
103591
103595
103600
103601
103602
103604
103605
103606
103607
103608
103610
103611
103936
103937
103938
103940
103942
103943
103944
103945
103946
103947
103949
103967
103968
103969
103970
103971
103972
103975
103976
103977
103978
103979
103981
103988
103989
103990
104065
104068
104069
104070
104071
104072
104075
104083
104089
104092
104094
104095
104096
104098
104099
104104
104105
104106
104108
104109
104110
104111
104145
104148
104149
104150
104151
104155
104276
104277
104278
104279
180560
180561
180562
180564
180565
180566
180567
180568
180570
180571
181251
181257
181260
181261
181262
181263
181281
181284
181285
181286
181287
181291
181296
181297
181298
181300
181301
181302
181303
181304
181306
181307
181377
181380
181381
181382
181383
181387
181392
181394
181395
181400
181401
181402
181404
181405
181406
181407
181411
181417
181420
181421
181422
181423
181457
181458
181460
181461
181462
181463
181464
181467
181761
181764
181765
181766
181767
181771
181779
181785
181788
181789
181790
181791
181795
181801
181804
181805
181806
181807
181875
181881
181884
181885
181886
181887
181891
181897
181900
181901
181902
181903
181921
181924
181925
181926
181927
181931
181937
181940
181941
181942
181943
181947
182097
182100
182101
182102
182103
182107
183280
183282
183283
183288
183289
183290
183292
183293
183294
183295
187392
187394
187395
187400
187401
187402
187404
187405
187406
187407
187425
187426
187428
187429
187430
187431
187432
187435
187441
187444
187445
187446
187447
187451
187521
187524
187525
187526
187527
187531
187539
187545
187548
187549
187550
187551
187555
187561
187564
187565
187566
187567
187601
187604
187605
187606
187607
187611
187908
187909
187910
187920
187922
187923
187928
187929
187930
187932
187933
187934
187948
187950
187951
188016
188018
188019
188024
188025
188026
188028
188029
188030
188031
188035
188041
188044
188045
188046
188047
188068
188069
188070
188071
188075
188080
188081
188082
188084
188086
188087
188088
188090
188091
188229
188240
188241
188242
188243
188247
188248
188249
188250
188251
188253
188271
189427
189433
189436
189437
189438
189439
190801
190804
190805
190806
190807
190811
191488
191489
191490
191492
191493
191494
191495
191496
191498
191499
191507
191513
191516
191517
191518
191519
191520
191522
191523
191528
191529
191530
191532
191533
191534
191535
191603
191609
191612
191613
191614
191615
191616
191618
191619
191624
191625
191626
191628
191629
191630
191631
191648
191649
191650
191652
191653
191654
191655
191656
191658
191659
191665
191668
191669
191670
191671
191675
191987
191993
191996
191997
191998
191999
192003
192009
192010
192012
192013
192014
192015
192032
192033
192034
192036
192037
192038
192039
192040
192043
192049
192052
192053
192054
192055
192059
192128
192129
192130
192132
192133
192134
192135
192136
192138
192139
192147
192153
192156
192157
192158
192159
192160
192162
192163
192168
192169
192170
192172
192173
192174
192175
192209
192212
192213
192214
192215
192219
262300
262353
262363
262679
262768
262770
262841
262845
262980
262982
263007
263020
263022
264261
264275
264281
264284
264285
264286
264303
264511
264597
264640
264642
264648
264650
264673
264680
264683
264693
264899
264905
264909
264932
264934
264935
264948
264950
265488
265489
265490
265496
265498
265587
265593
265596
265598
265612
265615
265637
265649
265650
265656
265658
265659
270613
270656
270658
270659
270665
270668
270669
270670
270689
270692
270693
270694
270695
270699
270705
270708
270710
270711
270715
270780
270782
270783
271603
271609
271612
271614
271615
271956
271957
271958
272129
272135
272136
272138
272139
272160
272162
272163
272168
272169
272170
272173
272181
272257
272260
272262
272263
272267
272287
272288
272290
272291
272297
272298
272301
272340
272342
273155
273164
273166
273167
273188
273189
273190
273201
273207
273208
273210
273211
273296
273297
273298
273299
273304
273305
273306
273307
273309
273349
273360
273362
273363
273368
273369
273370
273372
273373
273374
273391
275520
275521
275522
275523
275527
275528
275529
275530
275531
275533
275552
275553
275554
275559
275560
275562
275563
275565
275572
275573
275574
275916
275918
275919
275940
275941
275942
275952
275953
275954
275955
275959
275960
275961
275962
275963
275965
275983
276016
276018
276019
276024
276025
276026
276028
276029
276030
276113
276116
276118
276119
276120
276123
276161
276164
276165
276166
276167
276171
276179
276188
276190
276191
276192
276194
276195
276201
276204
276205
276206
276207
