32909
32935
32939
33273
33277
33332
33334
33436
33438
33452
33454
34766
34767
34788
34789
34790
34801
34804
34806
34807
34811
34867
34873
34877
34961
34967
34971
35013
35024
35026
35027
35032
35033
35034
35055
35333
35347
35353
35375
35440
35442
35448
35450
35504
35506
35512
35514
35665
35671
35675
40752
40754
40755
40760
40761
40762
40764
40765
40766
40848
40849
40850
40852
40854
40855
40856
40858
40859
40900
40901
40902
40912
40914
40915
40919
40920
40921
40922
40923
40924
40925
40926
40940
40942
40943
41164
41166
41167
41185
41188
41189
41190
41195
41200
41201
41202
41204
41205
41206
41207
41211
41537
41540
41541
41542
41543
41547
41555
41561
41564
41565
41566
41567
41571
41577
41580
41581
41582
41583
41745
41748
41749
41750
41755
41795
41800
41801
41802
41804
41805
41806
41824
41825
41826
41828
41830
41831
41832
41834
41835
41844
41845
41846
41916
41918
41919
43028
43029
43030
43075
43081
43084
43085
43086
43104
43105
43106
43108
43110
43111
43115
43125
43196
43198
43199
43327
43413
43456
43457
43458
43463
43464
43466
43467
43487
43488
43490
43491
43496
43497
43498
43501
43583
43669
43712
43713
43714
43719
43720
43722
43723
43743
43744
43746
43747
43752
43753
43754
43757
44353
44356
44358
44363
44380
44381
44382
44396
44398
114895
114917
114928
114929
114930
114931
114935
114936
114937
114938
114939
114941
115269
115280
115281
115282
115283
115287
115288
115289
115290
115291
115293
115311
115461
115472
115473
115474
115475
115479
115480
115481
115482
115483
115485
115503
115535
115557
115568
115569
115570
115571
115575
115576
115577
115578
115579
115581
115599
115621
115632
115633
115634
115635
115639
115640
115641
115642
115643
115645
116805
116816
116817
116818
116819
116822
116823
116824
116825
116826
116827
116829
116847
117007
117029
117040
117041
117042
117043
117047
117048
117049
117050
117051
117053
117125
117136
117137
117138
117139
117143
117144
117145
117146
117147
117149
117167
117189
117200
117201
117202
117203
117207
117208
117209
117210
117211
117213
117231
117455
117477
117488
117489
117490
117491
117495
117496
117497
117498
117499
117501
118020
118021
118022
118032
118033
118034
118035
118039
118040
118041
118042
118043
118044
118045
118046
118060
118062
118063
118095
118117
118128
118129
118130
118131
118135
118136
118137
118138
118139
118140
118141
118142
118156
118158
118159
118180
118181
118182
118192
118193
118194
118195
118196
118198
118199
118200
118201
118202
118203
118205
122949
122960
122961
122962
122963
122967
122968
122969
122970
122971
122973
122991
123148
123150
123151
123172
123173
123174
123184
123185
123186
123187
123188
123190
123191
123192
123193
123194
123195
123197
123268
123269
123270
123280
123281
123282
123283
123287
123288
123289
123290
123291
123292
123293
123294
123308
123310
123311
123333
123344
123345
123346
123347
123348
123350
123351
123352
123353
123354
123355
123357
123375
123599
123621
123632
123633
123634
123635
123639
123640
123641
123642
123643
123644
123645
124684
124686
124687
124708
124709
124710
124720
124721
124722
124723
124724
124726
124727
124728
124729
124730
124731
124733
124804
124805
124806
124816
124817
124818
124819
124823
124824
124825
124826
124827
124828
124829
124830
124844
124846
124847
124869
124880
124881
124882
124883
124884
124886
124887
124888
124889
124890
124891
124893
124911
125135
125157
125168
125169
125170
125171
125175
125176
125177
125178
125179
125180
125181
125182
125509
125520
125521
125522
125523
125524
125526
125527
125528
125529
125530
125531
125533
125551
125700
125701
125702
125712
125713
125714
125715
125719
125720
125721
125722
125723
125724
125725
125726
125740
125742
125743
125775
125797
125808
125809
125810
125811
125815
125816
125817
125818
125819
125820
125821
125822
125836
125838
125839
125860
125861
125862
125872
125873
125874
125875
125876
125878
125879
125880
125881
125882
125883
125885
128261
128272
128273
128274
128275
128279
128280
128281
128282
128283
128285
128303
128335
128356
128357
128368
128369
128370
128371
128372
128374
128375
128376
128377
128378
128379
128381
128399
128421
128432
128433
128434
128435
128439
128440
128441
128442
128443
128445
196367
196388
196389
196400
196401
196402
196403
196406
196407
196408
196409
196410
196411
196413
196480
196481
196484
196485
196486
196487
196491
196496
196497
196498
196499
196503
196504
196505
196506
196507
196508
196509
196510
196524
196526
196527
196549
196560
196561
196562
196564
196565
196566
196567
196570
196571
262164
262214
262219
262255
262419
262423
262426
262467
262471
262472
262473
262474
262488
262489
262508
262509
262588
262590
263196
263197
263208
263209
263244
263245
263246
263260
263261
263262
263267
263271
263272
263273
263274
263347
263352
263353
263354
263438
263455
263458
263462
263463
263466
263467
263503
263519
263520
263521
263522
263524
263525
263526
263531
263600
263601
263602
263604
263606
263611
263923
263927
263930
265213
266255
266272
266273
266276
266277
266278
266283
266288
266289
266292
266293
266352
266353
266354
266356
266357
266358
266363
266383
266400
266401
266402
266404
266405
266406
266411
266416
266417
266420
266421
266544
266545
266546
266548
266549
266550
266551
266554
266555
266608
266610
266611
266614
266615
266616
266617
266618
266619
266636
266637
266638
266639
266654
266655
266656
266657
266658
266659
266660
266661
266662
266663
266664
266666
266667
266959
266975
266976
266977
266978
266980
266981
266982
266987
267315
267319
267320
267321
267322
267379
267383
267384
267385
267386
267388
267389
267390
267395
267400
267401
267402
267404
267405
267406
267416
267417
267420
267421
267422
267427
267431
267432
267433
267434
267436
267437
267576
267577
267580
267581
267582
267644
267645
267646
267647
267648
267649
267650
267651
267652
267653
267654
267655
267656
267657
267658
267659
267666
267667
267670
267671
267672
267673
267674
267675
267676
267677
267692
267693
267694
267695
267971
267975
267976
267977
267978
267980
267981
267982
267987
267991
267992
267993
267994
267996
267997
267998
268003
268007
268008
268009
268010
268012
268013
268014
269260
269261
269262
269276
269277
269278
269279
269282
269283
269286
269287
269288
269289
269290
269291
274416
274417
274418
274420
274421
274422
274427
