45
143
182
461
481
487
491
572
574
657
709
728
730
751
1807
1829
1841
1846
1847
1851
1920
1921
1922
1926
1927
1931
1948
1949
1950
1964
1965
1966
2005
2288
2290
2296
2298
2628
2629
2630
2643
2648
2649
2653
2671
2836
2838
2883
2889
2893
2912
2914
2919
2922
7228
7229
7230
7231
7312
7313
7314
7316
7317
7318
7319
7323
7364
7365
7366
7376
7378
7379
7383
7384
7385
7386
7387
7389
7404
7406
7407
7680
7681
7682
7684
7686
7687
7688
7690
7691
7699
7705
7708
7709
7710
7711
7715
7720
7721
7722
7724
7725
7726
7727
7792
7794
7795
7799
7800
7801
7802
7803
7805
7820
7822
7823
7841
7844
7845
7846
7856
7857
7858
7860
7861
7862
7863
7866
7867
8020
8021
8022
9155
9160
9161
9162
9164
9165
9166
9183
9184
9185
9186
9190
9191
9192
9194
9195
9205
10512
10513
10514
10516
10518
10519
10523
10563
10569
10572
10573
10574
10591
10592
10593
10594
10596
10598
10599
10600
10602
10603
10613
10684
10685
10686
10687
11332
11333
11334
11344
11346
11347
11351
11352
11353
11354
11375
11532
11534
11535
11556
11557
11558
11569
11572
11573
11574
11579
11647
11648
11650
11655
11656
11658
11659
11676
11678
11679
11683
11688
11689
11693
12019
12024
12025
12026
12029
84992
84994
84995
85000
85001
85002
85004
85005
85006
85024
85025
85026
85028
85030
85031
85032
85034
85035
85044
85045
85046
85120
85121
85122
85124
85126
85127
85128
85130
85131
85145
85148
85150
85151
85152
85154
85155
85160
85161
85162
85164
85165
85166
85167
85201
85204
85205
85206
85207
85211
85504
85505
85506
85508
85509
85510
85511
85512
85514
85515
85523
85529
85532
85533
85534
85535
85536
85538
85539
85544
85545
85546
85548
85549
85550
85551
85619
85625
85628
85629
85630
85631
85632
85634
85635
85640
85641
85642
85644
85645
85646
85647
85664
85665
85666
85668
85669
85670
85671
85672
85674
85675
85681
85684
85685
85686
85687
85691
85841
85844
85845
85846
85847
85851
91137
91140
91141
91142
91143
91147
91155
91161
91164
91165
91166
91167
91171
91177
91180
91181
91182
91183
91251
91257
91260
91261
91262
91263
91267
91273
91276
91277
91278
91279
91297
91300
91301
91302
91303
91307
91313
91316
91317
91318
91319
91323
91635
91641
91644
91645
91646
91647
91648
91650
91651
91656
91657
91660
91661
91662
91663
91681
91684
91685
91686
91687
91690
91691
91697
91700
91701
91702
91703
91707
91777
91780
91781
91782
91783
91787
91795
91801
91804
91805
91806
91807
91811
91817
91820
91821
91822
91823
91857
91860
91861
91862
91863
91867
94545
94548
94549
94550
94551
94555
95235
95241
95244
95245
95246
95247
95264
95265
95268
95269
95270
95271
95274
95275
95281
95284
95285
95286
95287
95291
95360
95361
95362
95364
95365
95366
95367
95368
95370
95371
95379
95385
95388
95389
95390
95391
95392
95394
95395
95400
95401
95402
95404
95405
95406
95407
95441
95444
95445
95446
95447
95451
95740
95742
95743
95744
95745
95746
95747
95751
95752
95753
95754
95755
95757
95772
95774
95775
95776
95777
95778
95779
95783
95784
95785
95786
95787
95789
95797
95868
95870
95871
95872
95874
95875
95880
95881
95882
95884
95885
95886
95903
95904
95905
95906
95907
95908
95910
95911
95912
95914
95915
95924
95925
95926
96085
97267
97273
97276
97277
97278
97279
242684
242686
242687
244052
244053
244054
244736
244737
244738
244740
244742
244743
244744
244746
244747
244764
244766
244767
244768
244770
244771
244776
244777
244778
244780
244781
244782
244851
244857
244860
244861
244862
244863
244864
244866
244867
244872
244873
244874
244876
244877
244878
244879
244896
244897
244898
244900
244902
244903
244904
244906
244907
244913
244916
244917
244918
245199
245220
245221
245232
245233
245234
245235
245236
245237
245238
245239
245240
245241
245242
245243
245263
245284
245285
245286
245296
245297
245298
245299
245300
245302
245303
245304
245306
245307
245376
245377
245378
245380
245381
245382
245383
245386
245387
245394
245395
245400
245401
245402
245404
245405
245406
245407
245411
245417
245420
245421
245422
245423
245457
245460
245461
245462
245463
245467
311343
311368
311389
311583
311584
311586
311595
311664
311665
311668
311670
311675
311732
311733
312051
312056
312058
312371
312376
312377
312447
312451
312455
312456
312458
312473
312492
312493
312494
312768
312769
312770
312772
312773
312774
312779
312786
312787
312791
312792
312794
312814
312815
312895
312980
312981
313025
313028
313029
313040
313041
313042
313044
313046
313051
313071
314316
314317
314318
314335
314343
314346
315596
315598
315599
315615
315616
315617
315618
315620
315621
315622
315623
315627
315891
315895
315896
315897
315898
315916
315917
315918
315919
315934
315935
315936
315937
315938
315939
315940
315942
315943
315944
315946
315947
315983
316001
316004
316005
316016
316017
316018
316020
316021
316022
316027
316069
316080
316081
316082
316084
316085
316086
316091
316671
316997
317008
317009
317012
317013
317014
317019
317184
317185
317186
317188
317189
317190
317195
317200
317201
317202
317203
317204
317205
317206
317207
317208
317210
317211
317230
317231
317248
317250
317251
317255
317256
317257
317258
317259
317260
317261
317267
317272
317273
317276
317277
317278
317279
317282
317283
317287
317288
317289
317290
317292
317293
317294
317372
317373
317374
317375
317695
318036
318037
318208
318209
318210
318212
318213
318214
318215
318219
318224
318225
318226
318227
318228
318230
318231
318232
318233
318234
318235
318252
318254
318255
318275
318279
318280
318281
318282
318285
318291
318296
318297
318300
318301
318302
318307
318312
318313
318314
318316
318317
318318
318396
318397
318398
318399
323378
323379
323383
323384
323385
323386
323452
323453
323454
323459
323464
323465
323466
323469
323484
323485
323486
323491
323496
323497
323498
323500
323501
