49167
49209
49382
49393
49400
49751
49963
49972
49975
50065
50074
50077
50146
50165
51536
51538
51539
51545
51548
51550
52255
52268
52271
52357
52384
52387
52393
52396
52398
52399
52432
52434
52441
52446
52804
52806
52807
52833
52840
52842
52845
52853
52854
53009
53016
53018
53019
53021
53121
53128
53130
53131
53133
53156
53159
53163
53172
53175
53204
53206
53207
58688
58689
58690
58691
58697
58698
58701
58702
58724
58725
58726
58737
58744
58746
58747
58749
61461
61555
61564
61567
61568
61570
61571
61577
61580
61582
61583
61605
61616
61618
61619
61625
61628
61630
61631
61973
61974
62076
62079
62080
62082
62083
62089
62092
62094
62095
62117
62128
62130
62131
62137
62140
62141
62142
62143
62165
62272
62273
62274
62275
62280
62281
62282
62283
62284
62285
62286
62308
62309
62310
62311
62321
62322
62328
62330
62331
62333
63761
63764
63767
63768
63770
63771
63773
63873
63876
63879
63880
63882
63883
63885
63905
63908
63910
63911
63912
63914
63915
63921
63924
63926
63927
63928
63930
63931
63956
63958
63959
63963
64580
64582
64583
64608
64609
64610
64616
64617
64618
64619
64621
64622
64628
64629
64630
64631
65029
65030
65040
65042
65043
65049
65052
65054
65055
65056
65058
65059
65065
65068
65070
65071
65077
65157
65158
65171
65180
65183
65184
65186
65187
65193
65194
65196
65197
65198
65199
65205
65232
65233
65234
65235
65240
65241
65242
65243
65244
65245
65246
65247
65360
65361
65362
65363
65368
65369
65370
65371
65372
65373
65374
65375
65388
65391
136256
136257
136258
136260
136261
136262
136263
136264
136266
136267
136275
136281
136284
136285
136286
136287
136288
136290
136291
136296
136297
136298
136300
136301
136302
136303
136508
136510
136511
136597
136598
136640
136641
136642
136643
136647
136648
136649
136650
136651
136653
136654
136673
136674
136676
136678
136679
136680
136682
136683
136685
136689
136692
136693
136694
136695
136699
136767
136853
136896
136897
136898
136899
136904
136905
136906
136908
136909
136910
136928
136929
136930
136932
136934
136935
136936
136938
136939
136948
136949
136950
136951
136955
213265
213268
213269
213270
213271
213275
213312
213314
213315
213320
213321
213322
213324
213325
213326
213327
213344
213345
213346
213348
213349
213350
213351
213352
213354
213355
213361
213364
213365
213366
213367
213371
213427
213433
213436
213437
213438
213439
214208
214210
214211
214216
214217
214218
214220
214221
214222
214223
214240
214241
214242
214244
214245
214246
214247
214248
214250
214251
214257
214260
214261
214262
214267
214592
214593
214594
214596
214598
214599
214600
214602
214603
214620
214621
214622
214623
214624
214626
214627
214632
214633
214634
214636
214637
214638
214804
214805
214806
214848
214850
214851
214856
214857
214858
214860
214861
214862
214880
214881
214882
214884
214886
214887
214888
214890
214891
214900
214901
214902
214972
214974
214975
215859
215865
215868
215869
215870
215871
215953
215956
215957
215958
215959
215963
216000
216001
216002
216004
216005
216006
216007
216008
216010
216011
216019
216025
216028
216029
216030
216031
216032
216034
216035
216040
216041
216042
216044
216045
216046
216047
220352
220354
220355
220360
220361
220362
220364
220365
220366
220384
220385
220386
220388
220390
220391
220392
220394
220395
220404
220405
220406
220737
220738
220740
220741
220742
220743
220744
220746
220747
220755
220761
220764
220765
220766
220767
220768
220770
220771
220776
220777
220778
220780
220781
220782
220783
220945
220948
220949
220950
220951
220955
220995
221001
221004
221005
221006
221007
221025
221028
221029
221030
221031
221035
221041
221044
221045
221046
221047
221048
221050
221051
221107
221113
221116
221117
221118
221119
222012
222014
222015
222100
222101
222102
222144
222145
222146
222148
222150
222151
222152
222154
222155
222172
222174
222175
222176
222178
222179
222184
222185
222186
222188
222189
222190
223508
223509
223510
223552
223553
223554
223555
223559
223560
223561
223562
223563
223564
223565
223566
223583
223584
223585
223586
223588
223590
223591
223592
223593
223594
223595
223604
223605
223606
223676
223678
223679
224277
224320
224321
224322
224323
224324
224326
224327
224328
224329
224330
224331
224333
224348
224350
224351
224352
224353
224354
224355
224359
224360
224361
224362
224363
224364
224365
224366
224447
224572
224574
224575
224660
224661
224662
224704
224705
224706
224708
224710
224711
224712
224714
224715
224732
224734
224735
224736
224738
224739
224744
224745
224746
224748
224749
224750
224960
224962
224963
224967
224968
224969
224970
224972
224973
224974
224991
224992
224993
224994
224996
224998
224999
225000
225001
225002
225003
225012
225013
225014
294945
294955
295044
295046
295448
295450
295539
295545
295567
295608
295610
295763
295769
295773
297025
297031
297035
297056
297058
297064
297066
297069
297420
297422
297444
297446
297463
297532
297534
297535
297621
297665
297671
297675
297696
297698
297705
297706
297709
298261
298307
298313
298316
298318
298340
298342
298353
298356
298358
298359
298363
298428
298430
298431
303364
303365
303366
303379
303385
303388
303389
303390
303391
303395
303401
303404
303405
303406
303407
303487
303488
303490
303491
303496
303497
303498
303500
303501
303502
303521
303524
303526
303527
303528
303530
303531
303540
303541
303542
303543
304911
304933
304944
304945
304946
304952
304954
304955
305040
305041
305042
305048
305050
305051
305093
305104
305107
305113
305117
305118
305135
305392
305394
305395
305401
305404
305405
305406
305745
305748
305750
305751
305755
305924
305926
305927
305948
305950
305951
305955
305961
305964
305965
305966
306048
306049
306050
306051
306056
306057
306058
306059
306061
306080
306081
306082
306087
306088
306090
306091
306100
306101
306102
306133
308304
308305
308306
308308
308310
308311
308312
308314
308315
308495
308517
308528
308529
308530
308531
308535
308536
308537
308538
308539
308541
308624
308625
308626
308628
308630
308631
308632
308634
308635
308637
308676
308677
308678
308688
308690
308691
308696
308697
308698
308700
308701
308702
308703
308716
308718
308719
308943
308965
308976
308977
308978
308979
308984
308985
308986
308988
308989
308990
