49287
49321
49325
49692
49694
49828
49830
49844
49846
50007
50011
51217
51223
51227
51279
51301
51312
51313
51314
51320
51322
51323
51379
51385
51389
51699
51705
51709
51727
51749
51761
51771
51856
51858
51864
51866
51920
51922
51928
51930
52549
52550
52563
52569
52572
52573
52574
52588
52590
52591
57412
57413
57414
57424
57426
57427
57433
57436
57437
57438
57439
57443
57449
57452
57454
57455
57651
57657
57660
57662
57663
57748
57749
57750
57793
57796
57798
57799
57800
57802
57803
57820
57822
57823
57824
57826
57827
57832
57833
57834
57836
57837
57838
58051
58057
58060
58061
58062
58063
58081
58084
58085
58086
58087
58091
58097
58100
58101
58102
58103
58107
59331
59337
59340
59342
59364
59366
59380
59382
59383
59452
59454
59455
59540
59541
59542
59585
59588
59590
59591
59595
59615
59616
59618
59619
59625
59628
59629
59630
59925
59968
59970
59971
59976
59977
59978
59981
60000
60001
60002
60007
60008
60010
60011
60021
60095
60181
60224
60226
60227
60232
60233
60234
60237
60256
60257
60258
60263
60264
60266
60267
60277
60351
62736
62737
62738
62740
62742
62743
62744
62746
62747
62796
62798
62799
62820
62821
62822
62832
62833
62834
62836
62838
62839
62840
62841
62842
62843
62845
62896
62898
62899
62904
62905
62906
62908
62909
62910
131141
131152
131153
131154
131155
131159
131160
131161
131162
131163
131165
131183
131343
131365
131376
131377
131378
131379
131383
131384
131385
131386
131387
131389
131461
131472
131473
131474
131475
131479
131480
131481
131482
131483
131485
131503
131525
131536
131537
131538
131539
131543
131544
131545
131546
131547
131549
131567
131791
131813
131824
131825
131826
131827
131831
131832
131833
131834
131835
131837
132876
132878
132879
132900
132901
132902
132912
132913
132914
132915
132916
132918
132919
132920
132921
132922
132923
132925
132996
132997
132998
133008
133009
133010
133011
133015
133016
133017
133018
133019
133020
133021
133022
133036
133038
133039
133061
133072
133073
133074
133075
133076
133078
133079
133080
133081
133082
133083
133085
133103
133327
133349
133360
133361
133362
133363
133367
133368
133369
133370
133371
133373
133374
133701
133712
133713
133714
133715
133719
133720
133721
133722
133723
133725
133743
133893
133904
133905
133906
133907
133911
133912
133913
133914
133915
133917
133935
133967
133989
134000
134001
134002
134003
134007
134008
134009
134010
134011
134013
134031
134053
134064
134065
134066
134067
134071
134072
134073
134074
134075
134077
139023
139045
139056
139057
139058
139059
139063
139064
139065
139066
139067
139069
139141
139152
139153
139154
139155
139159
139160
139161
139162
139163
139165
139183
139205
139216
139217
139218
139219
139223
139224
139225
139226
139227
139228
139229
139230
139244
139247
139471
139493
139504
139505
139506
139507
139511
139512
139513
139514
139515
139517
139845
139856
139857
139858
139859
139860
139863
139864
139865
139866
139867
139869
139887
140036
140037
140038
140048
140049
140050
140051
140055
140056
140057
140058
140059
140060
140061
140062
140076
140078
140079
140111
140133
140144
140145
140146
140147
140151
140152
140153
140154
140155
140156
140157
140158
140172
140174
140175
140196
140197
140198
140208
140209
140210
140211
140212
140214
140215
140216
140217
140218
140219
140221
141381
141392
141393
141394
141395
141396
141398
141399
141400
141401
141402
141403
141405
141423
141580
141582
141583
141604
141605
141606
141616
141617
141618
141619
141620
141622
141623
141624
141625
141626
141627
141629
141700
141701
141702
141712
141713
141714
141715
141719
141720
141721
141722
141723
141724
141725
141726
141740
141742
141743
141765
141776
141777
141778
141779
141780
141782
141783
141784
141785
141786
141787
141789
141807
142031
142053
142064
142065
142066
142067
142071
142072
142073
142074
142075
142076
142077
142078
142596
142597
142598
142608
142609
142610
142611
142615
142616
142617
142618
142619
142620
142621
142622
142636
142638
142639
142671
142693
142704
142705
142706
142707
142711
142712
142713
142714
142715
142716
142717
142718
142732
142734
142735
142756
142757
142758
142768
142769
142770
142771
142772
142774
142775
142776
142777
142778
142779
142781
218373
218384
218385
218386
218387
218391
218392
218393
218394
218395
218397
218398
218412
218415
218447
218480
218482
218483
218489
218490
218492
218493
218494
218495
218496
218499
218505
218508
218509
218510
218511
218532
218533
218534
218544
218545
218546
218547
218548
218550
218551
218552
218553
218554
218555
218557
294972
295113
295118
295141
295729
295738
295741
295828
295830
295873
295880
295882
295883
295885
295908
295911
295928
295931
297303
298024
298027
298036
298039
298129
298136
298138
298139
298180
298182
298183
298209
298216
298218
298219
298221
298228
298230
298231
298577
298586
298589
298758
298786
298793
298794
298797
298798
298805
298896
298898
298899
298905
298908
298910
298949
298976
298978
298979
298985
298988
298990
298991
298997
304464
304466
304467
304473
304476
304478
304479
307205
307216
307219
307228
307231
307232
307235
307241
307244
307246
307247
307333
307344
307347
307356
307359
307360
307362
307363
307369
307372
307374
307375
307408
307410
307411
307417
307420
307422
307423
307781
307808
307810
307811
307817
307820
307822
307823
307829
307984
307986
307987
307993
307994
307996
307997
307998
307999
308100
308101
308102
308103
308128
308129
308130
308131
308136
308137
308138
308140
308141
308142
308143
308149
308150
308176
308177
308178
308184
308185
308186
308187
308189
308190
309572
309574
309575
309601
309602
309608
309609
309610
309611
309613
309614
309620
309621
309622
309623
310289
310296
310298
310299
310301
310401
310404
310406
310407
310408
310410
310411
310433
310436
310439
310440
310442
310443
310445
310452
310454
310455
310456
310459
310481
310484
310486
310487
310488
310490
310491
310493
310849
310852
310854
310855
310856
310858
310859
310861
310881
310884
310886
310887
310888
310890
310891
310893
310897
310900
310902
310903
310904
310906
310907
310909
311060
311062
311063
311064
311067
311168
311169
311170
311171
311176
311177
311178
311179
311180
311181
311182
311183
311204
311205
311206
311207
311217
311218
311220
311223
311224
311225
311226
311227
311229
311230
311252
311253
311254
311255
