16390
16488
16490
16573
16692
16694
16761
16780
16781
16782
16799
16807
17136
17137
17147
17471
17556
17557
17604
17605
17616
17618
17623
17627
17647
17871
17888
17889
17892
17893
17894
17899
17909
17968
17970
17975
17978
17979
18044
18046
18051
18056
18057
18058
18076
18077
18078
18083
18088
18089
18093
19392
19394
19403
19411
19416
19417
19438
20732
20734
20735
21057
21060
21061
21062
21072
21073
21074
21076
21077
21078
21079
21083
21103
21264
21265
21268
21269
21270
21275
21312
21313
21314
21316
21318
21319
21322
21323
21331
21335
21336
21337
21338
21341
21356
21357
21358
21359
21439
22323
22327
22328
22329
22330
22332
22333
22334
22399
22400
22401
22402
22404
22405
22406
22407
22410
22411
22416
22418
22419
22423
22424
22425
22426
22427
22429
22444
22445
22446
22447
22481
22484
22485
22486
22723
22729
22732
22733
22734
22735
22748
22750
22751
22752
22753
22754
22755
22756
22758
22759
22760
22761
22762
22763
23027
23032
23033
23034
23036
23037
23038
23049
23052
23053
23054
23068
23070
23071
23072
23074
23075
23079
23080
23081
23082
23083
23119
23137
23140
23141
23142
23152
23153
23154
23156
23157
23158
23163
23183
23204
23205
23216
23217
23218
23220
23221
23222
23223
23227
28419
28423
28424
28425
28426
28441
28444
28445
28446
28457
28460
28461
28462
28494
28495
28511
28512
28513
28514
28516
28517
28518
28523
28594
28595
28599
28600
28601
28602
111375
111397
111408
111409
111410
111411
111415
111416
111417
111418
111419
111420
111421
111493
111504
111505
111506
111507
111510
111511
111512
111513
111514
111515
111517
111535
111556
111557
111568
111569
111570
111571
111575
111576
111577
111578
111579
111580
111581
111598
111599
112900
112901
112912
112913
112914
112915
112919
112920
112921
112922
112923
112925
112943
112974
112975
112996
112997
113008
113009
113010
113011
113014
113015
113016
113017
113018
113019
113021
113039
113061
113072
113073
113074
113075
113079
113080
113081
113082
113083
113084
113085
113733
113744
113745
113746
113747
113748
113750
113751
113752
113753
113754
113755
113757
113775
113932
113934
113935
113953
113956
113957
113958
113963
113968
113969
113970
113972
113973
113974
113975
113976
113978
113979
114047
114048
114049
114050
114051
114052
114054
114055
114056
114057
114058
114059
114067
114073
114076
114077
114078
114079
114082
114083
114088
114089
114090
114092
114093
114094
114095
114133
114416
114418
114419
114423
114424
114425
114426
114427
114428
114429
114430
167119
167141
167152
167153
167154
167155
167159
167160
167161
167162
167163
167165
167493
167504
167505
167506
167507
167511
167512
167513
167514
167515
167517
167535
167685
167696
167697
167698
167699
167703
167704
167705
167706
167707
167709
167727
167759
167781
167792
167793
167794
167795
167799
167800
167801
167802
167803
167804
167805
167806
167820
167822
167823
167844
167845
167856
167857
167858
167859
167862
167863
167864
167865
167866
167867
167869
173125
173136
173137
173138
173139
173140
173142
173143
173144
173145
173146
173147
173149
173167
173324
173326
173327
173348
173349
173350
173360
173361
173362
173363
173364
173366
173367
173368
173369
173370
173371
173373
173444
173445
173446
173456
173457
173458
173459
173463
173464
173465
173466
173467
173468
173469
173470
173484
173486
173487
173509
173520
173521
173522
173523
173524
173526
173527
173528
173529
173530
173531
173533
173551
173775
173797
173808
173809
173810
173811
173815
173816
173817
173818
173819
173820
173821
173822
176388
176389
176390
176400
176402
176403
176408
176409
176410
176411
176412
176413
176414
176428
176430
176431
176485
176496
176497
176498
176499
176503
176504
176505
176506
176507
176508
176509
176510
176524
176526
176527
176548
176549
176550
176560
176561
176562
176563
176564
176566
176567
176568
176570
176571
176573
177359
177381
177392
177393
177394
177395
177399
177400
177401
177402
177403
177405
177732
177733
177734
177744
177745
177746
177747
177751
177752
177753
177754
177755
177756
177757
177772
177774
177775
177925
177936
177937
177938
177939
177940
177942
177943
177944
177946
177947
177967
177987
177993
177996
177997
177998
177999
178016
178017
178020
178021
178022
178023
178027
178033
178036
178037
178038
178039
178043
178096
178098
178099
178104
178105
178106
178108
178109
178110
178959
178980
178981
178992
178993
178994
178995
178996
178998
178999
179000
179001
179002
179003
179005
179076
179077
179078
179088
179089
179090
179091
179095
179096
179097
179098
179099
179100
179101
179102
179116
179118
179119
179141
179152
179153
179154
179155
179156
179158
179159
179160
179161
179162
179163
179165
179183
245872
245879
245947
246208
246210
246215
246236
246238
246253
246465
246475
246493
246508
246510
247552
247554
247559
247560
247562
247580
247582
247587
247593
247597
247664
247666
247671
247672
247674
247695
247717
247729
247732
247734
247739
248063
248405
248577
248580
248582
248587
248595
248601
248605
248620
248622
248677
248689
248694
248699
248752
248754
248759
248760
248762
252928
252929
252930
252931
252934
252935
252936
252938
252939
252953
252956
252957
252958
252959
252963
252968
252969
252972
252973
252974
253007
253029
253040
253041
253042
253043
253044
253046
253047
253048
253049
253050
253051
253071
253092
253093
253094
253104
253105
253106
253108
253110
253111
253114
253115
253333
253376
253377
253378
253379
253383
253384
253385
253386
253387
253389
253404
253405
253406
253407
253408
253410
253411
253415
253416
253417
253418
253420
253421
253422
253502
253503
253588
253589
253590
253632
253633
253634
253636
253637
253638
253639
253640
253642
253643
253651
253656
253657
253658
253660
253661
253662
253667
253673
253676
253677
253678
253679
254975
256340
256341
257024
257025
257026
257028
257030
257031
257035
257043
257048
257049
257052
257053
257054
257068
257069
257070
257071
257103
257124
257125
257136
257137
257138
257140
257142
257143
257147
257200
257201
257202
257203
257207
257208
257210
257211
257343
257428
257429
257473
257476
257478
257483
257491
257496
257497
257501
257516
257518
257519
257728
257730
257731
257735
257736
257738
257739
257756
257758
257759
257763
257768
257769
257772
257773
