23
94
99
105
188
271
293
309
371
376
378
416
418
427
754
1157
1168
1169
1170
1174
1179
1233
1236
1237
1238
1484
1485
1486
1503
1506
1507
1511
1512
1514
1587
1592
1593
1597
1663
1664
1666
1671
1675
1683
1688
1689
1690
1708
1710
3011
3015
3016
3018
3037
3052
3053
4339
4343
4344
4345
4346
4349
4609
4612
4613
4614
4624
4625
4626
4628
4629
4630
4631
4635
4655
4672
4674
4675
4679
4680
4681
4682
4683
4691
4696
4697
4698
4700
4701
4716
4717
4718
4796
4798
4799
4933
4944
4945
4946
4948
4949
4950
4955
5903
5920
5921
5924
5925
5926
5931
5936
5937
5938
5940
5941
5942
5947
6003
6008
6009
6010
6012
6013
6014
6019
6024
6025
6028
6029
6030
6031
6044
6046
6047
6048
6049
6050
6051
6052
6054
6055
6056
6057
6058
6059
6373
6384
6385
6386
6387
6388
6389
6390
6391
6392
6394
6395
6655
6656
6657
6658
6659
6660
6661
6662
6663
6664
6666
6667
6674
6675
6679
6680
6681
6682
6685
6700
6701
6702
6703
6723
6728
6729
6732
6733
6734
6748
6749
6750
6751
6752
6754
6755
6759
6760
6761
6762
6763
6835
6840
6841
6842
6844
6845
6846
12044
12045
12046
12063
12064
12065
12066
12067
12070
12071
12072
12074
12075
12144
12145
12146
12148
12149
12150
12155
12196
12197
12208
12209
12212
12213
12214
12219
95038
95039
95124
95125
95168
95169
95170
95171
95174
95175
95176
95177
95178
95179
95181
95198
95199
95200
95201
95202
95203
95207
95208
95209
95210
95211
95212
95213
95221
96532
96533
96534
96576
96577
96578
96579
96583
96584
96585
96586
96587
96588
96589
96607
96608
96609
96610
96611
96614
96615
96616
96617
96618
96619
96621
96628
96629
96702
96703
97301
97344
97345
97346
97347
97348
97350
97351
97352
97353
97354
97355
97357
97372
97374
97375
97376
97377
97378
97379
97383
97384
97385
97386
97387
97388
97389
97390
97397
97471
97587
97593
97596
97597
97598
97599
97669
97680
97681
97682
97684
97685
97686
97687
97688
97690
97691
97729
97732
97733
97734
97739
97744
97745
97746
97747
97748
97750
97751
97752
97753
97754
97755
97757
97772
97774
97775
97986
97987
97992
97993
97994
97996
97997
97998
97999
98016
98017
98018
98020
98021
98022
98023
98024
98026
98027
98033
98036
98037
98038
232511
232597
232640
232641
232642
232643
232647
232648
232649
232650
232651
232652
232653
232654
232671
232672
232673
232674
232675
232676
232678
232679
232680
232681
232682
232683
232685
232692
232693
232694
232981
233024
233025
233026
233027
233028
233030
233031
233032
233033
233034
233035
233037
233052
233054
233055
233056
233057
233058
233059
233063
233064
233065
233066
233067
233068
233069
233070
233077
233151
233236
233237
233238
233280
233281
233282
233283
233287
233288
233289
233290
233291
233292
233293
233294
233312
233313
233314
233315
233316
233318
233319
233320
233322
233323
233325
233332
233333
233334
233404
233406
233407
238656
238657
238658
238660
238662
238663
238664
238666
238667
238684
238686
238687
238688
238690
238691
238696
238697
238698
238700
238701
238702
238908
238910
238911
238996
238997
238998
239040
239041
239042
239044
239046
239047
239048
239050
239051
239068
239070
239071
239072
239074
239075
239080
239081
239082
239084
239085
239086
239296
239298
239299
239304
239305
239306
239308
239309
239310
239328
239329
239330
239332
239334
239335
239336
239338
239339
239348
239349
239350
241937
241940
241941
241942
241943
241984
241986
241987
241992
241993
241994
241996
241997
241998
241999
242016
242017
242018
242020
242022
242023
242024
242026
242027
242036
242037
242038
242105
242108
242110
242111
242880
242882
242883
242887
242888
242889
242890
242891
242892
242893
242894
242911
242912
242913
242914
242915
242916
242918
242919
242920
242921
242922
242923
242925
242932
242933
242934
243220
243221
243222
243264
243265
243266
243267
243271
243272
243273
243274
243275
243277
243294
243295
243296
243297
243298
243299
243303
243304
243305
243306
243307
243309
243317
243388
243390
243391
243477
243520
243521
243522
243524
243526
243527
243528
243530
243531
243539
243545
243548
243549
243550
243551
243554
243555
243560
243561
243562
243564
243565
243566
243647
244540
244542
244543
244628
244629
244630
244672
244673
244674
244676
244678
244679
244680
244682
244683
244700
244702
244703
244704
244706
244707
244712
244713
244714
244716
244717
244718
311324
311410
311473
311752
311754
311775
311779
311785
311871
311957
312004
312006
312025
313091
313097
313101
313119
313120
313122
313127
313128
313130
313203
313209
313212
313213
313214
313228
313229
313230
313248
313249
313252
313254
313255
313259
313269
313596
313598
313937
313940
313942
313947
314117
314130
314136
314138
314159
314191
314212
314214
314228
314229
314291
314297
318473
318476
318477
318478
318479
318496
318497
318498
318500
318502
318503
318506
318507
318516
318517
318518
318588
318589
318590
318591
318595
318600
318601
318602
318604
318605
318606
318623
318624
318625
318626
318627
318631
318632
318633
318634
318635
318645
318924
318926
318927
318945
318948
318949
318950
318955
318960
318961
318962
318964
318965
318966
318967
318971
319024
319026
319027
319031
319032
319033
319034
319036
319037
319105
319108
319109
319110
319120
319121
319122
319123
319127
319128
319129
319130
319131
319133
319148
319150
319151
319184
319185
319186
319188
319189
319190
319191
319195
320499
320504
320505
320508
320509
320510
321861
321872
321873
321874
321878
321879
321880
321882
321883
321903
322565
322576
322577
322578
322580
322582
322583
322586
322587
322627
322633
322636
322637
322638
322655
322656
322657
322658
322662
322663
322664
322666
322667
322677
322745
322748
322749
322750
322873
322876
322877
322878
322960
322961
322962
322966
322967
322971
323013
323024
323025
323026
323031
323034
323035
323273
323276
323277
323278
323296
323297
323298
323302
323303
323306
323307
323317
