49215
49344
49347
49356
49394
49401
49406
49749
49922
49929
50150
50161
50170
50173
51540
51542
52225
52232
52234
52235
52237
52260
52262
52263
52273
52280
52282
52283
52285
52372
52374
52375
52424
52427
52452
52455
52472
52475
52820
52823
52824
52827
52996
52999
53025
53032
53035
53044
53046
53047
53137
53144
53146
53147
53149
53188
53190
53191
53217
53224
53226
53227
53229
53236
53238
53239
58705
58712
58714
58715
58717
61444
61446
61447
61473
61474
61480
61482
61483
61485
61492
61493
61494
61495
61585
61586
61592
61593
61594
61597
61598
61637
61638
61664
61665
61666
61667
61673
61674
61676
61677
61678
61679
61685
61686
62032
62033
62034
62035
62041
62042
62044
62045
62046
62047
62213
62240
62242
62243
62249
62252
62254
62255
62261
62352
62354
62355
62361
62364
62366
62367
62405
62419
62428
62431
62432
62434
62435
62441
62444
62446
62447
62453
63813
63824
63826
63827
63833
63836
63838
63839
63840
63843
63852
63855
64517
64528
64530
64531
64537
64540
64542
64543
64544
64546
64547
64553
64556
64558
64559
64565
64645
64656
64658
64659
64665
64668
64670
64671
64672
64674
64675
64681
64684
64686
64687
64693
64709
64720
64722
64723
64729
64732
64734
64735
64736
64739
64745
64748
64750
64751
65093
65104
65107
65116
65119
65120
65122
65123
65129
65132
65134
65135
65141
65296
65297
65298
65299
65305
65306
65308
65309
65310
65311
65324
65327
65412
65413
65414
65415
65440
65441
65442
65443
65448
65449
65450
65451
65452
65453
65454
65455
65461
65462
65488
65489
65490
65491
65496
65497
65498
65499
65500
65501
65502
65503
136468
136469
136470
136512
136513
136514
136515
136520
136521
136522
136524
136525
136526
136545
136546
136548
136549
136550
136551
136552
136554
136555
136561
136564
136565
136566
136567
136568
136571
136636
136638
136639
213013
213056
213057
213058
213059
213060
213062
213063
213064
213065
213066
213067
213069
213084
213086
213087
213088
213089
213090
213091
213095
213096
213097
213098
213099
213100
213101
213102
213109
213183
213308
213310
213311
213396
213397
213398
213440
213441
213442
213443
213444
213446
213447
213448
213449
213450
213451
213453
213468
213470
213471
213472
213473
213474
213475
213479
213480
213481
213482
213483
213484
213485
213486
213493
213567
213653
213696
213697
213698
213699
213703
213704
213705
213706
213707
213708
213709
213710
213727
213728
213729
213730
213731
213732
213734
213735
213736
213737
213738
213739
213741
213748
213749
213750
214844
214846
214847
214932
214933
214934
214976
214977
214978
214980
214982
214983
214984
214986
214987
215004
215006
215007
215008
215010
215011
215016
215017
215018
215020
215021
215022
215232
215234
215235
215240
215241
215242
215244
215245
215246
215263
215264
215265
215266
215268
215270
215271
215272
215273
215274
215275
215284
215285
215286
215573
215616
215617
215618
215619
215620
215622
215623
215624
215625
215626
215627
215629
215644
215646
215647
215648
215649
215650
215651
215655
215656
215657
215658
215659
215660
215661
215662
215669
215743
215828
215829
215830
215872
215873
215874
215875
215879
215880
215881
215882
215883
215884
215885
215886
215903
215904
215905
215906
215907
215908
215910
215911
215912
215913
215914
215915
215917
215924
215925
215926
215996
215998
215999
220988
220990
220991
221076
221077
221078
221120
221121
221122
221123
221124
221126
221127
221128
221129
221130
221131
221133
221151
221152
221153
221154
221155
221159
221160
221161
221162
221163
221165
221166
221173
221247
221333
221376
221377
221378
221379
221383
221384
221385
221386
221387
221388
221389
221390
221407
221408
221409
221410
221411
221412
221414
221415
221416
221417
221418
221419
221421
221428
221429
221430
221760
221761
221762
221764
221766
221767
221768
221770
221771
221788
221790
221791
221792
221794
221795
221800
221801
221802
221804
221805
221806
221813
221972
221973
221974
222016
222018
222019
222024
222025
222026
222028
222029
222030
222048
222049
222050
222052
222054
222055
222056
222058
222059
222068
222069
222070
222140
222142
222143
223296
223297
223298
223300
223302
223303
223304
223306
223307
223324
223326
223327
223328
223330
223331
223336
223337
223338
223340
223341
223342
223548
223550
223551
223636
223637
223638
223680
223681
223682
223684
223686
223687
223688
223690
223691
223708
223710
223711
223712
223714
223715
223720
223721
223722
223724
223725
223726
223936
223938
223939
223944
223945
223946
223948
223949
223950
223968
223969
223970
223972
223974
223975
223976
223978
223979
223988
223989
223990
224532
224533
224534
224576
224578
224579
224584
224585
224586
224588
224589
224590
224608
224609
224610
224612
224614
224615
224616
224618
224619
224628
224629
224630
224700
224702
224703
295041
295051
295125
295428
295430
295468
295470
295551
295555
295561
295565
295764
295766
296976
296978
296979
296984
296985
296986
296989
297075
297081
297085
297103
297125
297136
297137
297138
297143
297144
297146
297147
297468
297470
297484
297486
297508
297510
297524
297526
297527
297605
297619
297625
297629
297647
297681
297687
297691
298320
298322
298328
298330
303125
303168
303169
303170
303171
303175
303176
303177
303178
303179
303181
303200
303201
303202
303207
303208
303210
303211
303213
303220
303221
303222
303295
303552
303554
303555
303561
303564
303565
303566
303585
303588
303590
303591
303595
303604
303605
303606
303676
303678
303679
303764
303765
303766
303808
303809
303810
303812
303814
303815
303816
303818
303819
303836
303838
303839
303840
303842
303843
303848
303849
303850
303852
303853
303854
305103
305125
305136
305137
305138
305144
305146
305147
305200
305202
305203
305208
305209
305210
305213
305296
305297
305298
305303
305304
305306
305307
305349
305360
305362
305363
305369
305372
305373
305374
305391
305681
305684
305686
305687
305691
305740
305742
305743
305764
305765
305766
305777
305780
305782
305783
305787
305843
305849
305852
305853
305854
305985
305988
305989
305990
305991
305995
306003
306009
306012
306013
306014
306015
306019
306025
306028
306029
306030
306031
308501
308544
308545
308546
308547
308551
308552
308553
308554
308555
308557
308575
308576
308577
308578
308579
308583
308584
308585
308586
308587
308589
308597
308671
