49298
49309
49363
49738
49782
49941
49996
49998
50033
50043
50111
51457
51463
51467
51489
51496
51498
51509
51589
51612
51615
51628
51630
51631
51665
51672
51674
52310
52495
52517
52528
52530
52536
52538
52541
52625
52628
52631
52635
52676
52678
52679
52704
52706
52707
52713
52717
52718
52979
52985
52988
52990
58373
58387
58393
58396
58398
58399
58403
58412
58414
58415
58497
58503
58504
58506
58507
58528
58529
58530
58535
58536
58538
58539
58541
58548
58549
58550
58580
58581
58582
58897
58900
58902
58903
58907
58992
58995
59001
59004
59006
59007
59020
59023
59045
59056
59058
59059
59064
59065
59066
59069
59204
59206
59207
59232
59234
59235
59241
59245
59246
61776
61777
61778
61779
61784
61785
61786
61787
61789
62527
62613
62656
62658
62659
62664
62665
62666
62668
62669
62670
62689
62692
62693
62694
62695
62699
62705
62708
62710
62711
62712
62714
62715
63045
63056
63057
63058
63059
63064
63065
63066
63067
63068
63069
63070
63087
63237
63248
63250
63251
63256
63257
63258
63260
63261
63262
63263
63276
63278
63279
63359
63360
63361
63362
63363
63368
63369
63370
63371
63372
63373
63374
63393
63396
63398
63399
63400
63402
63403
63409
63412
63413
63414
63415
63419
63445
64319
64405
64448
64450
64451
64457
64458
64460
64461
64462
64484
64485
64486
64487
64497
64500
64502
64503
64504
64506
64507
132356
132357
132358
132368
132369
132370
132371
132375
132376
132377
132378
132380
132381
132382
132396
132398
132399
132431
132453
132464
132465
132466
132467
132471
132472
132473
132474
132475
132476
132477
132478
132492
132494
132495
132516
132517
132518
132528
132529
132530
132531
132532
132534
132535
132536
132537
132538
132539
132541
135375
135397
135408
135409
135410
135411
135415
135416
135417
135418
135419
135421
135749
135760
135761
135762
135763
135767
135768
135769
135770
135771
135773
135791
135941
135952
135953
135954
135955
135959
135960
135961
135962
135963
135965
135983
136015
136037
136048
136049
136050
136051
136055
136056
136057
136058
136059
136061
136079
136101
136112
136113
136114
136115
136119
136120
136121
136122
136123
136125
137296
137297
137298
137300
137302
137303
137304
137306
137307
137484
137486
137487
137508
137509
137510
137520
137521
137522
137523
137524
137526
137527
137528
137529
137530
137531
137533
137605
137606
137616
137617
137618
137619
137623
137624
137625
137626
137627
137628
137629
137630
137644
137647
137669
137680
137681
137682
137683
137687
137688
137689
137690
137691
137693
137711
137935
137957
137968
137969
137970
137971
137976
137977
137978
137980
137981
137982
138500
138501
138502
138503
138507
138512
138514
138515
138521
138524
138525
138526
138527
138531
138537
138540
138541
138542
138543
138620
138622
138623
138624
138625
138626
138627
138632
138633
138634
138636
138637
138638
138657
138658
138660
138662
138663
138664
138666
138667
138673
138676
138677
138678
138679
138683
138709
143116
143119
143141
143142
143152
143153
143154
143155
143156
143158
143159
143160
143161
143162
143163
143165
143236
143237
143238
143248
143249
143250
143251
143255
143256
143257
143258
143259
143260
143261
143262
143276
143278
143279
143301
143312
143313
143314
143315
143316
143318
143319
143320
143321
143322
143323
143325
143343
217168
217169
217170
217172
217174
217175
217176
217178
217179
217199
217356
217358
217359
217380
217381
217382
217392
217393
217394
217396
217398
217399
217400
217402
217403
217476
217477
217478
217488
217490
217491
217496
217497
217498
217500
217501
217502
217516
217518
217519
217552
217553
217554
217556
217558
217559
217560
217562
217563
217840
217842
217843
217848
217849
217850
217852
217853
217854
218895
218917
218928
218929
218930
218931
218936
218937
218938
218940
218941
218942
219025
219026
219028
219029
219030
219031
219032
219034
219035
219073
219076
219077
219078
219079
219083
219091
219100
219102
219103
219104
219106
219107
219112
219113
219114
219116
219117
219118
219119
219125
219340
219342
219343
219365
219366
219376
219377
219378
219379
219383
219384
219385
219386
219387
219389
219390
219717
219728
219729
219730
219731
219732
219734
219735
219736
219737
219738
219739
219741
219759
219908
219909
219910
219920
219921
219922
219923
219927
219928
219929
219930
219932
219933
219934
219948
219950
219951
220016
220018
220019
220024
220025
220026
220028
220029
220030
220044
220046
220047
220068
220069
220070
220080
220081
220082
220084
220086
220087
220088
220090
220091
294915
294968
295108
295149
295157
295519
295535
295698
295709
295809
295816
295818
295819
295851
295860
295862
297237
297328
297331
297337
297342
297395
297401
297404
297406
298049
298056
298058
298061
298084
298087
298100
298102
298103
298500
298502
298528
298530
298531
298537
298541
298542
298549
298629
298655
298659
298668
298670
298671
298706
298712
298714
298717
298833
298840
298842
298843
304212
304214
304215
304435
304444
304446
304447
304533
304576
304578
304579
304585
304586
304589
304590
304612
304614
304615
304625
304631
304632
304634
304635
304835
304844
304846
304847
304869
304880
304882
304883
304888
304889
304890
304893
304894
307457
307460
307463
307464
307466
307467
307489
307495
307496
307498
307499
307501
307508
307509
307510
307511
307600
307602
307603
307609
307610
307612
307613
307614
307653
307664
307667
307673
307676
307678
307679
307683
307692
307694
307695
309265
309268
309270
309271
309272
309274
309275
309363
309369
309372
309374
309375
309376
309378
309379
309385
309388
309389
309390
309391
309412
309413
309414
309424
309425
309426
309427
309432
309433
309434
309435
309437
309438
309777
309780
309782
309783
309784
309786
309787
309789
309887
309888
309889
309890
309891
309896
309897
309898
309900
309901
309902
309903
309924
309925
309926
309927
309937
309938
309940
309943
309944
309946
309947
309949
309973
310084
310086
310087
310112
310113
310114
310115
310120
310121
310122
310124
310125
310126
310133
310593
310596
310597
310598
310599
310600
310603
310623
310624
310625
310626
310627
310632
310633
310634
310635
310636
310637
310638
310645
