33279
33283
33289
33293
33313
33319
33323
33333
33439
33443
33449
33453
34803
34809
34812
34813
34814
34828
34830
34831
34852
34853
34854
34868
34870
34948
34950
34972
34974
34988
34990
35028
35030
35329
35335
35339
35363
35369
35373
35452
35454
35468
35470
35492
35494
35508
35510
35669
40908
40910
40911
40932
40933
40934
40944
40945
40946
40948
40950
40951
40952
40954
40955
41008
41010
41011
41016
41017
41018
41020
41021
41022
41104
41105
41106
41108
41110
41111
41112
41114
41115
41156
41157
41158
41168
41169
41170
41171
41175
41176
41177
41178
41179
41181
41196
41198
41199
41477
41488
41489
41490
41491
41495
41496
41497
41498
41499
41501
41519
41551
41573
41584
41585
41586
41587
41591
41592
41593
41594
41595
41597
41615
41637
41648
41649
41650
41651
41655
41656
41657
41658
41659
41661
41797
41808
41809
41810
41811
41815
41816
41817
41818
41819
41821
41839
43012
43013
43014
43027
43033
43036
43037
43038
43052
43054
43055
43123
43128
43129
43130
43133
43148
43150
43151
43172
43173
43174
43185
43188
43190
43191
43195
43504
43506
43507
43512
43513
43514
43517
43535
43557
43568
43569
43570
43575
43576
43578
43579
43653
43664
43666
43667
43672
43673
43674
43677
43695
43728
43729
43730
43735
43736
43738
43739
44369
44372
44374
44375
44379
114736
114738
114739
114744
114745
114746
114748
114749
114750
114832
114833
114834
114836
114838
114839
114840
114842
114843
114884
114885
114886
114896
114898
114899
114904
114905
114906
114908
114909
114910
114924
114926
114927
115216
115217
115218
115220
115222
115223
115224
115226
115227
115276
115278
115279
115300
115301
115302
115312
115313
115314
115316
115318
115319
115320
115322
115323
115376
115378
115379
115384
115385
115386
115388
115389
115390
115524
115525
115526
115536
115538
115539
115544
115545
115546
115548
115549
115550
115564
115566
115567
116752
116753
116754
116756
116757
116758
116759
116760
116762
116763
116803
116809
116812
116813
116814
116815
116833
116836
116837
116838
116839
116848
116849
116850
116852
116854
116855
116856
116858
116859
116912
116914
116915
116920
116921
116922
116924
116925
116926
116927
117196
117198
117199
117220
117221
117222
117232
117233
117234
117236
117238
117239
117240
117242
117243
117296
117298
117299
117304
117305
117306
117308
117309
117310
117392
117393
117394
117396
117398
117399
117400
117402
117403
117444
117445
117446
117456
117458
117459
117464
117465
117466
117468
117469
117470
117484
117486
117487
118081
118084
118085
118086
118087
118091
118096
118098
118099
118104
118105
118106
118108
118109
118110
118111
118115
118121
118124
118125
118126
118127
122896
122897
122898
122900
122902
122903
122904
122906
122907
122956
122958
122959
122980
122981
122982
122992
122993
122994
122996
122998
122999
123000
123002
123003
123056
123058
123059
123064
123065
123066
123068
123069
123070
123331
123337
123340
123341
123342
123343
123361
123364
123365
123366
123367
123371
123376
123377
123378
123380
123381
123382
123383
123384
123386
123387
123440
123442
123443
123448
123449
123450
123452
123453
123454
123455
123536
123537
123538
123540
123541
123542
123543
123544
123546
123547
123585
123588
123589
123590
123591
123595
123600
123602
123603
123608
123609
123610
123612
123613
123614
123619
123625
123628
123629
123630
123631
124867
124873
124876
124877
124878
124879
124897
124900
124901
124902
124903
124907
124912
124913
124914
124916
124917
124918
124919
124920
124922
124923
124976
124978
124979
124984
124985
124986
124988
124989
124990
124991
125072
125073
125074
125076
125077
125078
125079
125080
125082
125083
125121
125124
125125
125126
125127
125131
125136
125138
125139
125144
125145
125146
125148
125149
125150
125151
125155
125161
125164
125165
125166
125167
125456
125457
125458
125460
125461
125462
125463
125464
125466
125467
125507
125513
125516
125517
125518
125519
125537
125540
125541
125542
125543
125547
125552
125553
125554
125556
125557
125558
125559
125560
125562
125563
125616
125618
125619
125624
125625
125626
125628
125629
125630
125631
125761
125764
125765
125766
125767
125771
125776
125778
125779
125784
125785
125786
125788
125789
125790
125791
125795
125801
125804
125805
125806
125807
128324
128325
128326
128336
128338
128339
128344
128345
128346
128348
128349
128350
128364
128366
128367
196553
196556
196557
196558
196559
196576
196577
196580
196581
196582
196583
196587
196592
196593
196594
196596
196597
196598
196599
196602
196603
262213
262224
262225
262228
262229
262400
262401
262404
262405
262406
262416
262417
262418
262422
262427
262447
262466
262470
262475
262482
262486
262491
262511
262591
263170
263174
263179
263186
263215
263235
263239
263242
263251
263255
263258
263278
263427
263431
263432
263433
263434
263443
263447
263448
263449
263450
263468
263469
263470
263491
263495
263496
263497
263498
263507
263511
263512
263513
263514
263532
263533
263534
263612
263613
263614
263934
265215
266243
266247
266248
266249
266250
266259
266263
266264
266265
266266
266284
266285
266286
266307
266311
266312
266313
266314
266316
266317
266323
266327
266328
266329
266330
266332
266333
266344
266345
266348
266349
266350
266425
266428
266429
266430
266499
266503
266504
266505
266506
266508
266509
266510
266515
266520
266521
266524
266525
266526
266531
266535
266536
266537
266538
266540
266541
266542
266568
266569
266572
266573
266574
266584
266585
266588
266589
266590
266595
266599
266600
266601
266602
266604
266605
266675
266679
266680
266681
266682
266684
266685
267000
267001
267004
267005
267006
267272
267273
267276
267277
267278
267288
267289
267292
267293
267294
267299
267303
267304
267305
267306
267308
267309
267340
267341
267342
267356
267357
267358
267359
267362
267363
267367
267368
267369
267370
267443
267447
267448
267449
267450
267453
267532
267533
267534
267535
267548
267549
267550
267551
267552
267553
267554
267555
267558
267559
267560
267561
267562
267563
267596
267597
267598
267599
267612
267613
267614
267615
267616
267617
267618
267619
267620
267621
267622
267623
267624
267625
267626
267627
267696
267697
267698
267699
267700
267701
267702
267703
267704
267705
267706
267707
268018
268019
268022
268023
268024
268025
268026
268027
269299
269303
269304
269305
269306
269308
269309
274428
274429
274430
