32914
32925
32979
33354
33398
33557
33612
33614
33649
33659
33727
35073
35079
35083
35105
35112
35114
35125
35205
35228
35231
35244
35246
35247
35281
35288
35290
35926
36111
36133
36144
36146
36152
36154
36157
36241
36244
36247
36251
36292
36294
36295
36320
36322
36323
36329
36333
36334
36595
36601
36604
36606
41989
42003
42009
42012
42014
42015
42019
42028
42030
42031
42113
42119
42120
42122
42123
42144
42145
42146
42151
42152
42154
42155
42157
42164
42165
42166
42196
42197
42198
42513
42516
42518
42519
42523
42608
42611
42617
42620
42622
42623
42636
42639
42661
42672
42674
42675
42680
42681
42682
42685
42820
42822
42823
42848
42850
42851
42857
42861
42862
45392
45393
45394
45395
45400
45401
45402
45403
45405
46143
46229
46272
46274
46275
46280
46281
46282
46284
46285
46286
46305
46308
46309
46310
46311
46315
46321
46324
46326
46327
46328
46330
46331
46661
46672
46673
46674
46675
46680
46681
46682
46683
46684
46685
46686
46703
46853
46864
46866
46867
46872
46873
46874
46876
46877
46878
46879
46892
46894
46895
46975
46976
46977
46978
46979
46984
46985
46986
46987
46988
46989
46990
47009
47012
47014
47015
47016
47018
47019
47025
47028
47029
47030
47031
47035
47061
47935
48021
48064
48066
48067
48073
48074
48076
48077
48078
48100
48101
48102
48103
48113
48116
48118
48119
48120
48122
48123
115972
115973
115974
115984
115985
115986
115987
115991
115992
115993
115994
115996
115997
115998
116012
116014
116015
116047
116069
116080
116081
116082
116083
116087
116088
116089
116090
116091
116092
116093
116094
116108
116110
116111
116132
116133
116134
116144
116145
116146
116147
116148
116150
116151
116152
116153
116154
116155
116157
118991
119013
119024
119025
119026
119027
119031
119032
119033
119034
119035
119037
119365
119376
119377
119378
119379
119383
119384
119385
119386
119387
119389
119407
119557
119568
119569
119570
119571
119575
119576
119577
119578
119579
119581
119599
119631
119653
119664
119665
119666
119667
119671
119672
119673
119674
119675
119677
119695
119717
119728
119729
119730
119731
119735
119736
119737
119738
119739
119741
120912
120913
120914
120916
120918
120919
120920
120922
120923
121100
121102
121103
121124
121125
121126
121136
121137
121138
121139
121140
121142
121143
121144
121145
121146
121147
121149
121221
121222
121232
121233
121234
121235
121239
121240
121241
121242
121243
121244
121245
121246
121260
121263
121285
121296
121297
121298
121299
121303
121304
121305
121306
121307
121309
121327
121551
121573
121584
121585
121586
121587
121592
121593
121594
121596
121597
121598
122116
122117
122118
122119
122123
122128
122130
122131
122137
122140
122141
122142
122143
122147
122153
122156
122157
122158
122159
122236
122238
122239
122240
122241
122242
122243
122248
122249
122250
122252
122253
122254
122273
122274
122276
122278
122279
122280
122282
122283
122289
122292
122293
122294
122295
122299
122325
126732
126735
126757
126758
126768
126769
126770
126771
126772
126774
126775
126776
126777
126778
126779
126781
126852
126853
126854
126864
126865
126866
126867
126871
126872
126873
126874
126875
126876
126877
126878
126892
126894
126895
126917
126928
126929
126930
126931
126932
126934
126935
126936
126937
126938
126939
126941
126959
200784
200785
200786
200788
200790
200791
200792
200794
200795
200815
200972
200974
200975
200996
200997
200998
201008
201009
201010
201012
201014
201015
201016
201018
201019
201092
201093
201094
201104
201106
201107
201112
201113
201114
201116
201117
201118
201132
201134
201135
201168
201169
201170
201172
201174
201175
201176
201178
201179
201456
201458
201459
201464
201465
201466
201468
201469
201470
202511
202533
202544
202545
202546
202547
202552
202553
202554
202556
202557
202558
202641
202642
202644
202645
202646
202647
202648
202650
202651
202689
202692
202693
202694
202695
202699
202707
202716
202718
202719
202720
202722
202723
202728
202729
202730
202732
202733
202734
202735
202741
202956
202958
202959
202981
202982
202992
202993
202994
202995
202999
203000
203001
203002
203003
203005
203006
203333
203344
203345
203346
203347
203348
203350
203351
203352
203353
203354
203355
203357
203375
203524
203525
203526
203536
203537
203538
203539
203543
203544
203545
203546
203548
203549
203550
203564
203566
203567
203632
203634
203635
203640
203641
203642
203644
203645
203646
203660
203662
203663
203684
203685
203686
203696
203697
203698
203700
203702
203703
203704
203706
203707
278531
278584
278724
278765
278773
279135
279151
279314
279325
279425
279432
279434
279435
279467
279476
279478
280853
280944
280947
280953
280958
281011
281017
281020
281022
281665
281672
281674
281677
281700
281703
281716
281718
281719
282116
282118
282144
282146
282147
282153
282157
282158
282165
282245
282271
282275
282284
282286
282287
282322
282328
282330
282333
282449
282456
282458
282459
287828
287830
287831
288051
288060
288062
288063
288149
288192
288194
288195
288201
288202
288205
288206
288228
288230
288231
288241
288247
288248
288250
288251
288451
288460
288462
288463
288485
288496
288498
288499
288504
288505
288506
288509
288510
291073
291076
291079
291080
291082
291083
291105
291111
291112
291114
291115
291117
291124
291125
291126
291127
291216
291218
291219
291225
291226
291228
291229
291230
291269
291280
291283
291289
291292
291294
291295
291299
291308
291310
291311
292881
292884
292886
292887
292888
292890
292891
292979
292985
292988
292990
292991
292992
292994
292995
293001
293004
293005
293006
293007
293028
293029
293030
293040
293041
293042
293043
293048
293049
293050
293051
293053
293054
293393
293396
293398
293399
293400
293402
293403
293405
293503
293504
293505
293506
293507
293512
293513
293514
293516
293517
293518
293519
293540
293541
293542
293543
293553
293554
293556
293559
293560
293562
293563
293565
293589
293700
293702
293703
293728
293729
293730
293731
293736
293737
293738
293740
293741
293742
293749
294209
294212
294213
294214
294215
294216
294219
294239
294240
294241
294242
294243
294248
294249
294250
294251
294252
294253
294254
294261
