16895
16899
16905
16909
16929
16935
16939
16949
17055
17059
17065
17069
18419
18425
18428
18429
18430
18444
18446
18447
18468
18469
18470
18484
18486
18564
18566
18588
18590
18604
18606
18644
18646
18945
18951
18955
18979
18985
18989
19068
19070
19084
19086
19108
19110
19124
19126
19285
24524
24526
24527
24548
24549
24550
24560
24561
24562
24564
24566
24567
24568
24570
24571
24624
24626
24627
24632
24633
24634
24636
24637
24638
24720
24721
24722
24724
24726
24727
24728
24730
24731
24772
24773
24774
24784
24785
24786
24787
24791
24792
24793
24794
24795
24797
24812
24814
24815
25093
25104
25105
25106
25107
25111
25112
25113
25114
25115
25117
25135
25167
25189
25200
25201
25202
25203
25207
25208
25209
25210
25211
25213
25231
25253
25264
25265
25266
25267
25271
25272
25273
25274
25275
25277
25413
25424
25425
25426
25427
25431
25432
25433
25434
25435
25437
25455
26628
26629
26630
26643
26649
26652
26653
26654
26668
26670
26671
26739
26744
26745
26746
26749
26764
26766
26767
26788
26789
26790
26801
26804
26806
26807
26811
27120
27122
27123
27128
27129
27130
27133
27151
27173
27184
27185
27186
27191
27192
27194
27195
27269
27280
27282
27283
27288
27289
27290
27293
27311
27344
27345
27346
27351
27352
27354
27355
27985
27988
27990
27991
27995
98352
98354
98355
98360
98361
98362
98364
98365
98366
98448
98449
98450
98452
98454
98455
98456
98458
98459
98500
98501
98502
98512
98514
98515
98520
98521
98522
98524
98525
98526
98540
98542
98543
98832
98833
98834
98836
98838
98839
98840
98842
98843
98892
98894
98895
98916
98917
98918
98928
98929
98930
98932
98934
98935
98936
98938
98939
98992
98994
98995
99000
99001
99002
99004
99005
99006
99140
99141
99142
99152
99154
99155
99160
99161
99162
99164
99165
99166
99180
99182
99183
100368
100369
100370
100372
100373
100374
100375
100376
100378
100379
100419
100425
100428
100429
100430
100431
100449
100452
100453
100454
100455
100464
100465
100466
100468
100470
100471
100472
100474
100475
100528
100530
100531
100536
100537
100538
100540
100541
100542
100543
100812
100814
100815
100836
100837
100838
100848
100849
100850
100852
100854
100855
100856
100858
100859
100912
100914
100915
100920
100921
100922
100924
100925
100926
101008
101009
101010
101012
101014
101015
101016
101018
101019
101060
101061
101062
101072
101074
101075
101080
101081
101082
101084
101085
101086
101100
101102
101103
101697
101700
101701
101702
101703
101707
101712
101714
101715
101720
101721
101722
101724
101725
101726
101727
101731
101737
101740
101741
101742
101743
106512
106513
106514
106516
106518
106519
106520
106522
106523
106572
106574
106575
106596
106597
106598
106608
106609
106610
106612
106614
106615
106616
106618
106619
106672
106674
106675
106680
106681
106682
106684
106685
106686
106947
106953
106956
106957
106958
106959
106977
106980
106981
106982
106983
106987
106992
106993
106994
106996
106997
106998
106999
107000
107002
107003
107056
107058
107059
107064
107065
107066
107068
107069
107070
107071
107152
107153
107154
107156
107157
107158
107159
107160
107162
107163
107201
107204
107205
107206
107207
107211
107216
107218
107219
107224
107225
107226
107228
107229
107230
107235
107241
107244
107245
107246
107247
108483
108489
108492
108493
108494
108495
108513
108516
108517
108518
108519
108523
108528
108529
108530
108532
108533
108534
108535
108536
108538
108539
108592
108594
108595
108600
108601
108602
108604
108605
108606
108607
108688
108689
108690
108692
108693
108694
108695
108696
108698
108699
108737
108740
108741
108742
108743
108747
108752
108754
108755
108760
108761
108762
108764
108765
108766
108767
108771
108777
108780
108781
108782
108783
109072
109073
109074
109076
109077
109078
109079
109080
109082
109083
109123
109129
109132
109133
109134
109135
109153
109156
109157
109158
109159
109163
109168
109169
109170
109172
109173
109174
109175
109176
109178
109179
109232
109234
109235
109240
109241
109242
109244
109245
109246
109247
109377
109380
109381
109382
109383
109387
109392
109394
109395
109400
109401
109402
109404
109405
109406
109407
109411
109417
109420
109421
109422
109423
111940
111941
111942
111952
111954
111955
111960
111961
111962
111964
111965
111966
111980
111982
111983
180169
180172
180173
180174
180175
180192
180193
180196
180197
180198
180199
180203
180208
180209
180210
180212
180213
180214
180215
180218
180219
245829
245840
245841
245844
245845
246016
246017
246020
246021
246022
246032
246033
246034
246038
246043
246063
246082
246086
246091
246098
246102
246107
246127
246207
246786
246790
246795
246802
246831
246851
246855
246858
246867
246871
246874
246894
247043
247047
247048
247049
247050
247059
247063
247064
247065
247066
247084
247085
247086
247107
247111
247112
247113
247114
247123
247127
247128
247129
247130
247148
247149
247150
247228
247229
247230
247550
248831
249859
249863
249864
249865
249866
249875
249879
249880
249881
249882
249900
249901
249902
249923
249927
249928
249929
249930
249932
249933
249939
249943
249944
249945
249946
249948
249949
249960
249961
249964
249965
249966
250041
250044
250045
250046
250115
250119
250120
250121
250122
250124
250125
250126
250131
250136
250137
250140
250141
250142
250147
250151
250152
250153
250154
250156
250157
250158
250184
250185
250188
250189
250190
250200
250201
250204
250205
250206
250211
250215
250216
250217
250218
250220
250221
250291
250295
250296
250297
250298
250300
250301
250616
250617
250620
250621
250622
250888
250889
250892
250893
250894
250904
250905
250908
250909
250910
250915
250919
250920
250921
250922
250924
250925
250956
250957
250958
250972
250973
250974
250975
250978
250979
250983
250984
250985
250986
251059
251063
251064
251065
251066
251069
251148
251149
251150
251151
251164
251165
251166
251167
251168
251169
251170
251171
251174
251175
251176
251177
251178
251179
251212
251213
251214
251215
251228
251229
251230
251231
251232
251233
251234
251235
251236
251237
251238
251239
251240
251241
251242
251243
251312
251313
251314
251315
251316
251317
251318
251319
251320
251321
251322
251323
251634
251635
251638
251639
251640
251641
251642
251643
252915
252919
252920
252921
252922
252924
252925
258044
258045
258046
