49214
49402
49405
49748
49750
49928
49931
50072
50075
50116
50118
50119
50145
50152
50154
50157
50166
51549
52229
52256
52258
52259
52265
52270
52277
52368
52371
52377
52380
52382
52383
52435
52444
52447
52463
52805
52832
52834
52835
52841
52844
52846
52847
53008
53010
53011
53017
53022
53124
53126
53127
53153
53154
53160
53162
53165
53173
53174
53201
53208
53210
53211
53213
58692
58695
58696
58699
58721
58727
58728
58730
58731
58733
58740
58742
58743
61460
61462
61463
61464
61467
61569
61576
61578
61579
61581
61604
61606
61607
61617
61624
61626
61627
61629
61652
61653
61654
61655
62016
62018
62019
62025
62026
62028
62029
62030
62031
62053
62054
62064
62065
62066
62067
62072
62073
62074
62077
62078
62229
62287
62320
62323
62329
62332
62334
62335
62336
62338
62339
62345
62348
62350
62351
62373
62384
62386
62387
62393
62396
62398
62399
62421
63765
63766
63856
63859
63868
63871
63872
63874
63875
63881
63884
63886
63887
63909
63920
63922
63923
63929
63932
63933
63934
63935
63957
64576
64577
64578
64579
64584
64585
64586
64587
64588
64589
64590
64591
64612
64613
64614
64615
64624
64625
64626
64627
64632
64633
64634
64635
64637
64638
65041
65044
65046
65047
65048
65050
65051
65053
65153
65154
65156
65159
65160
65162
65163
65165
65185
65188
65190
65191
65192
65195
65201
65204
65206
65207
65208
65210
65211
65213
65236
65237
65238
65239
65345
65348
65349
65350
65351
65352
65355
65376
65377
65378
65379
65383
65384
65385
65386
65387
65389
65390
65396
65397
65398
65399
136272
136273
136274
136276
136278
136279
136280
136282
136283
136460
136462
136463
136484
136485
136486
136496
136497
136498
136499
136500
136502
136503
136504
136505
136506
136507
136509
136581
136592
136593
136594
136595
136596
136599
136600
136601
136602
136603
136605
136606
136623
136644
136645
136646
136656
136658
136659
136665
136666
136668
136669
136670
136671
136672
136675
136681
136684
136686
136687
136911
136933
136944
136945
136946
136947
136952
136953
136954
136956
136957
136958
213252
213253
213254
213264
213266
213267
213272
213273
213274
213276
213277
213278
213292
213294
213295
213360
213362
213363
213368
213369
213370
213372
213373
213374
213388
213390
213391
213412
213413
213414
213424
213425
213426
213428
213430
213431
213432
213434
213435
214256
214258
214259
214263
214264
214265
214266
214268
214269
214270
214597
214608
214609
214610
214611
214612
214614
214615
214616
214617
214618
214619
214639
214788
214789
214790
214800
214801
214802
214803
214807
214808
214809
214810
214811
214812
214813
214814
214828
214830
214831
214863
214885
214896
214897
214898
214899
214903
214904
214905
214906
214907
214908
214909
214910
214924
214926
214927
214948
214949
214950
214960
214961
214962
214963
214964
214966
214967
214968
214969
214970
214971
214973
215820
215822
215823
215844
215845
215846
215856
215857
215858
215860
215862
215863
215864
215866
215867
215940
215941
215942
215952
215954
215955
215960
215961
215962
215964
215965
215966
215980
215982
215983
216016
216017
216018
216020
216022
216023
216024
216026
216027
220367
220389
220400
220401
220402
220403
220407
220408
220409
220410
220411
220412
220413
220414
220752
220753
220754
220756
220758
220759
220760
220762
220763
220932
220933
220934
220944
220946
220947
220952
220953
220954
220956
220957
220958
220972
220974
220975
221040
221042
221043
221049
221052
221053
221054
221055
221059
221065
221068
221069
221070
221071
221089
221092
221093
221094
221095
221099
221104
221105
221106
221108
221110
221111
221112
221114
221115
221964
221966
221967
221988
221989
221990
222000
222001
222002
222003
222004
222006
222007
222008
222009
222010
222011
222013
222084
222085
222086
222096
222097
222098
222099
222103
222104
222105
222106
222107
222108
222109
222110
222124
222126
222127
222149
222160
222161
222162
222163
222164
222166
222167
222168
222169
222170
222171
222173
222191
223492
223493
223494
223504
223505
223506
223507
223511
223512
223513
223514
223515
223516
223517
223518
223532
223534
223535
223567
223589
223600
223601
223602
223603
223607
223608
223609
223610
223611
223612
223613
223614
223628
223630
223631
223652
223653
223654
223664
223665
223666
223667
223668
223670
223671
223672
223673
223674
223675
223677
224325
224336
224337
224338
224339
224340
224342
224343
224344
224345
224346
224347
224349
224367
224524
224526
224527
224548
224549
224550
224560
224561
224562
224563
224564
224566
224567
224568
224569
224570
224571
224573
224644
224645
224646
224656
224657
224658
224659
224663
224664
224665
224666
224667
224668
224669
224670
224684
224686
224687
224709
224720
224721
224722
224723
224724
224726
224727
224728
224729
224730
224731
224733
224751
224975
224997
225008
225009
225010
225011
225015
225016
225017
225018
225019
225020
225021
225022
294965
295124
295126
295440
295442
295589
295601
295607
295611
295760
295762
295768
295770
297024
297026
297027
297032
297033
297034
297037
297057
297063
297067
297077
297423
297445
297457
297467
297523
297529
297620
297622
297668
297670
297692
297694
297695
297699
297708
297710
298304
298306
298312
298314
298317
298337
298338
298343
298344
298346
298347
298357
303189
303360
303361
303362
303363
303367
303368
303369
303370
303371
303373
303392
303393
303394
303399
303400
303402
303403
303412
303413
303414
303489
303492
303494
303495
303499
303516
303518
303519
303520
303522
303523
303529
303532
303533
303534
303569
303572
303573
303574
303575
303579
303871
304947
304953
304956
304957
304958
305044
305046
305047
305089
305092
305094
305095
305099
305116
305119
305123
305129
305132
305133
305134
305356
305358
305359
305380
305381
305382
305393
305399
305400
305402
305403
305733
305744
305746
305747
305752
305753
305754
305757
305775
305925
305936
305938
305939
305944
305945
305946
305949
305967
306035
306041
306044
306045
306046
306047
306060
306062
306063
306084
306085
306086
306096
306097
306098
306103
306104
306106
306107
308309
308480
308481
308482
308483
308488
308489
308490
308491
308492
308493
308494
308512
308513
308514
308516
308518
308519
308520
308522
308523
308532
308533
308534
308609
308612
308613
308614
308615
308619
308627
308633
308636
308638
308639
308640
308642
308643
308649
308650
308652
308653
308654
308655
308689
308692
308693
308694
308695
308699
308991
