65562
65613
65840
65841
65851
65916
65917
65918
65955
65960
65962
66292
66294
66752
66753
66754
66758
66763
66771
66776
66777
66778
66798
67056
67057
67058
67060
67062
67063
67067
67087
67108
67109
67121
67124
67125
67126
67187
67193
67197
67212
67213
67214
67231
67232
67234
67239
67242
67243
68501
68545
68548
68549
68550
68562
68567
68570
68591
70400
70401
70402
70404
70405
70406
70407
70411
70418
70419
70423
70424
70425
70426
70444
70446
70447
70467
70472
70473
70476
70477
70478
70492
70494
70495
70496
70498
70499
70503
70504
70505
70506
70507
70579
70584
70585
70588
70589
70590
71487
71569
71572
71573
71574
71616
71617
71618
71620
71621
71622
71623
71626
71627
71632
71634
71635
71639
71640
71641
71642
71643
71644
71645
71646
71660
71661
71662
71663
71743
71828
71829
71872
71873
71874
71876
71877
71878
71879
71880
71882
71883
71888
71890
71891
71895
71896
71897
71898
71901
71916
71917
71918
71919
72143
72165
72176
72177
72178
72180
72181
72182
72183
72187
72207
72225
72228
72229
72230
72240
72241
72242
72244
72245
72246
72251
72307
72311
72312
72313
72314
72316
72317
72318
72329
72332
72333
72334
72350
72351
72352
72353
72354
72355
72358
72359
72360
72361
72362
72363
77055
77396
77397
77568
77569
77570
77572
77573
77574
77579
77584
77586
77587
77591
77592
77594
77595
77615
77635
77640
77641
77644
77645
77660
77662
77667
77671
77672
77673
77674
77756
77757
77758
159999
160341
160512
160513
160514
160515
160519
160520
160521
160522
160523
160524
160525
160526
160543
160544
160545
160546
160547
160548
160550
160551
160552
160553
160554
160555
160557
160564
160565
160566
160639
160640
160641
160642
160643
160644
160646
160647
160648
160649
160650
160651
160653
160668
160670
160671
160672
160673
160674
160675
160679
160680
160681
160682
160683
160684
160685
160686
160693
160724
160725
160726
161876
161877
162048
162049
162050
162051
162054
162055
162056
162057
162058
162059
162061
162076
162078
162079
162080
162081
162082
162083
162087
162088
162089
162090
162091
162092
162093
162094
162101
162172
162174
162175
162176
162177
162178
162179
162183
162184
162185
162186
162187
162188
162189
162190
162207
162208
162209
162210
162211
162212
162214
162215
162216
162217
162218
162219
162221
162228
162229
162230
162261
162559
162901
163072
163073
163074
163075
163076
163078
163079
163080
163081
163082
163083
163085
163097
163100
163101
163102
163103
163104
163106
163107
163111
163112
163113
163114
163116
163117
163118
163184
163186
163187
163191
163192
163193
163194
163195
163196
163197
163198
163212
163213
163214
163215
163232
163233
163236
163237
163238
163239
163243
163248
163249
163252
163253
163254
163255
163259
163583
216316
216318
216319
216660
216661
216662
216832
216833
216834
216835
216836
216838
216839
216840
216841
216842
216843
216845
216860
216862
216863
216864
216865
216866
216867
216871
216872
216873
216874
216875
216876
216877
216878
216885
216959
216960
216961
216962
216963
216967
216968
216969
216970
216971
216973
216991
216992
216993
216994
216995
216998
216999
217000
217001
217002
217003
217005
217012
217013
217045
222293
222464
222465
222466
222467
222470
222471
222472
222473
222474
222475
222477
222495
222496
222497
222498
222499
222503
222504
222505
222506
222507
222508
222509
222517
222591
222592
222593
222594
222595
222599
222600
222601
222602
222603
222605
222623
222624
222625
222626
222627
222631
222632
222633
222634
222635
222637
222645
222677
222975
225364
225365
225366
225536
225537
225538
225539
225543
225544
225545
225546
225547
225548
225549
225550
225567
225568
225569
225570
225571
225572
225574
225575
225576
225577
225578
225579
225581
225588
225589
225590
225663
225664
225665
225666
225667
225668
225670
225671
225672
225673
225674
225675
225677
225692
225694
225695
225696
225697
225698
225699
225703
225704
225705
225706
225707
225708
225709
225710
225717
225748
225749
225750
226044
226046
226047
226556
226558
226559
226900
226901
226902
227072
227073
227074
227075
227076
227078
227079
227080
227082
227083
227097
227100
227101
227102
227103
227104
227106
227107
227112
227113
227114
227116
227117
227118
227184
227186
227187
227192
227193
227194
227196
227197
227198
227209
227212
227213
227214
227215
227232
227233
227236
227237
227238
227239
227243
227249
227252
227253
227254
227255
227259
227583
227925
228096
228097
228098
228099
228103
228104
228105
228106
228107
228108
228109
228110
228127
228128
228129
228130
228131
228134
228135
228136
228137
228138
228139
228141
228149
228220
228222
228223
228224
228225
228226
228227
228231
228232
228233
228234
228235
228236
228237
228255
228256
228257
228258
228259
228262
228263
228264
228265
228266
228267
228269
228277
228309
295035
295088
295361
295371
295389
295404
295406
295616
295618
295623
295644
295661
296191
296533
296705
296708
296710
296715
296723
296729
296733
296748
296750
296783
296804
296805
296817
296820
296821
296822
296827
296880
296882
296887
296888
296890
297728
297730
297735
297736
297738
297756
297758
297769
297773
297840
297842
297847
297905
297910
297915
300028
300029
300030
300031
301381
301392
301393
301394
301396
301397
301398
301399
301403
302084
302085
302096
302097
302098
302099
302100
302102
302103
302104
302106
302107
302127
302147
302153
302156
302157
302158
302175
302176
302177
302178
302180
302182
302183
302184
302186
302187
302197
302259
302264
302265
302268
302269
302270
302387
302393
302396
302397
302398
302399
302469
302480
302481
302482
302484
302486
302487
302488
302490
302491
302511
302532
302533
302534
302544
302545
302546
302547
302548
302550
302551
302552
302553
302554
302555
302575
302787
302793
302796
302797
302798
302815
302816
302817
302818
302820
302822
302823
302824
302826
302827
302837
306179
306184
306185
306186
306188
306189
306190
306207
306208
306210
306211
306215
306216
306217
306218
306219
306291
306296
306297
306298
306301
306316
306318
306319
306337
306340
306341
306342
306347
306356
306357
306358
306624
306626
306627
306631
306632
306633
306634
306652
306654
306655
306659
306664
306665
306666
306669
306751
306836
306837
306838
306881
306884
306885
306886
306898
306899
306903
306904
306905
306906
306909
306926
306927
