12
193
202
231
603
774
813
912
915
921
926
991
1007
2373
2400
2402
2403
2409
2414
3098
3101
3207
3211
3233
3240
3243
3252
3254
3255
3284
3286
3287
3648
3650
3657
3661
3662
3686
3697
3704
3706
3707
3709
3861
3952
3955
3961
3964
3966
3967
3983
4016
4018
4019
4025
4028
4030
4031
9492
9494
9495
9600
9602
9603
9609
9612
9613
9614
9637
9638
9649
9650
9656
9658
9659
9661
9685
12353
12359
12360
12362
12363
12365
12385
12388
12391
12392
12394
12395
12404
12406
12407
12816
12818
12819
12825
12828
12830
12831
12847
12932
12933
12934
12935
12960
12961
12962
12963
12968
12969
12970
12972
12973
12974
12981
13009
13016
13018
13019
13021
13125
13136
13138
13139
13145
13148
13150
13151
13152
13155
13161
13164
13166
13167
14593
14596
14598
14599
14600
14602
14603
14625
14626
14631
14632
14634
14635
14637
14644
14645
14646
14647
14736
14737
14738
14739
14744
14745
14746
14747
14748
14749
14750
14788
14789
14790
14816
14818
14819
14825
14828
14829
14830
14831
14837
15441
15444
15446
15447
15448
15450
15451
15811
15820
15822
15823
15845
15856
15858
15859
15865
15866
15868
15869
15870
15871
15875
15884
15886
15887
15909
15920
15922
15923
15929
15932
15933
15934
15935
16020
16021
16022
16064
16065
16066
16067
16072
16073
16074
16075
16076
16077
16078
16100
16101
16102
16103
16113
16114
16116
16119
16120
16122
16123
16125
87041
87044
87045
87046
87047
87051
87056
87058
87059
87064
87065
87066
87068
87069
87070
87071
87075
87081
87084
87085
87086
87087
87152
87155
87161
87162
87164
87165
87166
87167
87171
87177
87180
87181
87182
87183
87201
87204
87205
87206
87207
87211
87216
87217
87218
87220
87221
87222
87223
87224
87226
87227
87552
87553
87554
87556
87558
87559
87560
87561
87562
87563
87565
87583
87584
87585
87586
87587
87588
87591
87592
87593
87594
87595
87597
87604
87605
87606
87681
87684
87685
87686
87687
87688
87691
87699
87705
87708
87710
87711
87712
87714
87715
87720
87721
87722
87724
87725
87726
87727
87761
87764
87765
87766
87767
87771
87892
87893
87894
87895
164176
164177
164178
164180
164181
164182
164183
164184
164186
164187
164867
164873
164876
164877
164878
164879
164897
164900
164901
164902
164903
164907
164912
164913
164914
164916
164917
164918
164919
164920
164922
164923
164993
164996
164997
164998
164999
165003
165008
165010
165011
165016
165017
165018
165020
165021
165022
165023
165027
165033
165036
165037
165038
165039
165073
165074
165076
165077
165078
165079
165080
165083
165377
165380
165381
165382
165383
165387
165395
165401
165404
165405
165406
165407
165411
165417
165420
165421
165422
165423
165491
165497
165500
165501
165502
165503
165507
165513
165516
165517
165518
165519
165537
165540
165541
165542
165543
165547
165553
165556
165557
165558
165559
165563
165713
165716
165717
165718
165719
165723
166896
166898
166899
166904
166905
166906
166908
166909
166910
166911
171008
171010
171011
171016
171017
171018
171020
171021
171022
171023
171041
171042
171044
171045
171046
171047
171048
171051
171057
171060
171061
171062
171063
171067
171137
171140
171141
171142
171143
171147
171155
171161
171164
171165
171166
171167
171171
171177
171180
171181
171182
171183
171217
171220
171221
171222
171223
171227
171524
171525
171526
171536
171538
171539
171544
171545
171546
171548
171549
171550
171564
171566
171567
171632
171634
171635
171640
171641
171642
171644
171645
171646
171647
171651
171657
171660
171661
171662
171663
171684
171685
171686
171687
171691
171696
171697
171698
171700
171702
171703
171704
171706
171707
171845
171856
171857
171858
171859
171863
171864
171865
171866
171867
171869
171887
173043
173049
173052
173053
173054
173055
174417
174420
174421
174422
174423
174427
175104
175105
175106
175108
175109
175110
175111
175112
175114
175115
175123
175129
175132
175133
175134
175135
175136
175138
175139
175144
175145
175146
175148
175149
175150
175151
175219
175225
175228
175229
175230
175231
175232
175234
175235
175240
175241
175242
175244
175245
175246
175247
175264
175265
175266
175268
175269
175270
175271
175272
175274
175275
175281
175284
175285
175286
175287
175291
175603
175609
175612
175613
175614
175615
175619
175625
175626
175628
175629
175630
175631
175648
175649
175650
175652
175653
175654
175655
175656
175659
175665
175668
175669
175670
175671
175675
175744
175745
175746
175748
175749
175750
175751
175752
175754
175755
175763
175769
175772
175773
175774
175775
175776
175778
175779
175784
175785
175786
175788
175789
175790
175791
175825
175828
175829
175830
175831
175835
245916
245969
245979
246295
246384
246386
246457
246461
246596
246598
246623
246636
246638
247877
247891
247897
247900
247901
247902
247919
248127
248213
248256
248258
248264
248266
248289
248296
248299
248309
248515
248521
248525
248548
248550
248551
248564
248566
249104
249105
249106
249112
249114
249203
249209
249212
249214
249228
249231
249253
249265
249266
249272
249274
249275
254229
254272
254274
254275
254281
254284
254285
254286
254305
254308
254309
254310
254311
254315
254321
254324
254326
254327
254331
254396
254398
254399
255219
255225
255228
255230
255231
255572
255573
255574
255745
255751
255752
255754
255755
255776
255778
255779
255784
255785
255786
255789
255797
255873
255876
255878
255879
255883
255903
255904
255906
255907
255913
255914
255917
255956
255958
256771
256780
256782
256783
256804
256805
256806
256817
256823
256824
256826
256827
256912
256913
256914
256915
256920
256921
256922
256923
256925
256965
256976
256978
256979
256984
256985
256986
256988
256989
256990
257007
259136
259137
259138
259139
259143
259144
259145
259146
259147
259149
259168
259169
259170
259175
259176
259178
259179
259181
259188
259189
259190
259532
259534
259535
259556
259557
259558
259568
259569
259570
259571
259575
259576
259577
259578
259579
259581
259599
259632
259634
259635
259640
259641
259642
259644
259645
259646
259729
259732
259734
259735
259736
259739
259777
259780
259781
259782
259783
259787
259795
259804
259806
259807
259808
259810
259811
259817
259820
259821
259822
259823
