32841
32860
32958
33057
33060
33062
33138
33143
33167
33185
33188
33189
33190
33527
33852
33853
33854
33920
33921
33922
33924
33926
33931
33939
33943
33944
33946
33967
34243
34247
34248
34249
34250
34265
34268
34269
34270
34281
34284
34285
34364
34366
34433
34436
34437
34438
34448
34449
34450
34454
34455
34459
34479
34517
35785
35804
35806
35811
35816
35817
37104
37105
37106
37108
37109
37110
37115
37372
37373
37374
37375
37376
37378
37379
37383
37384
37385
37386
37387
37395
37400
37401
37402
37404
37405
37417
37420
37421
37422
37452
37453
37454
37470
37471
37472
37474
37475
37478
37479
37480
37481
37482
37483
37555
37559
37560
37561
37562
37565
38659
38663
38664
38665
38666
38668
38669
38670
38681
38684
38685
38686
38687
38690
38691
38695
38696
38697
38698
38700
38701
38734
38735
38752
38753
38756
38757
38758
38763
38768
38769
38770
38772
38773
38774
38775
38779
38821
38832
38833
38834
38835
38836
38837
38838
38839
38840
38841
38842
38843
39161
39164
39165
39166
39440
39441
39444
39445
39446
39451
39488
39489
39490
39492
39493
39494
39495
39498
39499
39504
39505
39506
39507
39510
39511
39512
39513
39514
39515
39532
39533
39534
39535
39615
39701
39744
39745
39746
39748
39749
39750
39755
39760
39761
39762
39764
39765
39766
39767
39770
39771
39791
44815
44836
44837
44848
44849
44852
44853
44854
44859
44915
44919
44920
44921
44922
44940
44942
44943
44959
44960
44961
44962
44966
44967
44971
127948
127950
127951
127972
127973
127974
127984
127985
127986
127987
127988
127990
127991
127992
127993
127994
127995
127997
129348
129349
129350
129360
129361
129362
129363
129367
129368
129369
129370
129371
129372
129373
129374
129388
129390
129391
130053
130064
130065
130066
130067
130068
130070
130071
130072
130073
130074
130075
130077
130095
130124
130126
130127
130148
130149
130150
130160
130161
130162
130164
130166
130167
130168
130170
130171
130213
130224
130226
130227
130231
130232
130233
130234
130235
130236
130237
130238
130496
130498
130499
130503
130504
130505
130506
130508
130509
130510
130524
130526
130527
130528
130529
130530
130531
130534
130535
130536
130537
130538
130539
130541
130617
130620
130621
130622
130623
130704
130705
130708
130709
130710
130711
130715
130752
130753
130756
130757
130758
130759
130763
130768
130770
130771
130776
130777
130778
130780
130781
130782
130783
130787
130793
130796
130797
130798
130799
183311
183333
183344
183345
183346
183347
183351
183352
183353
183354
183355
183356
183357
183358
183429
183440
183441
183442
183443
183444
183446
183447
183448
183450
183451
183453
183492
183493
183494
183504
183506
183507
183512
183513
183514
183516
183517
183518
183532
183534
183535
183824
183825
183826
183828
183830
183831
183832
183834
183835
183884
183886
183887
183908
183909
183910
183920
183921
183922
183924
183926
183927
183928
183930
183931
183984
183986
183987
183992
183993
183994
183996
183997
183998
184132
184133
184134
184144
184146
184147
184152
184153
184154
184156
184157
184158
184159
184169
184172
184174
184175
189456
189457
189458
189460
189461
189462
189463
189464
189466
189467
189507
189513
189516
189517
189518
189519
189537
189540
189541
189542
189543
189547
189552
189553
189554
189556
189557
189558
189559
189560
189562
189563
189616
189618
189619
189624
189625
189626
189628
189629
189630
189631
189891
189897
189900
189901
189902
189903
189921
189924
189925
189926
189927
189931
189936
189937
189938
189940
189941
189942
189943
189944
189946
189947
190000
190002
190003
190008
190009
190010
190012
190013
190014
190015
190096
190097
190098
190100
190101
190102
190103
190104
190106
190107
190145
190148
190149
190150
190151
190155
190160
190162
190163
190168
190169
190170
190172
190173
190174
190175
190179
190185
190188
190189
190190
190191
192833
192836
192837
192838
192839
192843
192848
192850
192851
192856
192857
192858
192860
192861
192862
192863
192867
192873
192876
192877
192878
192879
193584
193586
193587
193592
193593
193594
193596
193597
193598
193599
193680
193681
193682
193684
193685
193686
193687
193688
193690
193691
193729
193732
193733
193734
193744
193746
193747
193752
193753
193754
193756
193757
193758
193772
193774
193775
194052
194053
194054
194064
194065
194066
194067
194071
194072
194073
194074
194075
194077
194092
194094
194095
194124
194126
194127
194148
194149
194150
194160
194161
194162
194163
194164
194166
194167
194168
194169
194170
194171
194173
194191
194213
194224
194225
194226
194227
194231
194232
194233
194234
194235
194237
194373
194384
194385
194386
194388
194390
194391
194392
194394
194395
194415
195523
195529
195532
195533
195534
195535
195553
195556
195557
195558
195559
195563
195568
195569
195570
195572
195573
195574
195575
195576
195578
195579
262151
262174
262264
262266
262309
262595
262601
262624
262626
262632
262634
262804
262806
262867
263948
263950
263969
263972
263974
263979
263988
263989
264063
264067
264072
264073
264074
264095
264098
264099
264104
264105
264106
264435
264441
264445
264784
264786
264791
264794
264976
264977
264983
264987
265036
265038
265057
265067
265148
265149
265150
269349
269360
269361
269362
269363
269367
269368
269369
269370
269371
269440
269441
269442
269444
269445
269446
269447
269451
269459
269464
269465
269466
269468
269469
269470
269484
269485
269486
269487
269521
269524
269525
269526
269811
269816
269817
269818
269820
269821
269822
269823
269827
269833
269836
269837
269838
269839
269856
269857
269858
269860
269861
269862
269863
269867
269873
269876
269877
269878
269883
269948
269950
269951
269952
269954
269955
269959
269960
269961
269962
269963
269965
269980
269982
269983
269984
269986
269987
269991
269992
269993
269994
269995
269997
271311
271332
271333
271344
271345
271346
271348
271350
271351
271354
271355
272661
272704
272705
272706
272708
272710
272711
272712
272714
272715
272723
272729
272732
272733
272734
272739
272745
272748
272749
272750
273429
273472
273473
273474
273479
273480
273482
273483
273500
273501
273502
273507
273513
273516
273517
273518
273599
273712
273714
273715
273719
273720
273722
273793
273796
273797
273798
273811
273816
273817
273818
273821
273836
273838
273839
273876
273877
273878
274127
274148
274149
274160
274161
274162
274164
274166
274167
274171
