49172
49222
49227
49263
49427
49431
49434
49475
49479
49480
49481
49482
49496
49497
49516
49517
49596
49598
50204
50205
50216
50217
50252
50253
50254
50268
50269
50270
50275
50279
50280
50281
50282
50355
50360
50361
50362
50446
50463
50466
50470
50471
50474
50475
50511
50527
50528
50529
50530
50532
50533
50534
50539
50608
50609
50610
50612
50614
50619
50931
50935
50938
52221
53263
53280
53281
53284
53285
53286
53291
53296
53297
53300
53301
53360
53361
53362
53364
53365
53366
53371
53391
53408
53409
53410
53412
53413
53414
53419
53424
53425
53428
53429
53552
53553
53554
53556
53557
53558
53559
53562
53563
53616
53618
53619
53622
53623
53624
53625
53626
53627
53644
53645
53646
53647
53662
53663
53664
53665
53666
53667
53668
53669
53670
53671
53672
53674
53675
53967
53983
53984
53985
53986
53988
53989
53990
53995
54323
54327
54328
54329
54330
54387
54391
54392
54393
54394
54396
54397
54398
54403
54408
54409
54410
54412
54413
54414
54424
54425
54428
54429
54430
54435
54439
54440
54441
54442
54444
54445
54584
54585
54588
54589
54590
54652
54653
54654
54655
54656
54657
54658
54659
54660
54661
54662
54663
54664
54665
54666
54667
54674
54675
54678
54679
54680
54681
54682
54683
54684
54685
54700
54701
54702
54703
54979
54983
54984
54985
54986
54988
54989
54990
54995
54999
55000
55001
55002
55004
55005
55006
55011
55015
55016
55017
55018
55020
55021
55022
56268
56269
56270
56284
56285
56286
56287
56290
56291
56294
56295
56296
56297
56298
56299
61424
61425
61426
61428
61429
61430
61435
147215
147236
147237
147248
147249
147250
147251
147254
147255
147256
147257
147258
147259
147261
147328
147329
147332
147333
147334
147335
147339
147344
147345
147346
147347
147351
147352
147353
147354
147355
147356
147357
147358
147372
147374
147375
147397
147408
147409
147410
147412
147413
147414
147415
147418
147419
196815
196837
196848
196849
196850
196851
196855
196856
196857
196858
196859
196861
197189
197200
197201
197202
197203
197207
197208
197209
197210
197211
197213
197231
197381
197392
197393
197394
197395
197399
197400
197401
197402
197403
197405
197423
197455
197477
197488
197489
197490
197491
197495
197496
197497
197498
197499
197501
197519
197541
197552
197553
197554
197555
197559
197560
197561
197562
197563
197565
198725
198736
198737
198738
198739
198742
198743
198744
198745
198746
198747
198749
198767
198927
198949
198960
198961
198962
198963
198967
198968
198969
198970
198971
198973
199045
199056
199057
199058
199059
199063
199064
199065
199066
199067
199069
199087
199109
199120
199121
199122
199123
199127
199128
199129
199130
199131
199133
199151
199375
199397
199408
199409
199410
199411
199415
199416
199417
199418
199419
199421
199940
199941
199942
199952
199953
199954
199955
199959
199960
199961
199962
199963
199964
199965
199966
199980
199982
199983
200015
200037
200048
200049
200050
200051
200055
200056
200057
200058
200059
200060
200061
200062
200076
200078
200079
200100
200101
200102
200112
200113
200114
200115
200116
200118
200119
200120
200121
200122
200123
200125
204869
204880
204881
204882
204883
204887
204888
204889
204890
204891
204893
204911
205068
205070
205071
205092
205093
205094
205104
205105
205106
205107
205108
205110
205111
205112
205113
205114
205115
205117
205188
205189
205190
205200
205201
205202
205203
205207
205208
205209
205210
205211
205212
205213
205214
205228
205230
205231
205253
205264
205265
205266
205267
205268
205270
205271
205272
205273
205274
205275
205277
205295
205519
205541
205552
205553
205554
205555
205559
205560
205561
205562
205563
205564
205565
206604
206606
206607
206628
206629
206630
206640
206641
206642
206643
206644
206646
206647
206648
206649
206650
206651
206653
206724
206725
206726
206736
206737
206738
206739
206743
206744
206745
206746
206747
206748
206749
206750
206764
206766
206767
206789
206800
206801
206802
206803
206804
206806
206807
206808
206809
206810
206811
206813
206831
207055
207077
207088
207089
207090
207091
207095
207096
207097
207098
207099
207100
207101
207102
207429
207440
207441
207442
207443
207444
207446
207447
207448
207449
207450
207451
207453
207471
207620
207621
207622
207632
207633
207634
207635
207639
207640
207641
207642
207643
207644
207645
207646
207660
207662
207663
207695
207717
207728
207729
207730
207731
207735
207736
207737
207738
207739
207740
207741
207742
207756
207758
207759
207780
207781
207782
207792
207793
207794
207795
207796
207798
207799
207800
207801
207802
207803
207805
210181
210192
210193
210194
210195
210199
210200
210201
210202
210203
210205
210223
210255
210276
210277
210288
210289
210290
210291
210292
210294
210295
210296
210297
210298
210299
210301
210319
210341
210352
210353
210354
210355
210359
210360
210361
210362
210363
210365
278669
278695
278699
279033
279037
279092
279094
279196
279198
279212
279214
280526
280527
280548
280549
280550
280561
280564
280566
280567
280571
280627
280633
280637
280721
280727
280731
280773
280784
280786
280787
280792
280793
280794
280815
281093
281107
281113
281135
281200
281202
281208
281210
281264
281266
281272
281274
281425
281431
281435
286512
286514
286515
286520
286521
286522
286524
286525
286526
286608
286609
286610
286612
286614
286615
286616
286618
286619
286660
286661
286662
286672
286674
286675
286679
286680
286681
286682
286683
286684
286685
286686
286700
286702
286703
286924
286926
286927
286945
286948
286949
286950
286955
286960
286961
286962
286964
286965
286966
286967
286971
287297
287300
287301
287302
287303
287307
287315
287321
287324
287325
287326
287327
287331
287337
287340
287341
287342
287343
287505
287508
287509
287510
287515
287555
287560
287561
287562
287564
287565
287566
287584
287585
287586
287588
287590
287591
287592
287594
287595
287604
287605
287606
287676
287678
287679
288788
288789
288790
288835
288841
288844
288845
288846
288864
288865
288866
288868
288870
288871
288875
288885
288956
288958
288959
289087
289173
289216
289217
289218
289223
289224
289226
289227
289247
289248
289250
289251
289256
289257
289258
289261
289343
289429
289472
289473
289474
289479
289480
289482
289483
289503
289504
289506
289507
289512
289513
289514
289517
290113
290116
290118
290123
290140
290141
290142
290156
290158
