16447
16576
16579
16588
16626
16633
16638
16981
17154
17161
17382
17393
17402
17405
18772
18774
19457
19464
19466
19467
19469
19492
19494
19495
19505
19512
19514
19515
19517
19604
19606
19607
19656
19659
19684
19687
19704
19707
20052
20055
20056
20059
20228
20231
20257
20264
20267
20276
20278
20279
20369
20376
20378
20379
20381
20420
20422
20423
20449
20456
20458
20459
20461
20468
20470
20471
25937
25944
25946
25947
25949
28676
28678
28679
28705
28706
28712
28714
28715
28717
28724
28725
28726
28727
28817
28818
28824
28825
28826
28829
28830
28869
28870
28896
28897
28898
28899
28905
28906
28908
28909
28910
28911
28917
28918
29264
29265
29266
29267
29273
29274
29276
29277
29278
29279
29445
29472
29474
29475
29481
29484
29486
29487
29493
29584
29586
29587
29593
29596
29598
29599
29637
29651
29660
29663
29664
29666
29667
29673
29676
29678
29679
29685
31045
31056
31058
31059
31065
31068
31070
31071
31072
31075
31084
31087
31749
31760
31762
31763
31769
31772
31774
31775
31776
31778
31779
31785
31788
31790
31791
31797
31877
31888
31890
31891
31897
31900
31902
31903
31904
31906
31907
31913
31916
31918
31919
31925
31941
31952
31954
31955
31961
31964
31966
31967
31968
31971
31977
31980
31982
31983
32325
32336
32339
32348
32351
32352
32354
32355
32361
32364
32366
32367
32373
32528
32529
32530
32531
32537
32538
32540
32541
32542
32543
32556
32559
32644
32645
32646
32647
32672
32673
32674
32675
32680
32681
32682
32683
32684
32685
32686
32687
32693
32694
32720
32721
32722
32723
32728
32729
32730
32731
32732
32733
32734
32735
103700
103701
103702
103744
103745
103746
103747
103752
103753
103754
103756
103757
103758
103777
103778
103780
103781
103782
103783
103784
103786
103787
103793
103796
103797
103798
103799
103800
103803
103868
103870
103871
180245
180288
180289
180290
180291
180292
180294
180295
180296
180297
180298
180299
180301
180316
180318
180319
180320
180321
180322
180323
180327
180328
180329
180330
180331
180332
180333
180334
180341
180415
180540
180542
180543
180628
180629
180630
180672
180673
180674
180675
180676
180678
180679
180680
180681
180682
180683
180685
180700
180702
180703
180704
180705
180706
180707
180711
180712
180713
180714
180715
180716
180717
180718
180725
180799
180885
180928
180929
180930
180931
180935
180936
180937
180938
180939
180940
180941
180942
180959
180960
180961
180962
180963
180964
180966
180967
180968
180969
180970
180971
180973
180980
180981
180982
182076
182078
182079
182164
182165
182166
182208
182209
182210
182212
182214
182215
182216
182218
182219
182236
182238
182239
182240
182242
182243
182248
182249
182250
182252
182253
182254
182464
182466
182467
182472
182473
182474
182476
182477
182478
182495
182496
182497
182498
182500
182502
182503
182504
182505
182506
182507
182516
182517
182518
182805
182848
182849
182850
182851
182852
182854
182855
182856
182857
182858
182859
182861
182876
182878
182879
182880
182881
182882
182883
182887
182888
182889
182890
182891
182892
182893
182894
182901
182975
183060
183061
183062
183104
183105
183106
183107
183111
183112
183113
183114
183115
183116
183117
183118
183135
183136
183137
183138
183139
183140
183142
183143
183144
183145
183146
183147
183149
183156
183157
183158
183228
183230
183231
188220
188222
188223
188308
188309
188310
188352
188353
188354
188355
188356
188358
188359
188360
188361
188362
188363
188365
188383
188384
188385
188386
188387
188391
188392
188393
188394
188395
188397
188398
188405
188479
188565
188608
188609
188610
188611
188615
188616
188617
188618
188619
188620
188621
188622
188639
188640
188641
188642
188643
188644
188646
188647
188648
188649
188650
188651
188653
188660
188661
188662
188992
188993
188994
188996
188998
188999
189000
189002
189003
189020
189022
189023
189024
189026
189027
189032
189033
189034
189036
189037
189038
189045
189204
189205
189206
189248
189250
189251
189256
189257
189258
189260
189261
189262
189280
189281
189282
189284
189286
189287
189288
189290
189291
189300
189301
189302
189372
189374
189375
190528
190529
190530
190532
190534
190535
190536
190538
190539
190556
190558
190559
190560
190562
190563
190568
190569
190570
190572
190573
190574
190780
190782
190783
190868
190869
190870
190912
190913
190914
190916
190918
190919
190920
190922
190923
190940
190942
190943
190944
190946
190947
190952
190953
190954
190956
190957
190958
191168
191170
191171
191176
191177
191178
191180
191181
191182
191200
191201
191202
191204
191206
191207
191208
191210
191211
191220
191221
191222
191764
191765
191766
191808
191810
191811
191816
191817
191818
191820
191821
191822
191840
191841
191842
191844
191846
191847
191848
191850
191851
191860
191861
191862
191932
191934
191935
262273
262283
262357
262660
262662
262700
262702
262783
262787
262793
262797
262996
262998
264208
264210
264211
264216
264217
264218
264221
264307
264313
264317
264335
264357
264368
264369
264370
264375
264376
264378
264379
264700
264702
264716
264718
264740
264742
264756
264758
264759
264837
264851
264857
264861
264879
264913
264919
264923
265552
265554
265560
265562
270357
270400
270401
270402
270403
270407
270408
270409
270410
270411
270413
270432
270433
270434
270439
270440
270442
270443
270445
270452
270453
270454
270527
270784
270786
270787
270793
270796
270797
270798
270817
270820
270822
270823
270827
270836
270837
270838
270908
270910
270911
270996
270997
270998
271040
271041
271042
271044
271046
271047
271048
271050
271051
271068
271070
271071
271072
271074
271075
271080
271081
271082
271084
271085
271086
272335
272357
272368
272369
272370
272376
272378
272379
272432
272434
272435
272440
272441
272442
272445
272528
272529
272530
272535
272536
272538
272539
272581
272592
272594
272595
272601
272604
272605
272606
272623
272913
272916
272918
272919
272923
272972
272974
272975
272996
272997
272998
273009
273012
273014
273015
273019
273075
273081
273084
273085
273086
273217
273220
273221
273222
273223
273227
273235
273241
273244
273245
273246
273247
273251
273257
273260
273261
273262
273263
275733
275776
275777
275778
275779
275783
275784
275785
275786
275787
275789
275807
275808
275809
275810
275811
275815
275816
275817
275818
275819
275821
275829
275903
