65708
65710
65751
66065
66075
66173
66224
66226
66373
66396
66398
66415
67652
67654
67679
67683
67689
67692
67694
68035
68041
68045
68071
68084
68086
68288
68290
68296
68298
68321
68328
68331
68341
68884
68886
68887
68891
68943
68965
68976
68978
68984
68986
68989
69040
69043
69049
69053
74000
74001
74002
74004
74006
74007
74008
74010
74011
74063
74096
74098
74099
74104
74105
74106
74108
74109
74110
74127
74149
74160
74161
74162
74163
74168
74169
74170
74171
74173
75520
75522
75523
75529
75532
75533
75534
75553
75556
75558
75559
75563
75572
75574
75575
75653
75667
75673
75676
75677
75678
75692
75694
75695
75729
75730
75735
75736
75738
75739
76031
76373
76544
76545
76546
76552
76553
76554
76555
76557
76576
76577
76578
76583
76584
76586
76587
76596
76597
76598
76676
76677
76678
76679
76700
76702
76703
76707
76713
76716
76717
76718
76719
76753
76756
76758
76759
76763
78916
78917
78918
78931
78937
78940
78941
78942
78943
78947
78953
78956
78958
78959
79164
79166
79167
79253
79296
79297
79298
79299
79303
79304
79305
79306
79307
79309
79328
79329
79330
79331
79335
79336
79337
79338
79339
79341
79348
79349
79350
79423
79509
79552
79554
79555
79560
79561
79562
79564
79565
79566
79585
79588
79590
79591
79592
79594
79595
79604
79605
79606
79607
79611
147777
147780
147781
147782
147783
147787
147795
147801
147804
147805
147806
147807
147811
147817
147820
147821
147822
147823
148531
148537
148540
148541
148542
148543
148625
148628
148629
148630
148631
148635
148673
148676
148677
148678
148679
148683
148688
148691
148697
148698
148700
148701
148702
148703
148707
148713
148716
148717
148718
148719
149008
149009
149010
149012
149013
149014
149015
149016
149018
149019
149059
149065
149068
149069
149070
149071
149089
149092
149093
149094
149095
149099
149104
149105
149106
149108
149109
149110
149111
149112
149114
149115
149168
149170
149171
149176
149177
149178
149180
149181
149182
149183
149313
149316
149317
149318
149319
149323
149328
149330
149331
149336
149337
149338
149340
149341
149342
149343
149347
149353
149356
149357
149358
149359
150467
150473
150476
150477
150478
150479
150497
150500
150501
150502
150503
150507
150513
150516
150517
150518
150519
150523
154672
154674
154675
154680
154681
154682
154684
154685
154686
154687
154768
154769
154770
154772
154773
154774
154775
154776
154778
154779
154817
154820
154821
154822
154823
154827
154832
154834
154835
154840
154841
154842
154844
154845
154846
154847
154851
154857
154860
154861
154862
154863
155153
155156
155157
155158
155159
155163
155200
155203
155209
155212
155213
155214
155215
155233
155236
155237
155238
155239
155243
155249
155252
155253
155254
155255
155259
155315
155321
155324
155325
155326
155327
155456
155457
155458
155460
155462
155463
155464
155466
155467
155484
155486
155487
155488
155490
155491
155496
155497
155498
155500
155501
155502
156611
156617
156620
156621
156622
156623
156641
156644
156645
156646
156647
156651
156656
156657
156658
156660
156661
156662
156663
156664
156666
156667
158020
158021
158022
158032
158034
158035
158040
158041
158042
158044
158045
158046
158051
158060
158061
158062
158063
158736
158737
158738
158740
158742
158743
158744
158746
158747
158796
158798
158799
158820
158821
158822
158832
158833
158834
158836
158837
158838
158839
158840
158842
158843
158896
158898
158899
158904
158905
158906
158908
158909
158910
159171
159177
159180
159181
159182
159183
159201
159204
159205
159206
159207
159211
159216
159217
159218
159220
159221
159222
159223
159224
159226
159227
159280
159282
159283
159288
159289
159290
159292
159293
159294
159295
159376
159377
159378
159380
159381
159382
159383
159384
159386
159387
159425
159428
159429
159430
159435
159440
159442
159443
159448
159449
159450
159452
159453
159454
159459
159468
159469
159470
159471
234513
234516
234517
234518
234519
234523
234563
234569
234572
234573
234574
234575
234593
234596
234597
234598
234599
234603
234609
234610
234612
234613
234614
234615
234616
234619
234675
234681
234684
234685
234686
234687
234956
234959
234981
234992
234994
234995
235000
235001
235002
235004
235005
235006
235007
235011
235020
235022
235023
235045
235046
235056
235057
235058
235059
235063
235064
235065
235066
235067
235068
235069
235070
235152
235153
235154
235156
235158
235159
235160
235162
235163
235165
235204
235205
235206
235207
235211
235216
235218
235219
235224
235225
235226
235228
235229
235230
235231
235235
235241
235244
235245
235246
235247
311346
311501
311524
311547
312068
312071
312097
312104
312106
312118
312210
312261
312288
312291
312297
312300
312302
313695
313708
313711
314384
314386
314387
314393
314396
314398
314500
314502
314530
314538
314541
314549
314577
314584
314586
314587
314589
314945
314952
314954
314955
314980
314983
314987
314996
314999
315156
315158
315159
315264
315266
315267
315273
315276
315278
315301
315302
315313
315320
315322
315323
315325
315349
320789
320844
320847
320880
320882
320883
320889
320892
320894
320895
320911
320944
320947
320953
320956
320958
320959
323648
323650
323651
323657
323660
323662
323663
323685
323686
323696
323697
323698
323704
323705
323706
323707
323709
323710
324113
324116
324119
324120
324122
324123
324125
324225
324232
324234
324235
324237
324260
324262
324263
324267
324273
324276
324278
324279
324280
324282
324283
324308
324310
324311
324420
324422
324423
324449
324450
324456
324458
324459
324461
324468
324469
324470
324471
325893
325904
325906
325907
325913
325916
325918
325919
325920
325923
325929
325932
325934
325935
326021
326022
326047
326048
326050
326051
326057
326060
326061
326062
326063
326069
326096
326097
326098
326099
326104
326105
326106
326108
326109
326110
326111
326725
326736
326738
326739
326745
326748
326749
326750
326751
326755
326764
326767
327168
327169
327170
327172
327175
327176
327177
327178
327179
327181
327201
327204
327206
327207
327208
327210
327211
327213
327217
327220
327222
327223
327224
327226
327227
327312
327313
327314
327319
327320
327321
327322
327323
327325
327326
327364
327365
327366
327367
327392
327393
327394
327395
327400
327401
327402
327403
327404
327405
327406
327407
327413
327414
327508
327509
327510
327511
