828
831
960
963
972
975
1008
1011
1020
1023
3072
3075
3084
3087
3120
3123
3129
3132
3134
3135
3221
3264
3266
3267
3273
3276
3278
3279
3301
3312
3314
3315
3321
3324
3326
3327
3669
3840
3842
3843
3849
3852
3854
3855
3877
3888
3890
3891
3897
3900
3902
3903
3989
4032
4034
4035
4041
4044
4046
4047
4069
4080
4082
4083
4089
4092
4094
4095
9557
12288
12290
12291
12297
12300
12302
12303
12325
12336
12338
12339
12345
12348
12350
12351
12437
12480
12482
12483
12489
12492
12494
12495
12517
12528
12530
12531
12537
12540
12542
12543
12885
13056
13058
13059
13065
13068
13070
13071
13093
13104
13106
13107
13113
13114
13116
13117
13118
13119
13205
13206
13248
13249
13250
13251
13257
13258
13260
13261
13262
13263
13285
13286
13296
13297
13298
13299
13305
13306
13308
13309
13310
13311
14677
14678
15360
15361
15362
15363
15369
15370
15372
15373
15374
15375
15397
15398
15408
15409
15410
15411
15417
15418
15420
15421
15422
15423
15508
15509
15510
15552
15553
15554
15555
15560
15561
15562
15563
15564
15565
15566
15567
15588
15589
15590
15591
15600
15601
15602
15603
15608
15609
15610
15611
15612
15613
15614
15615
15956
15957
15958
15959
16128
16129
16130
16131
16136
16137
16138
16139
16140
16141
16142
16143
16164
16165
16166
16167
16176
16177
16178
16179
16184
16185
16186
16187
16188
16189
16190
16191
16276
16277
16278
16279
16320
16321
16322
16323
16328
16329
16330
16331
16332
16333
16334
16335
16356
16357
16358
16359
16368
16369
16370
16371
16376
16377
16378
16379
16380
16381
16382
16383
87377
87380
87381
87382
87383
87384
87387
163840
163841
163842
163844
163845
163846
163847
163851
163859
163865
163868
163869
163870
163871
163875
163880
163881
163882
163884
163885
163886
163887
163955
163961
163964
163965
163966
163967
163968
163970
163971
163977
163980
163981
163982
163983
164000
164001
164002
164004
164005
164006
164007
164008
164010
164011
164017
164020
164021
164022
164023
164027
164339
164345
164348
164349
164350
164351
164355
164360
164361
164362
164364
164365
164366
164367
164384
164385
164386
164388
164389
164390
164391
164395
164401
164404
164405
164406
164407
164411
164480
164481
164482
164484
164485
164486
164487
164491
164499
164505
164508
164509
164510
164511
164515
164520
164521
164522
164524
164525
164526
164527
164561
164564
164565
164566
164567
164571
165875
165881
165884
165885
165886
165887
165891
165896
165897
165898
165900
165901
165902
165903
165921
165924
165925
165926
165927
165931
165937
165940
165941
165942
165943
165947
166017
166020
166021
166022
166023
166027
166035
166041
166044
166045
166046
166047
166048
166050
166051
166057
166060
166061
166062
166063
166097
166100
166101
166102
166103
166107
166401
166404
166405
166406
166407
166411
166419
166425
166428
166429
166430
166431
166435
166441
166444
166445
166446
166447
166515
166521
166524
166525
166526
166527
166531
166537
166540
166541
166542
166543
166560
166561
166562
166564
166565
166566
166567
166571
166577
166580
166581
166582
166583
166587
166737
166740
166741
166742
166743
166747
172019
172025
172028
172029
172030
172031
172035
172040
172041
172042
172044
172045
172046
172047
172064
172065
172066
172068
172069
172070
172071
172075
172081
172084
172085
172086
172087
172091
172161
172164
172165
172166
172167
172168
172170
172171
172179
172185
172188
172189
172190
172191
172195
172200
172201
172202
172204
172205
172206
172207
172241
172244
172245
172246
172247
172251
172545
172548
172549
172550
172551
172552
172554
172555
172563
172569
172572
172573
172574
172575
172576
172578
172579
172585
172588
172589
172590
172591
172659
172665
172668
172669
172670
172671
172675
172681
172684
172685
172686
172687
172705
172708
172709
172710
172711
172715
172721
172724
172725
172726
172727
172731
172881
172884
172885
172886
172887
172891
174081
174084
174085
174086
174087
174091
174099
174105
174108
174109
174110
174111
174115
174121
174124
174125
174126
174127
174195
174201
174204
174205
174206
174207
174211
174217
174220
174221
174222
174223
174241
174244
174245
174246
174247
174251
174257
174260
174261
174262
174263
174267
174579
174585
174588
174589
174590
174591
174595
174600
174601
174602
174604
174605
174606
174607
174625
174628
174629
174630
174631
174635
174641
174644
174645
174646
174647
174651
174720
174721
174722
174724
174725
174726
174727
174728
174730
174731
174739
174745
174748
174749
174750
174751
174755
174761
174764
174765
174766
174767
174801
174804
174805
174806
174807
174811
175441
175444
175445
175446
175447
175451
245760
245762
245768
245770
245800
245802
245896
245898
245928
245930
246272
246274
246280
246282
246304
246306
246312
246314
246408
246410
246432
246434
247809
247815
247819
247839
247840
247842
247843
247849
247853
247935
247936
247938
247939
247945
247949
247969
247975
247979
247989
248320
248322
248373
248448
248449
248450
248455
248459
248479
248483
248488
248489
248490
248493
248533
249173
253953
253956
253957
253958
253959
253960
253962
253963
253971
253977
253980
253981
253982
253983
253987
253993
253996
253997
253998
253999
254076
254078
254079
254080
254082
254083
254088
254089
254090
254092
254093
254094
254095
254113
254116
254117
254118
254119
254120
254122
254123
254129
254132
254133
254134
254135
254139
254460
254462
254463
254464
254466
254467
254472
254473
254474
254476
254477
254478
254496
254497
254498
254500
254502
254503
254507
254516
254517
254518
254592
254593
254594
254596
254598
254599
254600
254602
254603
254620
254622
254623
254627
254632
254633
254634
254636
254637
254638
254676
254677
254678
255999
256003
256008
256009
256010
256013
256033
256039
256043
256053
256129
256135
256136
256138
256139
256159
256160
256162
256163
256169
256173
256212
256213
256214
256513
256516
256518
256519
256523
256540
256542
256543
256546
256547
256553
256556
256557
256558
256636
256638
256639
256640
256642
256643
256649
256652
256653
256654
256673
256676
256678
256679
256683
256692
256693
256694
256852
256853
256854
259409
259412
259413
259414
259415
259419
