49181
49196
49253
49268
49270
49556
49558
49605
49623
49624
49626
49647
49859
49864
49891
49897
50425
50428
50429
50757
50768
50770
50775
50776
50778
50799
50961
50964
50965
50966
50971
51011
51016
51017
51018
51038
51039
51043
51048
51049
51050
51134
51135
51980
51982
52000
52001
52002
52007
52011
52089
52093
52108
52110
52128
52129
52139
54220
54222
54223
54240
54241
54242
54244
54245
54246
54251
54260
54261
54262
55556
55557
55558
55568
55569
55570
55571
55572
55574
55575
55576
55578
55579
55599
55619
55624
55625
55628
55629
55630
55647
55648
55649
55650
55651
55654
55655
55656
55657
55658
55659
55731
55737
55740
55741
55742
56389
56400
56401
56402
56404
56405
56406
56407
56411
56578
56579
56583
56584
56585
56586
56588
56589
56590
56604
56606
56607
56608
56609
56610
56611
56615
56616
56617
56618
56619
56621
56688
56690
56691
56695
56696
56697
56698
56700
56701
56702
56716
56717
56718
56719
56736
56737
56738
56740
56741
56742
56743
56747
56753
56756
56757
56758
56763
57084
57085
57086
57087
60464
60466
60467
60471
60472
60473
60474
60477
60544
60545
60546
60548
60549
60550
60551
60555
60563
60568
60569
60570
60573
60588
60590
60591
60628
60629
60879
60900
60901
60913
60916
60917
60918
60923
60976
60978
60983
60984
60986
60987
61055
61056
61057
61058
61062
61063
61064
61066
61067
61075
61081
61084
61085
61086
61100
61101
61102
134969
134972
134974
134975
135060
135061
135062
135104
135105
135106
135108
135110
135111
135112
135114
135115
135132
135134
135135
135136
135138
135139
135144
135145
135146
135148
135149
135150
140564
140565
140566
140608
140610
140611
140616
140617
140618
140619
140620
140621
140622
140640
140641
140642
140644
140646
140647
140648
140650
140651
140653
140660
140661
140662
140732
140734
140735
143381
143424
143425
143426
143427
143428
143430
143431
143432
143433
143434
143435
143437
143452
143454
143455
143456
143457
143458
143459
143463
143464
143465
143466
143467
143468
143469
143470
143477
143551
143676
143678
143679
143764
143765
143766
143808
143809
143810
143811
143812
143814
143815
143816
143817
143818
143819
143821
143836
143838
143839
143840
143841
143842
143843
143847
143848
143849
143850
143851
143852
143853
143854
143861
143935
144021
144064
144065
144066
144067
144071
144072
144073
144074
144075
144076
144077
144078
144095
144096
144097
144098
144099
144100
144102
144103
144104
144105
144106
144107
144109
144116
144117
144118
145203
145208
145209
145210
145212
145213
145214
145215
145285
145296
145297
145298
145300
145301
145302
145303
145304
145306
145307
145327
145348
145349
145350
145360
145361
145362
145363
145367
145368
145369
145370
145371
145373
145388
145390
145391
145603
145609
145612
145613
145614
145615
145632
145633
145634
145636
145637
145638
145639
145642
145643
145649
145652
145653
145654
145655
145659
145941
145984
145985
145986
145988
145990
145991
145992
145994
145995
146009
146012
146013
146014
146015
146016
146018
146019
146024
146025
146026
146028
146029
146030
146196
146197
146198
146240
146241
146242
146243
146247
146248
146249
146250
146251
146252
146253
146254
146271
146272
146273
146274
146275
146276
146278
146279
146280
146281
146282
146283
146285
146292
146293
146294
146364
146366
146367
209088
209090
209091
209096
209097
209098
209100
209101
209102
209103
209120
209121
209122
209124
209126
209127
209128
209130
209131
209137
209140
209141
209142
209143
209147
209472
209473
209474
209476
209477
209478
209479
209480
209482
209483
209491
209497
209500
209501
209502
209503
209504
209506
209507
209512
209513
209514
209516
209517
209518
209519
209681
209684
209685
209686
209687
209691
209728
209730
209731
209736
209737
209738
209740
209741
209742
209743
209760
209761
209762
209764
209765
209766
209767
209768
209770
209771
209777
209780
209781
209782
209783
209787
209843
209849
209852
209853
209854
209855
210961
210964
210965
210966
211008
211009
211010
211011
211015
211016
211017
211018
211019
211020
211021
211036
211038
211039
211040
211041
211042
211043
211047
211048
211049
211050
211051
211052
211053
211061
211132
211134
211135
211257
211260
211262
211263
211345
211348
211349
211350
211351
211355
211392
211393
211394
211396
211397
211398
211399
211400
211402
211403
211411
211417
211420
211421
211422
211423
211424
211426
211427
211432
211433
211434
211436
211437
211438
211439
211648
211650
211651
211656
211657
211658
211660
211661
211662
211679
211680
211681
211682
211683
211684
211686
211687
211688
211690
211691
211700
211701
211702
212245
212288
212289
212290
212292
212293
212294
212295
212296
212298
212299
212307
212312
212313
212314
212316
212317
212318
212323
212329
212332
212333
212334
212335
278547
278606
278624
278626
278842
278911
278914
278919
278941
278956
278957
279247
279268
279270
279753
279757
279775
279779
279783
279784
279785
279786
280060
280061
280062
280067
280072
280073
280074
280077
280092
280094
280099
280104
280105
280106
280165
280176
280177
280180
280182
280187
280240
280241
280242
280244
280246
280251
281404
281405
281406
281477
281488
281490
281495
281519
281556
281557
283406
283407
283424
283425
283426
283428
283429
283430
283435
283444
283445
283506
283507
283511
283512
283513
283514
283517
283532
283533
283534
283535
283551
283552
283553
283554
283556
283557
283558
283559
283563
283573
284645
284656
284657
284658
284659
284660
284662
284663
284664
284665
284666
284667
284686
284687
284705
284708
284709
284710
284715
284720
284721
284722
284724
284725
284726
284727
284731
284787
284793
284796
284797
284798
284799
284803
284808
284809
284810
284812
284813
284814
284828
284829
284830
284831
284832
284834
284835
284839
284840
284841
284842
284843
284845
285120
285121
285122
285123
285124
285126
285127
285128
285129
285130
285131
285139
285144
285145
285146
285148
285149
285150
285161
285164
285165
285166
285247
285328
285329
285332
285333
285334
285339
285376
285377
285380
285381
285382
285387
285392
285393
285394
285395
285396
285398
285399
285400
285401
285402
285403
285423
290032
290034
290035
290039
290040
290041
290042
290321
290324
290325
290326
290331
290368
290370
290371
290375
290376
290378
290379
290387
290393
290396
290397
290398
290409
290412
290413
290414
290495
290628
290629
290640
290641
290642
290646
290647
290651
290671
