49157
49179
49235
49240
49262
49436
49437
49449
49503
49506
49587
49591
49594
49917
50212
50213
50229
50288
50290
50294
50299
50319
50336
50337
50340
50341
50342
50347
50483
50487
50488
50489
50490
50556
50557
50558
50563
50567
50568
50569
50570
50588
50589
50601
50604
50605
50892
50893
50894
50910
50911
50915
50919
50920
50922
52208
52209
52210
52212
52214
52219
53311
53376
53377
53378
53380
53381
53382
53387
53392
53393
53394
53396
53397
53398
53403
53423
53457
53460
53461
53696
53697
53698
53699
53700
53702
53703
53704
53705
53706
53707
53714
53715
53719
53720
53721
53722
53740
53741
53742
53743
53822
53823
53887
53888
53889
53890
53892
53893
53894
53899
53904
53905
53906
53908
53909
53910
53911
53915
53935
53972
53973
54476
54477
54478
54492
54493
54494
54495
54496
54498
54499
54502
54503
54504
54505
54506
54507
54756
54757
54768
54769
54770
54771
54772
54773
54774
54775
54776
54777
54778
54779
54798
54799
54815
54816
54817
54818
54820
54821
54822
54827
54832
54833
54834
54836
54837
54838
54843
54896
54897
54898
54899
54900
54901
54902
54903
54904
54905
54906
54907
54926
54927
54943
54944
54945
54946
54948
54949
54950
54951
54954
54955
54961
54964
54965
56115
56119
56120
56121
56122
56124
56125
56185
56188
56189
56190
56195
56199
56200
56201
56202
56204
56205
56211
56216
56217
56218
56220
56221
56222
56227
56232
56233
56234
56236
56237
56238
61376
61377
61378
61379
61382
61383
61386
61387
61395
61399
61400
61401
61402
61420
61422
61423
146624
146626
146627
146632
146633
146634
146636
146637
146638
146639
146656
146657
146658
146660
146661
146662
146663
146664
146666
146667
146673
146676
146677
146678
146679
146683
146965
147008
147009
147010
147011
147012
147014
147015
147016
147018
147019
147033
147036
147037
147038
147039
147040
147042
147043
147048
147049
147050
147052
147053
147054
147135
147220
147221
147222
147264
147265
147266
147267
147270
147271
147272
147273
147274
147275
147277
147283
147289
147292
147293
147294
147295
147298
147299
147303
147304
147305
147306
147308
147309
147310
147390
147391
197427
197433
197436
197437
197438
197439
197521
197524
197525
197526
197527
197531
197568
197569
197570
197572
197573
197574
197575
197576
197578
197579
197587
197593
197596
197597
197598
197599
197600
197602
197603
197608
197609
197610
197612
197613
197614
197615
198929
198932
198933
198934
198935
198939
198976
198978
198979
198984
198985
198986
198988
198989
198990
198991
199008
199009
199010
199012
199013
199014
199015
199016
199018
199019
199025
199028
199029
199030
199031
199035
199091
199097
199100
199101
199102
199103
199744
199745
199746
199748
199749
199750
199751
199752
199754
199755
199763
199769
199772
199774
199775
199776
199778
199779
199784
199785
199786
199788
199789
199790
199791
199996
199998
199999
200084
200085
200086
200128
200129
200130
200132
200134
200135
200136
200138
200139
200156
200158
200159
200160
200162
200163
200168
200169
200170
200172
200173
200174
200384
200386
200387
200392
200393
200394
200396
200397
200398
200416
200417
200418
200420
200422
200423
200424
200426
200427
200436
200437
200438
200439
205076
205077
205078
205120
205122
205123
205128
205129
205130
205132
205133
205134
205152
205153
205154
205156
205158
205159
205160
205162
205163
205172
205173
205174
205244
205246
205247
205887
205973
206016
206017
206018
206019
206023
206024
206025
206026
206027
206028
206029
206030
206048
206049
206050
206051
206052
206054
206055
206056
206057
206058
206059
206061
206068
206069
206070
206400
206401
206402
206404
206406
206407
206408
206410
206411
206413
206428
206430
206431
206432
206434
206435
206440
206441
206442
206443
206444
206445
206446
206453
206612
206613
206614
206656
206658
206659
206664
206665
206666
206668
206669
206670
206688
206689
206690
206692
206694
206695
206696
206698
206699
206708
206709
206710
206780
206782
206783
207676
207678
207679
207764
207765
207766
207808
207809
207810
207811
207812
207814
207815
207816
207817
207818
207819
207821
207836
207838
207839
207840
207842
207843
207848
207849
207850
207851
207852
207853
207854
207861
209984
209985
209986
209988
209990
209991
209992
209994
209995
210012
210014
210015
210016
210018
210019
210024
210025
210026
210028
210029
210030
210227
210233
210236
210237
210238
210239
210321
210324
210325
210326
210327
210331
210369
210372
210373
210374
210375
210379
210387
210392
210393
210394
210396
210397
210398
210399
210403
210409
210412
210413
210414
210415
210626
210627
210632
210633
210634
210636
210637
210638
210639
210656
210657
210658
210660
210661
210662
210663
210664
210666
210667
210673
210676
210677
210678
210679
210683
278563
278569
278668
278670
279025
279031
279035
279096
279098
279173
279192
279194
279249
279259
280383
280468
280469
280470
280513
280516
280518
280523
280531
280537
280540
280541
280542
280556
280558
280771
280777
280781
280800
280802
280807
280808
280810
281108
281109
281110
281155
281161
281165
281184
281186
281191
281194
281195
281279
281412
281414
281437
281452
281454
285936
285938
285939
285944
285945
285946
285948
285949
285950
286277
286288
286289
286290
286291
286292
286294
286295
286296
286298
286299
286319
286469
286480
286481
286482
286483
286487
286488
286489
286490
286491
286493
286511
286540
286542
286543
286564
286565
286566
286576
286577
286578
286580
286581
286582
286583
286584
286586
286587
286640
286642
286643
286647
286648
286649
286650
286652
286653
286654
287500
287502
287503
287521
287524
287525
287526
287527
287531
287537
287540
287541
287542
287543
287547
287616
287617
287618
287620
287622
287623
287624
287626
287627
287644
287645
287646
287647
287651
287656
287657
287658
287660
287661
287662
287701
288848
288849
288850
288852
288854
288855
288859
289036
289037
289038
289057
289060
289062
289063
289067
289076
289077
289078
289151
289152
289153
289154
289155
289159
289160
289161
289162
289163
289180
289182
289183
289184
289186
289187
289192
289193
289194
289197
289523
289529
289532
289533
289534
290053
290064
290066
290067
290072
290073
290074
290095
290127
290149
290160
290161
290166
290167
290171
290224
290226
290227
290232
290233
290234
