49313
49333
49651
49679
49701
49713
49719
49723
49796
49798
49876
49878
51139
51145
51148
51149
51168
51169
51175
51179
51189
51260
51262
51263
51348
51349
51350
51396
51398
51420
51421
51422
51436
51438
51728
51730
51735
51736
51738
51791
51813
51825
51831
51835
51891
51897
51901
52048
52050
52056
52058
57100
57101
57102
57103
57121
57124
57125
57126
57127
57131
57137
57140
57141
57142
57143
57147
57216
57217
57218
57220
57221
57222
57223
57224
57226
57227
57235
57241
57244
57245
57246
57247
57251
57256
57257
57260
57261
57262
57263
57297
57300
57301
57302
57587
57592
57593
57594
57596
57597
57598
57936
57937
57938
57940
57942
57943
57944
57946
57947
58116
58117
58118
58128
58130
58131
58135
58136
58137
58138
58141
58156
58158
58159
58191
58213
58224
58225
58226
58231
58232
58234
58235
58255
58277
58288
58289
58290
58291
58295
58296
58297
58298
58299
58301
59456
59457
59458
59463
59464
59466
59467
59484
59486
59487
59491
59496
59497
59498
59501
59699
59705
59708
59709
59710
59793
59796
59798
59799
59803
59844
59845
59846
59856
59858
59859
59864
59865
59866
59868
59869
59870
59884
59886
59887
60099
60105
60108
60109
60110
60129
60132
60134
60135
60139
60148
60149
60150
60693
60736
60738
60743
60744
60746
60767
60768
60770
60771
60776
60777
60778
60781
60863
131324
131326
131327
131668
131669
131670
131840
131841
131842
131843
131844
131846
131847
131848
131849
131850
131851
131853
131868
131870
131871
131872
131873
131874
131875
131879
131880
131881
131882
131883
131884
131885
131886
131893
131964
131966
131967
131968
131969
131970
131971
131975
131976
131977
131978
131979
131980
131981
131982
131999
132000
132001
132002
132003
132004
132006
132007
132008
132009
132010
132011
132013
132020
132021
132022
132053
133204
133205
133376
133377
133378
133379
133383
133384
133385
133386
133387
133388
133389
133390
133407
133408
133409
133410
133411
133412
133414
133415
133416
133417
133418
133419
133421
133428
133429
133430
133503
133504
133505
133506
133507
133508
133510
133511
133512
133513
133514
133515
133517
133532
133534
133535
133536
133537
133538
133539
133543
133544
133545
133546
133547
133548
133549
133550
133557
133588
133589
133590
133884
133886
133887
134229
134400
134401
134402
134403
134407
134408
134409
134410
134411
134413
134431
134432
134433
134434
134435
134439
134440
134441
134442
134443
134445
134453
134527
134528
134529
134530
134531
134535
134536
134537
134538
134539
134541
134559
134560
134561
134562
134563
134567
134568
134569
134570
134571
134573
134581
134613
134911
139348
139349
139350
139520
139521
139522
139523
139527
139528
139529
139530
139531
139533
139551
139552
139553
139554
139555
139559
139560
139561
139562
139563
139565
139573
139647
139648
139649
139650
139651
139655
139656
139657
139658
139659
139661
139679
139680
139681
139682
139683
139687
139688
139689
139690
139691
139693
139701
139733
140030
140031
140543
140885
141056
141057
141058
141059
141063
141064
141065
141066
141067
141069
141087
141088
141089
141090
141091
141095
141096
141097
141098
141099
141101
141109
141183
141184
141185
141186
141187
141191
141192
141193
141194
141195
141197
141215
141216
141217
141218
141219
141223
141224
141225
141226
141227
141229
141237
141269
141567
141909
142080
142081
142082
142083
142087
142088
142089
142090
142091
142093
142111
142112
142113
142114
142115
142119
142120
142121
142122
142123
142125
142133
142207
142208
142209
142210
142211
142215
142216
142217
142218
142219
142221
142239
142240
142241
142242
142243
142247
142248
142249
142250
142251
142253
142261
142293
144469
144640
144641
144642
144643
144644
144646
144647
144648
144649
144650
144651
144653
144668
144670
144671
144672
144673
144674
144675
144679
144680
144681
144682
144683
144684
144685
144686
144693
144764
144766
144767
144768
144770
144771
144776
144777
144778
144780
144781
144782
144799
144800
144801
144802
144804
144806
144807
144808
144810
144811
144820
144821
144822
145151
212223
212565
212736
212737
212738
212739
212743
212744
212745
212746
212747
212748
212749
212750
212767
212768
212769
212770
212771
212774
212775
212776
212777
212778
212779
212781
212788
212789
212851
212856
212857
212860
212861
212862
212863
212866
212867
212872
212873
212874
212876
212877
212878
212895
212896
212897
212898
212899
212900
212902
212903
212904
212905
212906
212907
212909
212916
212917
278544
278545
278594
278719
278787
278791
278794
278808
278809
278828
278829
278830
278876
278877
278889
278973
279564
279565
279566
279582
279587
279591
279594
279631
279647
279648
279649
279650
279652
279654
279659
279730
279735
279823
279840
279841
279844
279845
279860
279861
279920
279921
279922
279924
279925
279926
279931
279951
279968
279969
279972
279973
279974
279979
279989
280304
280305
280306
280308
280309
280310
280315
281587
281592
281593
281594
282674
282675
282678
282679
282682
282683
282739
282743
282744
282745
282746
282764
282765
282766
282780
282781
282782
282783
282787
282791
282792
282793
282794
282931
282936
282937
282940
282941
282942
283004
283005
283006
283011
283015
283016
283017
283018
283027
283031
283032
283033
283034
283036
283037
283049
283052
283053
283054
283331
283336
283337
283340
283341
283342
283353
283356
283357
283358
283363
283367
283368
283369
283370
283372
283373
283708
283709
283710
283711
283775
283776
283777
283778
283780
283781
283782
283783
283787
283792
283793
283794
283795
283796
283797
283798
283799
283802
283803
283822
283823
283860
283861
283967
284048
284049
284052
284053
284096
284097
284098
284100
284101
284102
284103
284106
284107
284112
284113
284114
284115
284116
284117
284118
284119
284120
284121
284122
284123
284140
284142
284143
284223
284288
284289
284292
284293
284294
284299
284304
284305
284306
284308
284309
284310
284315
284335
284352
284353
284354
284356
284357
284358
284363
284368
284369
284370
284372
284373
284374
284379
284399
285632
285633
285634
285635
285636
285637
285638
285639
285640
285641
285642
285643
285650
285651
285654
285655
285656
285657
285658
285659
285676
285677
285678
285679
290766
290767
290783
290784
290785
290786
290788
290789
290790
290795
