16420
16439
16604
16606
16623
16961
16968
16993
17003
17231
17253
17272
17274
17277
17340
17342
18692
18694
18720
18722
18723
18729
18733
18820
18822
18848
18851
18857
18903
18907
19540
19543
19547
19763
19769
19772
19774
19775
19861
19862
19905
19912
19914
19915
19937
19944
19946
19947
19957
19958
20175
20197
20208
20210
20216
20218
20221
25616
25617
25618
25623
25624
25626
25627
25629
25724
25727
25728
25730
25731
25737
25740
25741
25742
25743
25764
25765
25766
25777
25783
25784
25786
25787
26128
26130
26136
26137
26138
26141
26240
26242
26243
26248
26249
26250
26253
26254
26276
26278
26279
26289
26292
26294
26295
26299
26325
26437
26451
26457
26460
26462
26463
26476
26479
28996
28997
28998
29020
29022
29023
29024
29026
29027
29033
29036
29038
29039
29903
29936
29938
29939
29945
29948
29949
29950
29951
30292
30293
30294
30295
30465
30466
30468
30470
30471
30472
30474
30475
30477
30496
30497
30498
30499
30503
30504
30505
30506
30507
30509
30516
30517
30518
30596
30597
30598
30599
30611
30617
30620
30622
30623
30624
30626
30627
30633
30636
30637
30638
30639
30672
30673
30674
30676
30678
30679
30680
30682
30683
30685
31500
31502
31503
31525
31536
31537
31538
31539
31544
31545
31546
31548
31549
31550
31633
31636
31638
31639
31643
31681
31684
31686
31687
31688
31691
31712
31713
31714
31715
31720
31721
31722
31723
31725
31726
31733
99604
99605
99606
99611
99648
99650
99651
99656
99657
99658
99660
99661
99662
99680
99681
99682
99684
99686
99687
99688
99690
99691
99700
99701
99702
99772
99774
99775
102463
102549
102592
102593
102594
102595
102599
102600
102601
102602
102603
102604
102605
102606
102623
102624
102625
102626
102627
102628
102630
102631
102632
102633
102634
102635
102637
102644
102645
102646
102933
102976
102977
102978
102979
102980
102982
102983
102984
102985
102986
102987
102989
103004
103006
103007
103008
103009
103010
103011
103015
103016
103017
103018
103019
103020
103021
103022
103029
103103
103188
103189
103190
103232
103233
103234
103235
103239
103240
103241
103242
103243
103244
103245
103246
103263
103264
103265
103266
103267
103268
103270
103271
103272
103273
103274
103275
103277
103284
103285
103286
103356
103358
103359
104513
104516
104517
104518
104519
104523
104531
104537
104540
104541
104542
104543
104544
104546
104547
104553
104554
104556
104557
104558
104559
104764
104766
104767
104852
104853
104854
104896
104897
104898
104899
104900
104902
104903
104904
104905
104906
104907
104909
104924
104926
104927
104928
104929
104930
104931
104935
104936
104937
104938
104939
104940
104941
104942
104949
105023
105152
105154
105155
105160
105161
105162
105164
105165
105166
105184
105185
105186
105188
105190
105191
105192
105194
105195
105204
105205
105206
105207
105211
105745
105748
105749
105750
105751
105752
105754
105755
105804
105806
105807
105828
105829
105830
105840
105841
105842
105843
105847
105848
105849
105850
105851
105853
105871
105893
105904
105906
105907
105912
105913
105914
105916
105917
105918
105919
110396
110398
110399
110484
110485
110486
110528
110529
110530
110532
110534
110535
110536
110537
110538
110539
110556
110558
110559
110560
110562
110563
110567
110568
110569
110570
110572
110573
110574
184384
184385
184386
184388
184389
184390
184391
184392
184394
184395
184403
184409
184412
184413
184414
184415
184416
184418
184419
184424
184425
184426
184428
184429
184430
184627
184633
184636
184637
184638
184639
184721
184724
184725
184726
184727
184731
184768
184769
184770
184772
184773
184774
184775
184776
184778
184779
184787
184793
184796
184797
184798
184799
184800
184802
184803
184808
184809
184810
184812
184813
184814
184815
185024
185026
185027
185032
185033
185034
185036
185037
185038
185039
185056
185057
185058
185060
185061
185062
185063
185064
185066
185067
185073
185076
185077
185078
185079
185083
186175
186304
186306
186307
186312
186313
186314
186316
186317
186318
186319
186337
186340
186341
186342
186343
186347
186353
186356
186358
186359
186360
186362
186363
186419
186428
186430
186431
186516
186517
186518
186560
186561
186562
186563
186564
186567
186568
186569
186570
186571
186573
186591
186592
186593
186594
186595
186596
186599
186600
186601
186602
186603
186605
186612
186613
186614
186944
186945
186946
186948
186950
186951
186952
186954
186955
186972
186974
186975
186976
186977
186978
186979
186984
186985
186986
186988
186989
186990
186997
187156
187157
187158
187163
187200
187202
187203
187208
187209
187210
187212
187213
187214
187215
187232
187233
187234
187236
187237
187238
187239
187240
187242
187243
187249
187252
187253
187254
187255
187259
187315
187321
187324
187325
187326
187327
262193
262342
262368
262370
262725
262764
262766
262938
263042
263053
263076
263079
263095
263125
264468
264470
264471
264572
264575
264591
264613
264624
264626
264637
265287
265291
265313
265320
265322
265323
265325
265333
265729
265735
265736
265738
265739
265761
265768
265770
265771
265780
265782
265872
265874
265875
265881
265884
265886
265936
265939
265945
265948
265950
265967
266068
266070
266071
271440
271441
271442
271448
271450
271451
271453
271820
271823
271845
271856
271858
271859
271865
271869
271870
271923
271929
271932
271934
271935
272021
272064
272065
272066
272072
272073
272074
272077
272100
272102
272103
272107
272113
272116
272118
272119
272123
274693
274694
274716
274719
274720
274722
274723
274729
274732
274734
274735
274820
274821
274822
274823
274847
274848
274850
274851
274857
274860
274861
274862
274863
274869
274897
274898
274903
274904
274906
274907
274909
276485
276486
276496
276498
276499
276505
276508
276509
276510
276511
276515
276521
276524
276526
276527
276609
276612
276614
276615
276616
276618
276619
276640
276641
276642
276647
276648
276649
276650
276651
276653
276660
276661
276662
276663
276689
276692
276693
276694
276695
276699
277013
277056
277059
277065
277068
277070
277071
277093
277104
277105
277106
277107
277112
277113
277114
277115
277116
277117
277118
277168
277171
277177
277180
277182
277183
277312
277313
277314
277315
277320
277321
277322
277323
277324
277325
277326
277348
277350
277351
277355
277361
277364
277366
277367
277368
277370
277371
277840
277841
277842
277843
277848
277849
277850
277851
277852
277853
277854
277871
