112
119
187
448
450
455
476
478
493
705
715
733
748
750
1792
1794
1799
1800
1802
1820
1822
1827
1833
1837
1904
1906
1911
1912
1914
1935
1957
1969
1972
1974
1979
2303
2645
2817
2820
2822
2827
2835
2841
2845
2860
2862
2917
2929
2934
2939
2992
2994
2999
3000
3002
7168
7169
7170
7171
7174
7175
7176
7178
7179
7193
7196
7197
7198
7199
7203
7208
7209
7212
7213
7214
7247
7269
7280
7281
7282
7283
7284
7286
7287
7288
7289
7290
7291
7311
7332
7333
7334
7344
7345
7346
7348
7350
7351
7354
7355
7573
7616
7617
7618
7619
7623
7624
7625
7626
7627
7629
7644
7645
7646
7647
7648
7650
7651
7655
7656
7657
7658
7660
7661
7662
7742
7743
7828
7829
7830
7872
7873
7874
7876
7877
7878
7879
7880
7882
7883
7891
7896
7897
7898
7900
7901
7902
7907
7913
7916
7917
7918
7919
9215
10580
10581
11264
11265
11266
11268
11270
11271
11275
11283
11288
11289
11292
11293
11294
11308
11309
11310
11311
11343
11364
11365
11376
11377
11378
11380
11382
11383
11387
11440
11441
11442
11443
11447
11448
11450
11451
11583
11668
11669
11713
11716
11718
11723
11731
11736
11737
11741
11756
11758
11759
11968
11970
11971
11975
11976
11978
11979
11996
11998
11999
12003
12008
12009
12012
12013
85199
85221
85232
85233
85234
85235
85239
85240
85241
85242
85243
85245
85573
85584
85585
85586
85587
85591
85592
85593
85594
85595
85597
85615
85765
85776
85777
85778
85779
85783
85784
85785
85786
85787
85789
85807
85839
85861
85872
85873
85874
85875
85879
85880
85881
85882
85883
85884
85885
85886
85900
85902
85903
85924
85925
85936
85937
85938
85939
85942
85943
85944
85945
85946
85947
85949
91205
91216
91217
91218
91219
91220
91222
91223
91224
91225
91226
91227
91229
91247
91404
91406
91407
91428
91429
91430
91440
91441
91442
91443
91444
91446
91447
91448
91449
91450
91451
91453
91524
91525
91526
91536
91537
91538
91539
91543
91544
91545
91546
91547
91548
91549
91550
91564
91566
91567
91589
91600
91601
91602
91603
91604
91606
91607
91608
91609
91610
91611
91613
91631
91855
91877
91888
91889
91890
91891
91895
91896
91897
91898
91899
91900
91901
91902
94468
94469
94470
94480
94482
94483
94488
94489
94490
94491
94492
94493
94494
94508
94510
94511
94565
94576
94577
94578
94579
94583
94584
94585
94586
94587
94588
94589
94590
94604
94606
94607
94628
94629
94630
94640
94641
94642
94643
94644
94646
94647
94648
94650
94651
94653
95439
95461
95472
95473
95474
95475
95479
95480
95481
95482
95483
95485
95812
95813
95814
95824
95825
95826
95827
95831
95832
95833
95834
95835
95836
95837
95852
95854
95855
96005
96016
96017
96018
96019
96020
96022
96023
96024
96026
96027
96047
96067
96073
96076
96077
96078
96079
96096
96097
96100
96101
96102
96103
96107
96113
96116
96117
96118
96119
96123
96176
96178
96179
96184
96185
96186
96188
96189
96190
97039
97060
97061
97072
97073
97074
97075
97076
97078
97079
97080
97081
97082
97083
97085
97156
97157
97158
97168
97169
97170
97171
97175
97176
97177
97178
97179
97180
97181
97182
97196
97198
97199
97221
97232
97233
97234
97235
97236
97238
97239
97240
97241
97242
97243
97245
97263
242447
242469
242480
242481
242482
242483
242487
242488
242489
242490
242491
242492
242493
242565
242576
242577
242578
242579
242582
242583
242584
242585
242586
242587
242589
242607
242628
242629
242640
242641
242642
242643
242647
242648
242649
242650
242651
242652
242653
242670
242671
243972
243973
243984
243985
243986
243987
243991
243992
243993
243994
243995
243997
244015
244046
244047
244068
244069
244080
244081
244082
244083
244086
244087
244088
244089
244090
244091
244093
244111
244133
244144
244145
244146
244147
244151
244152
244153
244154
244155
244156
244157
244805
244816
244817
244818
244819
244820
244822
244823
244824
244825
244826
244827
244829
244847
245004
245006
245007
245025
245028
245029
245030
245035
245040
245041
245042
245044
245045
245046
245047
245048
245050
245051
245119
245120
245121
245122
245123
245124
245126
245127
245128
245129
245130
245131
245139
245145
245148
245149
245150
245151
245154
245155
245160
245161
245162
245164
245165
245166
245167
245205
245488
245490
245491
245495
245496
245497
245498
245499
245500
245501
245502
311302
311400
311402
311485
311604
311606
311673
311692
311693
311694
311711
311719
312048
312049
312059
312383
312468
312469
312516
312517
312528
312530
312535
312539
312559
312783
312800
312801
312804
312805
312806
312811
312821
312880
312882
312887
312890
312891
312956
312958
312963
312968
312969
312970
312988
312989
312990
312995
313000
313001
313005
314304
314306
314315
314323
314328
314329
314350
315644
315646
315647
315969
315972
315973
315974
315984
315985
315986
315988
315989
315990
315991
315995
316015
316176
316177
316180
316181
316182
316187
316224
316225
316226
316228
316230
316231
316234
316235
316243
316247
316248
316249
316250
316253
316268
316269
316270
316271
316351
317235
317239
317240
317241
317242
317244
317245
317246
317311
317312
317313
317314
317316
317317
317318
317319
317322
317323
317328
317330
317331
317335
317336
317337
317338
317339
317341
317356
317357
317358
317359
317393
317396
317397
317398
317635
317641
317644
317645
317646
317647
317660
317662
317663
317664
317665
317666
317667
317668
317670
317671
317672
317673
317674
317675
317939
317944
317945
317946
317948
317949
317950
317961
317964
317965
317966
317980
317982
317983
317984
317986
317987
317991
317992
317993
317994
317995
318031
318049
318052
318053
318054
318064
318065
318066
318068
318069
318070
318075
318095
318116
318117
318128
318129
318130
318132
318133
318134
318135
318139
323331
323335
323336
323337
323338
323353
323356
323357
323358
323369
323372
323373
323374
323406
323407
323423
323424
323425
323426
323428
323429
323430
323435
323506
323507
323511
323512
323513
323514
