16413
16428
16485
16500
16502
16788
16790
16837
16855
16856
16858
16879
17091
17096
17123
17129
17657
17660
17661
17989
18000
18002
18007
18008
18010
18031
18193
18196
18197
18198
18203
18243
18248
18249
18250
18270
18271
18275
18280
18281
18282
18366
18367
19212
19214
19232
19233
19234
19239
19243
19321
19325
19340
19342
19360
19361
19371
21452
21454
21455
21472
21473
21474
21476
21477
21478
21483
21492
21493
21494
22788
22789
22790
22800
22801
22802
22803
22804
22806
22807
22808
22810
22811
22831
22851
22856
22857
22860
22861
22862
22879
22880
22881
22882
22883
22886
22887
22888
22889
22890
22891
22963
22969
22972
22973
22974
23621
23632
23633
23634
23636
23637
23638
23639
23643
23810
23811
23815
23816
23817
23818
23820
23821
23822
23836
23838
23839
23840
23841
23842
23843
23847
23848
23849
23850
23851
23853
23920
23922
23923
23927
23928
23929
23930
23932
23933
23934
23948
23949
23950
23951
23968
23969
23970
23972
23973
23974
23975
23979
23985
23988
23989
23990
23995
24316
24317
24318
24319
27696
27698
27699
27703
27704
27705
27706
27709
27776
27777
27778
27780
27781
27782
27783
27787
27795
27800
27801
27802
27805
27820
27822
27823
27860
27861
28111
28132
28133
28145
28148
28149
28150
28155
28208
28210
28215
28216
28218
28219
28287
28288
28289
28290
28294
28295
28296
28298
28299
28307
28313
28316
28317
28318
28332
28333
28334
102201
102204
102206
102207
102292
102293
102294
102336
102337
102338
102340
102342
102343
102344
102346
102347
102364
102366
102367
102368
102370
102371
102376
102377
102378
102380
102381
102382
107796
107797
107798
107840
107842
107843
107848
107849
107850
107851
107852
107853
107854
107872
107873
107874
107876
107878
107879
107880
107882
107883
107885
107892
107893
107894
107964
107966
107967
110613
110656
110657
110658
110659
110660
110662
110663
110664
110665
110666
110667
110669
110684
110686
110687
110688
110689
110690
110691
110695
110696
110697
110698
110699
110700
110701
110702
110709
110783
110908
110910
110911
110996
110997
110998
111040
111041
111042
111043
111044
111046
111047
111048
111049
111050
111051
111053
111068
111070
111071
111072
111073
111074
111075
111079
111080
111081
111082
111083
111084
111085
111086
111093
111167
111253
111296
111297
111298
111299
111303
111304
111305
111306
111307
111308
111309
111310
111327
111328
111329
111330
111331
111332
111334
111335
111336
111337
111338
111339
111341
111348
111349
111350
112435
112440
112441
112442
112444
112445
112446
112447
112517
112528
112529
112530
112532
112533
112534
112535
112536
112538
112539
112559
112580
112581
112582
112592
112593
112594
112595
112599
112600
112601
112602
112603
112605
112620
112622
112623
112835
112841
112844
112845
112846
112847
112864
112865
112866
112868
112869
112870
112871
112874
112875
112881
112884
112885
112886
112887
112891
113173
113216
113217
113218
113220
113222
113223
113224
113226
113227
113241
113244
113245
113246
113247
113248
113250
113251
113256
113257
113258
113260
113261
113262
113428
113429
113430
113472
113473
113474
113475
113479
113480
113481
113482
113483
113484
113485
113486
113503
113504
113505
113506
113507
113508
113510
113511
113512
113513
113514
113515
113517
113524
113525
113526
113596
113598
113599
176320
176322
176323
176328
176329
176330
176332
176333
176334
176335
176352
176353
176354
176356
176358
176359
176360
176362
176363
176369
176372
176373
176374
176375
176379
176704
176705
176706
176708
176709
176710
176711
176712
176714
176715
176723
176729
176732
176733
176734
176735
176736
176738
176739
176744
176745
176746
176748
176749
176750
176751
176913
176916
176917
176918
176919
176923
176960
176962
176963
176968
176969
176970
176972
176973
176974
176975
176992
176993
176994
176996
176997
176998
176999
177000
177002
177003
177009
177012
177013
177014
177015
177019
177075
177081
177084
177085
177086
177087
178193
178196
178197
178198
178240
178241
178242
178243
178247
178248
178249
178250
178251
178252
178253
178268
178270
178271
178272
178273
178274
178275
178279
178280
178281
178282
178283
178284
178285
178293
178364
178366
178367
178489
178492
178494
178495
178577
178580
178581
178582
178583
178587
178624
178625
178626
178628
178629
178630
178631
178632
178634
178635
178643
178649
178652
178653
178654
178655
178656
178658
178659
178664
178665
178666
178668
178669
178670
178671
178880
178882
178883
178888
178889
178890
178892
178893
178894
178911
178912
178913
178914
178915
178916
178918
178919
178920
178922
178923
178932
178933
178934
179477
179520
179521
179522
179524
179525
179526
179527
179528
179530
179531
179539
179544
179545
179546
179548
179549
179550
179555
179561
179564
179565
179566
179567
245779
245838
245856
245858
246074
246143
246146
246151
246173
246188
246189
246479
246500
246502
246985
246989
247007
247011
247015
247016
247017
247018
247292
247293
247294
247299
247304
247305
247306
247309
247324
247326
247331
247336
247337
247338
247397
247408
247409
247412
247414
247419
247472
247473
247474
247476
247478
247483
248636
248637
248638
248709
248720
248722
248727
248751
248788
248789
250638
250639
250656
250657
250658
250660
250661
250662
250667
250676
250677
250738
250739
250743
250744
250745
250746
250749
250764
250765
250766
250767
250783
250784
250785
250786
250788
250789
250790
250791
250795
250805
251877
251888
251889
251890
251891
251892
251894
251895
251896
251897
251898
251899
251918
251919
251937
251940
251941
251942
251947
251952
251953
251954
251956
251957
251958
251959
251963
252019
252025
252028
252029
252030
252031
252035
252040
252041
252042
252044
252045
252046
252060
252061
252062
252063
252064
252066
252067
252071
252072
252073
252074
252075
252077
252352
252353
252354
252355
252356
252358
252359
252360
252361
252362
252363
252371
252376
252377
252378
252380
252381
252382
252393
252396
252397
252398
252479
252560
252561
252564
252565
252566
252571
252608
252609
252612
252613
252614
252619
252624
252625
252626
252627
252628
252630
252631
252632
252633
252634
252635
252655
257264
257266
257267
257271
257272
257273
257274
257553
257556
257557
257558
257563
257600
257602
257603
257607
257608
257610
257611
257619
257625
257628
257629
257630
257641
257644
257645
257646
257727
257860
257861
257872
257873
257874
257878
257879
257883
257903
