65537
65560
65612
65631
65639
65842
65847
65923
65928
65929
65930
65948
65950
65961
66277
66293
66755
66759
66760
66762
66780
66781
66782
66796
66797
67059
67064
67065
67066
67084
67086
67103
67104
67105
67106
67110
67111
67115
67186
67191
67192
67194
67215
67233
67236
67237
67238
67253
68415
68497
68500
68502
68507
68560
68561
68566
68571
70403
70408
70409
70410
70412
70413
70428
70429
70430
70431
70435
70439
70440
70441
70442
70445
70479
70497
70500
70501
70502
70512
70513
70516
70517
70518
70523
70576
70577
70578
70580
70582
70583
70586
70587
71619
71624
71625
71628
71629
71630
71631
71647
71648
71649
71650
71651
71652
71654
71655
71656
71657
71658
71659
71669
71731
71736
71737
71738
71740
71741
71742
71808
71809
71810
71812
71813
71814
71815
71819
71824
71825
71826
71827
71830
71831
71832
71833
71834
71835
71852
71854
71855
71889
71892
71893
71894
71899
72140
72141
72142
72159
72160
72161
72162
72163
72164
72166
72167
72168
72170
72171
72243
72247
72248
72249
72250
72252
72253
72254
72319
72320
72321
72322
72323
72324
72325
72326
72327
72328
72330
72331
72338
72339
72343
72344
72345
72346
72348
72349
72364
72365
72366
72367
72405
77052
77053
77054
77377
77380
77381
77382
77392
77393
77394
77398
77399
77400
77402
77403
77423
77585
77588
77589
77590
77632
77633
77634
77638
77639
77642
77643
77651
77656
77657
77658
77661
77676
77677
77678
77759
159973
159984
159986
159987
159992
159993
159994
159996
159997
159998
160336
160337
160338
160340
160342
160343
160344
160346
160347
160516
160517
160518
160528
160530
160531
160536
160537
160538
160540
160541
160542
160556
160558
160559
160624
160626
160627
160632
160633
160634
160636
160637
160638
160652
160654
160655
160676
160677
160678
160688
160689
160690
160692
160694
160695
160696
160698
160699
161860
161861
161862
161872
161873
161874
161875
161878
161879
161880
161881
161882
161883
161885
161902
161903
162060
162062
162063
162084
162085
162086
162096
162097
162098
162099
162100
162102
162103
162104
162106
162107
162109
162180
162181
162182
162192
162194
162195
162200
162201
162202
162204
162205
162206
162220
162222
162223
162256
162257
162258
162260
162262
162263
162264
162266
162267
162511
162533
162544
162545
162546
162547
162551
162552
162553
162554
162555
162556
162557
162558
163077
163088
163089
163090
163091
163092
163094
163095
163096
163098
163099
163119
163139
163145
163148
163149
163150
163151
163167
163168
163169
163170
163172
163173
163174
163175
163176
163178
163179
163185
163188
163189
163190
163250
163251
163256
163257
163258
163260
163261
163262
163263
216844
216846
216847
216868
216869
216870
216880
216881
216882
216883
216884
216886
216887
216888
216890
216891
216893
216964
216965
216966
216976
216977
216978
216979
216983
216984
216985
216986
216987
216988
216989
216990
217004
217006
217007
217029
217040
217041
217042
217043
217044
217046
217047
217048
217049
217050
217051
217053
217071
222468
222469
222480
222481
222482
222483
222487
222488
222489
222490
222491
222492
222493
222494
222510
222511
222543
222565
222576
222577
222578
222579
222583
222584
222585
222586
222587
222588
222589
222590
222604
222606
222607
222628
222629
222630
222640
222641
222642
222643
222644
222646
222647
222648
222649
222650
222651
222653
225349
225360
225361
225362
225363
225367
225368
225369
225370
225371
225373
225391
225551
225573
225584
225585
225586
225587
225591
225592
225593
225594
225595
225597
225669
225680
225681
225682
225683
225687
225688
225689
225690
225691
225693
225711
225733
225744
225745
225746
225747
225751
225752
225753
225754
225755
225757
225775
225999
226021
226032
226033
226034
226035
226039
226040
226041
226042
226043
226045
227081
227084
227085
227086
227087
227105
227108
227109
227110
227111
227115
227120
227121
227122
227124
227125
227126
227127
227131
227199
227200
227201
227202
227203
227204
227206
227207
227208
227210
227211
227219
227225
227228
227229
227230
227231
227234
227235
227240
227241
227242
227244
227245
227246
227284
227285
227286
227568
227570
227571
227576
227577
227578
227580
227581
227582
227909
227920
227921
227922
227923
227924
227926
227927
227928
227930
227931
227951
228100
228101
228102
228112
228113
228114
228115
228119
228120
228121
228122
228123
228124
228125
228126
228140
228142
228143
228175
228197
228208
228209
228210
228211
228215
228216
228217
228218
228219
228221
228238
228239
228260
228261
228272
228273
228274
228275
228276
228278
228279
228280
228281
228282
228283
228285
295025
295090
295095
295231
295317
295364
295366
295379
295385
295626
295646
296190
296529
296532
296534
296539
296709
296720
296722
296727
296728
296730
296751
296780
296781
296782
296800
296801
296802
296806
296807
296811
296883
296889
296892
296893
297731
297737
297741
297759
297763
297768
297770
297843
297848
297850
297871
297892
297893
297894
297908
297909
300016
300017
300018
300019
300023
300024
300025
300026
300027
301333
301376
301377
301378
301380
301382
301383
301386
301387
301395
301400
301401
301402
301404
301405
301406
301420
301421
301422
301423
301503
302101
302144
302145
302146
302148
302150
302151
302152
302154
302155
302163
302168
302169
302170
302172
302173
302174
302179
302185
302188
302189
302190
302191
302271
302351
302372
302373
302374
302384
302385
302386
302388
302389
302390
302391
302392
302394
302395
302463
302464
302465
302466
302467
302468
302470
302471
302472
302473
302474
302475
302483
302489
302492
302493
302494
302495
302499
302504
302505
302506
302508
302509
302510
302549
302799
302821
302832
302833
302834
302835
302836
302838
302839
302840
302841
302842
302843
306191
306209
306212
306213
306214
306225
306228
306229
306230
306235
306300
306302
306303
306307
306312
306313
306314
306317
306332
306334
306335
306336
306338
306339
306343
306344
306345
306346
306349
306636
306637
306638
306656
306657
306658
306662
306663
306667
306739
306745
306748
306749
306750
306820
306821
306832
306833
306834
306839
306840
306842
306843
306863
306896
306897
306900
306901
306902
306907
