65571
65577
65676
65678
66033
66039
66043
66104
66106
66181
66200
66202
66257
66267
67391
67476
67477
67478
67521
67524
67526
67531
67539
67545
67548
67549
67550
67564
67566
67779
67785
67789
67808
67810
67815
67816
67818
68116
68117
68118
68163
68169
68173
68192
68194
68199
68202
68203
68287
68420
68422
68445
68460
68462
72944
72946
72947
72952
72953
72954
72956
72957
72958
73285
73296
73297
73298
73299
73300
73302
73303
73304
73306
73307
73327
73477
73488
73489
73490
73491
73495
73496
73497
73498
73499
73501
73519
73548
73550
73551
73572
73573
73574
73584
73585
73586
73588
73589
73590
73591
73592
73594
73595
73648
73650
73651
73655
73656
73657
73658
73660
73661
73662
74508
74510
74511
74529
74532
74533
74534
74535
74539
74545
74548
74549
74550
74551
74555
74624
74625
74626
74628
74630
74631
74632
74634
74635
74652
74653
74654
74655
74659
74664
74665
74666
74668
74669
74670
74709
75856
75857
75858
75860
75862
75863
75867
76044
76045
76046
76065
76068
76070
76071
76075
76084
76085
76086
76159
76160
76161
76162
76163
76167
76168
76169
76170
76171
76188
76190
76191
76192
76194
76195
76200
76201
76202
76205
76531
76537
76540
76541
76542
77061
77072
77074
77075
77080
77081
77082
77103
77135
77157
77168
77169
77174
77175
77179
77232
77234
77235
77240
77241
77242
148275
148281
148284
148285
148286
148287
148369
148372
148373
148374
148375
148379
148416
148417
148418
148420
148421
148422
148423
148424
148426
148427
148435
148441
148444
148445
148446
148447
148448
148450
148451
148456
148457
148458
148460
148461
148462
148463
149777
149780
149781
149782
149783
149787
149824
149826
149827
149832
149833
149834
149836
149837
149838
149839
149856
149857
149858
149860
149861
149862
149863
149864
149866
149867
149873
149876
149877
149878
149879
149883
149939
149945
149948
149949
149950
149951
150592
150593
150594
150596
150597
150598
150599
150600
150602
150603
150611
150617
150620
150622
150623
150624
150626
150627
150632
150633
150634
150636
150637
150638
150639
150844
150846
150847
150932
150933
150934
150976
150977
150978
150980
150982
150983
150984
150986
150987
151004
151006
151007
151008
151010
151011
151016
151017
151018
151020
151021
151022
151232
151234
151235
151240
151241
151242
151244
151245
151246
151264
151265
151266
151268
151270
151271
151272
151274
151275
151284
151285
151286
151287
155924
155925
155926
155968
155970
155971
155976
155977
155978
155980
155981
155982
156000
156001
156002
156004
156006
156007
156008
156010
156011
156020
156021
156022
156092
156094
156095
156735
156821
156864
156865
156866
156867
156871
156872
156873
156874
156875
156876
156877
156878
156896
156897
156898
156899
156900
156902
156903
156904
156905
156906
156907
156909
156916
156917
156918
157248
157249
157250
157252
157254
157255
157256
157258
157259
157261
157276
157278
157279
157280
157282
157283
157288
157289
157290
157291
157292
157293
157294
157301
157460
157461
157462
157504
157506
157507
157512
157513
157514
157516
157517
157518
157536
157537
157538
157540
157542
157543
157544
157546
157547
157556
157557
157558
157628
157630
157631
158524
158526
158527
158612
158613
158614
158656
158657
158658
158659
158660
158662
158663
158664
158665
158666
158667
158669
158684
158686
158687
158688
158690
158691
158696
158697
158698
158699
158700
158701
158702
158709
160832
160833
160834
160836
160838
160839
160840
160842
160843
160860
160862
160863
160864
160866
160867
160872
160873
160874
160876
160877
160878
161075
161081
161084
161085
161086
161087
161169
161172
161173
161174
161175
161179
161217
161220
161221
161222
161223
161227
161235
161240
161241
161242
161244
161245
161246
161247
161251
161257
161260
161261
161262
161263
161474
161475
161480
161481
161482
161484
161485
161486
161487
161504
161505
161506
161508
161509
161510
161511
161512
161514
161515
161521
161524
161525
161526
161527
161531
228544
228546
228547
228552
228553
228554
228556
228557
228558
228559
228576
228577
228578
228580
228581
228582
228583
228584
228586
228587
228593
228596
228597
228598
228599
228603
228885
228928
228929
228930
228931
228932
228934
228935
228936
228938
228939
228953
228956
228957
228958
228959
228960
228962
228963
228968
228969
228970
228972
228973
228974
229055
229140
229141
229142
229184
229185
229186
229187
229190
229191
229192
229193
229194
229195
229197
229203
229209
229212
229213
229214
229215
229218
229219
229223
229224
229225
229226
229228
229229
229230
229310
229311
294917
294939
294995
295000
295022
295196
295197
295209
295263
295266
295347
295351
295354
295677
295972
295973
295989
296048
296050
296054
296059
296079
296096
296097
296100
296101
296102
296107
296243
296247
296248
296249
296250
296316
296317
296318
296323
296327
296328
296329
296330
296348
296349
296361
296364
296365
296652
296653
296654
296670
296671
296675
296679
296680
296682
297968
297969
297970
297972
297974
297979
299071
299136
299137
299138
299140
299141
299142
299147
299152
299153
299154
299156
299157
299158
299163
299183
299217
299220
299221
299456
299457
299458
299459
299460
299462
299463
299464
299465
299466
299467
299474
299475
299479
299480
299481
299482
299500
299501
299502
299503
299582
299583
299647
299648
299649
299650
299652
299653
299654
299659
299664
299665
299666
299668
299669
299670
299671
299675
299695
299732
299733
300236
300237
300238
300252
300253
300254
300255
300256
300258
300259
300262
300263
300264
300265
300266
300267
300516
300517
300528
300529
300530
300531
300532
300533
300534
300535
300536
300537
300538
300539
300558
300559
300575
300576
300577
300578
300580
300581
300582
300587
300592
300593
300594
300596
300597
300598
300603
300656
300657
300658
300659
300660
300661
300662
300663
300664
300665
300666
300667
300686
300687
300703
300704
300705
300706
300708
300709
300710
300711
300714
300715
300721
300724
300725
301875
301879
301880
301881
301882
301884
301885
301945
301948
301949
301950
301955
301959
301960
301961
301962
301964
301965
301971
301976
301977
301978
301980
301981
301982
301987
301992
301993
301994
301996
301997
301998
307136
307137
307138
307139
307142
307143
307146
307147
307155
307159
307160
307161
307162
307180
307182
307183
