65680
65753
66112
66114
66125
66151
66164
66371
66377
66404
66406
66423
67840
67842
67848
67850
67853
67879
67883
67892
67894
67987
67993
67998
68048
68050
68061
68693
68867
68873
68876
68878
68900
68902
68913
68919
68923
69008
69010
69016
69018
69021
69061
69075
69081
69084
69086
69087
69100
69103
69375
74753
74756
74758
74759
74760
74762
74763
74784
74785
74786
74792
74793
74794
74795
74797
74805
74884
74885
74886
74908
74910
74911
74915
74921
74924
74926
74927
74961
74967
74968
74970
74971
75285
75331
75340
75342
75343
75365
75366
75377
75378
75383
75384
75386
75387
75389
75452
75454
75455
75584
75585
75586
75592
75594
75595
75597
75617
75623
75624
75626
75627
75636
75637
75638
78164
78165
78166
78167
78860
78863
78885
78896
78897
78898
78899
78904
78905
78906
78908
78909
78910
78993
78996
78998
78999
79000
79003
79041
79044
79046
79047
79051
79071
79072
79074
79075
79080
79081
79082
79084
79085
79086
79093
79425
79428
79430
79431
79435
79455
79456
79458
79459
79464
79465
79466
79468
79469
79470
79477
79633
79636
79637
79638
79639
79643
79692
79694
79695
79717
79728
79729
79730
79731
79736
79737
79738
79739
79740
79741
79742
79759
79781
79792
79794
79795
79800
79801
79802
79804
79805
79806
80847
80880
80882
80883
80889
80892
80893
80894
80895
148564
148565
148566
148736
148737
148738
148739
148743
148744
148745
148746
148747
148748
148749
148750
148767
148768
148769
148770
148771
148772
148774
148775
148776
148777
148778
148779
148781
148788
148789
148790
148863
148864
148865
148866
148867
148871
148872
148873
148874
148875
148877
148892
148895
148896
148897
148898
148899
148903
148904
148905
148906
148907
148909
148910
148917
148949
149244
149246
149247
151804
151806
151807
152148
152149
152150
152320
152321
152322
152323
152324
152326
152327
152328
152329
152330
152331
152333
152348
152350
152351
152352
152353
152354
152355
152359
152360
152361
152362
152363
152364
152365
152366
152373
152444
152446
152447
152448
152449
152450
152451
152455
152456
152457
152458
152459
152460
152461
152462
152479
152480
152481
152482
152483
152484
152486
152487
152488
152489
152490
152491
152493
152500
152501
152502
152533
153685
153856
153857
153858
153859
153860
153862
153863
153864
153865
153866
153867
153869
153887
153888
153889
153890
153891
153895
153896
153897
153898
153899
153901
153902
153909
153983
153984
153985
153986
153987
153988
153991
153992
153993
153994
153995
153997
154015
154016
154017
154018
154019
154023
154024
154025
154026
154027
154029
154030
154037
154068
154069
154070
154367
154708
154709
154710
154880
154881
154882
154883
154888
154889
154890
154892
154893
154894
154912
154913
154914
154916
154918
154919
154920
154922
154923
154932
154933
154934
154935
154939
155012
155013
155014
155015
155019
155027
155033
155036
155037
155038
155039
155040
155043
155049
155052
155053
155054
155055
155088
155089
155090
155092
155094
155095
155096
155098
155099
155388
155390
155391
158975
159317
159488
159489
159490
159491
159495
159496
159497
159498
159499
159501
159502
159519
159520
159521
159522
159523
159524
159527
159528
159529
159530
159531
159533
159541
159615
159616
159617
159618
159619
159623
159624
159625
159626
159627
159629
159647
159648
159649
159650
159651
159655
159656
159657
159658
159659
159661
159669
159701
233557
233728
233729
233730
233731
233732
233734
233735
233736
233737
233738
233739
233741
233756
233758
233759
233760
233761
233762
233763
233767
233768
233769
233770
233771
233772
233773
233774
233781
233852
233854
233855
233856
233857
233858
233859
233863
233864
233865
233866
233867
233868
233869
233870
233887
233888
233889
233890
233891
233892
233894
233895
233896
233897
233898
233899
233901
233908
233909
233910
233941
234239
234751
235093
235264
235265
235266
235267
235271
235272
235273
235274
235275
235276
235277
235278
235296
235297
235298
235300
235302
235303
235304
235306
235307
235309
235316
235317
235318
235319
235323
235396
235397
235398
235399
235408
235411
235417
235420
235421
235422
235423
235424
235427
235433
235436
235437
235438
235439
235472
235473
235474
235476
235478
235479
235480
235481
235482
235483
235485
235772
235775
236117
236288
236289
236290
236291
236295
236296
236297
236298
236299
236301
236302
236319
236320
236321
236322
236323
236324
236326
236327
236328
236329
236330
236331
236333
236340
236341
236342
236415
236416
236417
236418
236419
236420
236422
236423
236424
236425
236426
236427
236429
236444
236446
236447
236448
236449
236450
236451
236455
236456
236457
236458
236459
236460
236461
236462
236469
236500
236501
236502
311354
311495
311900
311902
312080
312083
312089
312225
312232
312234
312276
312278
312279
313667
313676
313678
313679
313701
313714
313722
313725
313791
314432
314434
314435
314441
314446
314470
314481
314488
314490
314491
314885
314899
314908
314910
314911
314924
314927
315012
315014
315015
315040
315042
315049
315050
315053
315061
315089
315095
315099
315216
315218
315219
315225
315228
315229
315230
320597
320768
320770
320771
320777
320780
320782
320783
320805
320816
320817
320818
320824
320825
320826
320829
320916
320918
320919
320961
320964
320967
320968
320971
320993
321000
321002
321003
321005
321012
321014
321276
321279
323840
323842
323843
323849
323852
323853
323854
323855
323876
323877
323878
323889
323890
323896
323898
323899
323901
323985
323988
323990
323991
323992
323995
324033
324036
324038
324039
324040
324043
324064
324065
324066
324072
324073
324074
324075
324077
324084
324085
324086
325653
325696
325698
325699
325704
325705
325706
325708
325709
325710
325711
325732
325733
325734
325735
325744
325745
325746
325751
325752
325754
325755
325757
325820
325823
326149
326160
326162
326163
326169
326172
326174
326175
326179
326188
326190
326191
326276
326278
326279
326283
326304
326305
326306
326307
326312
326313
326314
326315
326317
326318
326325
326326
326353
326356
326358
326359
326360
326362
326363
326365
326469
326480
326482
326483
326489
326492
326493
326494
326495
326511
326933
326976
326978
326979
326985
326986
326988
326989
326990
326991
327012
327013
327014
327015
327024
327025
327026
327028
327030
327031
327032
327033
327034
327035
327037
327091
327100
327102
327103
