16443
16529
16622
16964
16966
16992
16994
17279
17292
17294
17317
17336
17338
18706
18712
18714
18717
18816
18818
18829
18852
18854
18855
18868
18871
18901
19525
19548
19550
19551
19564
19566
19567
19955
19964
19966
19967
19980
19982
19983
20005
20016
20018
20024
20025
20026
20029
20116
20118
20119
20164
20166
20167
20192
20194
20200
20202
20205
20213
25665
25668
25670
25671
25675
25696
25697
25698
25704
25705
25706
25707
25709
25717
26112
26113
26114
26120
26122
26125
26145
26148
26150
26151
26155
26164
26166
26167
26256
26258
26259
26264
26265
26266
26269
26309
26323
26329
26332
26334
26335
26339
26348
26350
26351
26453
28948
28950
28951
28955
29043
29049
29052
29054
29055
29056
29059
29065
29068
29070
29071
29093
29104
29105
29106
29107
29112
29113
29114
29115
29117
30671
30693
30704
30706
30707
30712
30713
30714
30716
30717
30718
30719
30723
30732
30734
30735
30757
30768
30769
30770
30771
30776
30777
30778
30779
30780
30781
30782
30865
30868
30870
30871
30872
30875
30913
30916
30918
30919
30920
30923
30944
30945
30946
30947
30952
30953
30954
30955
30956
30957
30958
30965
30966
31300
31301
31302
31315
31321
31324
31326
31327
31328
31330
31331
31337
31340
31342
31343
31504
31505
31506
31507
31512
31513
31514
31515
31517
31616
31617
31618
31619
31624
31625
31626
31627
31629
31630
31649
31652
31654
31655
31659
31665
31668
31670
31671
31672
31675
31701
102401
102402
102404
102405
102406
102407
102411
102419
102425
102428
102429
102430
102431
102435
102441
102444
102445
102446
102447
102515
102521
102522
102524
102525
102526
102527
102531
102537
102540
102541
102542
102543
102561
102564
102565
102566
102567
102571
102577
102580
102581
102582
102583
102587
102896
102898
102899
102904
102905
102906
102908
102909
102910
102911
102915
102921
102924
102925
102926
102927
102945
102948
102949
102950
102951
102955
102960
102961
102962
102964
102965
102966
102967
102968
102970
102971
103041
103044
103045
103046
103047
103051
103056
103058
103059
103064
103065
103066
103068
103069
103070
103071
103075
103081
103084
103085
103086
103087
103121
103122
103124
103125
103126
103127
103128
103131
104449
104450
104452
104454
104455
104456
104458
104459
104476
104479
104480
104481
104482
104483
104487
104488
104489
104490
104491
104492
104493
104494
104501
104576
104577
104578
104580
104582
104583
104584
104586
104587
104604
104607
104608
104609
104610
104611
104615
104616
104617
104618
104619
104620
104621
104622
104629
104660
104661
104662
104663
104667
104961
104964
104965
104966
104967
104971
104976
104979
104985
104988
104989
104990
104991
104995
105001
105004
105005
105006
105007
105075
105081
105084
105085
105086
105087
105088
105090
105091
105096
105097
105098
105100
105101
105102
105103
105121
105124
105125
105126
105127
105128
105131
105137
105140
105141
105142
105143
105147
105297
105298
105300
105301
105302
105303
105304
105306
105307
105809
105812
105813
105814
105815
105819
181585
181588
181589
181590
181591
181595
184320
184323
184328
184329
184330
184332
184333
184334
184335
184352
184353
184354
184356
184357
184358
184359
184360
184362
184363
184369
184372
184373
184374
184375
184379
184448
184449
184450
184452
184453
184454
184455
184456
184458
184459
184467
184473
184476
184477
184478
184479
184480
184482
184483
184488
184489
184490
184492
184493
184494
184495
184529
184532
184533
184534
184535
184539
184832
184833
184834
184836
184837
184838
184839
184840
184842
184843
184851
184857
184860
184861
184862
184863
184864
184866
184867
184872
184873
184874
184876
184877
184878
184879
184947
184953
184956
184957
184958
184959
184960
184962
184963
184968
184969
184970
184972
184973
184974
184975
184992
184993
184994
184996
184997
184998
184999
185000
185002
185003
185009
185012
185013
185014
185015
185019
185169
185172
185173
185174
185175
185179
186373
186384
186385
186386
186387
186391
186392
186393
186394
186395
186397
186398
186415
186480
186482
186483
186488
186489
186490
186492
186493
186494
186495
186499
186505
186508
186509
186510
186511
186532
186533
186534
186544
186545
186546
186548
186550
186551
186552
186554
186555
186557
186867
186873
186876
186877
186878
186879
186880
186882
186883
186888
186889
186890
186892
186893
186894
186895
186912
186913
186914
186916
186917
186918
186919
186920
186922
186923
186929
186932
186933
186934
186935
186939
187009
187012
187013
187014
187015
187019
187027
187033
187036
187037
187038
187039
187040
187042
187043
187049
187050
187052
187053
187054
187055
187089
187092
187093
187094
187095
187096
187099
187717
187718
187728
187730
187731
187736
187737
187738
187740
187741
187742
187743
187756
187758
187759
192499
192505
192508
192509
192510
192511
262153
262296
262367
262380
262727
262765
262932
262935
263027
263036
263038
263055
263088
263090
263101
264464
264467
264473
264478
264577
264584
264586
264587
264609
264619
264630
265296
265298
265299
265305
265309
265676
265679
265701
265712
265714
265720
265721
265722
265725
265779
265788
265790
265791
265877
265921
265928
265930
265931
265933
265953
265959
265963
265972
265974
271424
271426
271427
271432
271433
271434
271437
271438
271460
271462
271463
271473
271476
271478
271479
271480
271483
271876
271878
271879
271883
271904
271906
271912
271913
271914
271917
271925
272005
272028
272030
272031
272035
272041
272044
272046
272047
272080
272081
272082
272088
272090
272091
272093
272212
272214
272215
274709
274752
274754
274755
274761
274764
274766
274767
274788
274789
274790
274800
274801
274802
274808
274810
274811
274813
274876
274878
274879
276284
276286
276287
276373
276416
276417
276418
276419
276424
276425
276426
276427
276428
276429
276430
276449
276452
276454
276455
276456
276458
276459
276465
276468
276469
276470
276471
276475
276543
276629
276672
276674
276675
276681
276682
276684
276685
276686
276687
276708
276709
276710
276711
276721
276722
276724
276727
276728
276730
276731
276733
277072
277073
277074
277079
277080
277082
277083
277085
277252
277253
277254
277255
277276
277278
277279
277280
277282
277283
277289
277292
277293
277294
277295
277380
277381
277382
277383
277407
277408
277410
277411
277416
277417
277418
277420
277421
277422
277429
277457
277460
277462
277463
277464
277466
277467
