65594
65735
66140
66142
66320
66323
66329
66465
66472
66474
66516
66518
66519
67907
67916
67918
67919
67941
67954
67962
67965
68031
68672
68674
68675
68681
68686
68710
68721
68728
68730
68731
69125
69139
69148
69150
69151
69164
69167
69252
69254
69255
69280
69282
69289
69290
69293
69301
69329
69335
69339
69456
69458
69459
69465
69468
69469
69470
74837
75008
75010
75011
75017
75020
75022
75023
75045
75056
75057
75058
75064
75065
75066
75069
75156
75158
75159
75201
75204
75207
75208
75211
75233
75240
75242
75243
75245
75252
75254
75516
75519
78080
78082
78083
78089
78092
78093
78094
78095
78116
78117
78118
78129
78130
78136
78138
78139
78141
78225
78228
78230
78231
78232
78235
78273
78276
78278
78279
78280
78283
78304
78305
78306
78312
78313
78314
78315
78317
78324
78325
78326
79893
79936
79938
79939
79944
79945
79946
79948
79949
79950
79951
79972
79973
79974
79975
79984
79985
79986
79991
79992
79994
79995
79997
80060
80063
80389
80400
80402
80403
80409
80412
80414
80415
80419
80428
80430
80431
80516
80518
80519
80523
80544
80545
80546
80547
80552
80553
80554
80555
80557
80558
80565
80566
80593
80596
80598
80599
80600
80602
80603
80605
80709
80720
80722
80723
80729
80732
80733
80734
80735
80751
81173
81216
81218
81219
81225
81226
81228
81229
81230
81231
81252
81253
81254
81255
81264
81265
81266
81268
81270
81271
81272
81273
81274
81275
81277
81331
81340
81342
81343
151637
151808
151809
151810
151811
151812
151814
151815
151816
151817
151818
151819
151821
151836
151838
151839
151840
151841
151842
151843
151847
151848
151849
151850
151851
151852
151853
151854
151861
151932
151934
151935
151936
151937
151938
151939
151943
151944
151945
151946
151947
151948
151949
151950
151967
151968
151969
151970
151971
151972
151974
151975
151976
151977
151978
151979
151981
151988
151989
151990
152021
152319
152831
153173
153344
153345
153346
153347
153351
153352
153353
153354
153355
153356
153357
153358
153376
153377
153378
153380
153382
153383
153384
153386
153387
153389
153396
153397
153398
153399
153403
153476
153477
153478
153479
153488
153491
153497
153500
153501
153502
153503
153504
153507
153513
153516
153517
153518
153519
153552
153553
153554
153556
153558
153559
153560
153561
153562
153563
153565
153852
153855
154197
154368
154369
154370
154371
154375
154376
154377
154378
154379
154381
154382
154399
154400
154401
154402
154403
154404
154406
154407
154408
154409
154410
154411
154413
154420
154421
154422
154495
154496
154497
154498
154499
154500
154502
154503
154504
154505
154506
154507
154509
154524
154526
154527
154528
154529
154530
154531
154535
154536
154537
154538
154539
154540
154541
154542
154549
154580
154581
154582
230484
230485
230486
230656
230657
230658
230659
230663
230664
230665
230666
230667
230668
230669
230670
230687
230688
230689
230690
230691
230692
230694
230695
230696
230697
230698
230699
230701
230708
230709
230710
230783
230784
230785
230786
230787
230791
230792
230793
230794
230795
230797
230812
230815
230816
230817
230818
230819
230823
230824
230825
230826
230827
230829
230830
230837
230869
231164
231166
231167
233724
233726
233727
234068
234069
234070
234240
234241
234242
234243
234244
234246
234247
234248
234249
234250
234251
234253
234268
234270
234271
234272
234273
234274
234275
234279
234280
234281
234282
234283
234284
234285
234286
234293
234364
234366
234367
234368
234369
234370
234371
234375
234376
234377
234378
234379
234380
234381
234382
234399
234400
234401
234402
234403
234404
234406
234407
234408
234409
234410
234411
234413
234420
234421
234422
234453
235605
235776
235777
235778
235779
235780
235782
235783
235784
235785
235786
235787
235789
235807
235808
235809
235810
235811
235815
235816
235817
235818
235819
235821
235822
235829
235903
235904
235905
235906
235907
235908
235911
235912
235913
235914
235915
235917
235935
235936
235937
235938
235939
235943
235944
235945
235946
235947
235949
235950
235957
235988
235989
235990
236287
236628
236629
236630
236800
236801
236802
236803
236808
236809
236810
236812
236813
236814
236832
236833
236834
236836
236838
236839
236840
236842
236843
236852
236853
236854
236855
236859
236932
236933
236934
236935
236939
236947
236953
236956
236957
236958
236959
236960
236963
236969
236972
236973
236974
236975
237008
237009
237010
237012
237014
237015
237016
237018
237019
237308
237310
237311
240895
241237
241408
241409
241410
241411
241415
241416
241417
241418
241419
241421
241422
241439
241440
241441
241442
241443
241444
241447
241448
241449
241450
241451
241453
241461
241535
241536
241537
241538
241539
241543
241544
241545
241546
241547
241549
241567
241568
241569
241570
241571
241575
241576
241577
241578
241579
241581
241589
241621
311440
311513
311872
311874
311885
311911
311924
312131
312137
312164
312166
312183
313600
313602
313608
313610
313613
313639
313643
313652
313654
313747
313753
313758
313808
313810
313821
314453
314627
314633
314636
314638
314660
314662
314673
314679
314683
314768
314770
314776
314778
314781
314821
314835
314841
314844
314846
314847
314860
314863
315135
320513
320516
320518
320519
320520
320522
320523
320544
320545
320546
320552
320553
320554
320555
320557
320565
320644
320645
320646
320668
320670
320671
320675
320681
320684
320686
320687
320721
320727
320728
320730
320731
321045
321091
321100
321102
321103
321125
321126
321137
321138
321143
321144
321146
321147
321149
321212
321214
321215
321344
321345
321346
321352
321354
321355
321357
321377
321383
321384
321386
321387
321396
321397
321398
323924
323925
323926
323927
324620
324623
324645
324656
324657
324658
324659
324664
324665
324666
324668
324669
324670
324753
324756
324758
324759
324760
324763
324801
324804
324806
324807
324811
324831
324832
324834
324835
324840
324841
324842
324844
324845
324846
324853
325185
325188
325190
325191
325195
325215
325216
325218
325219
325224
325225
325226
325228
325229
325230
325237
325393
325396
325397
325398
325399
325403
325452
325454
325455
325477
325488
325489
325490
325491
325496
325497
325498
325499
325500
325501
325502
325519
325541
325552
325554
325555
325560
325561
325562
325564
325565
325566
326607
326640
326642
326643
326649
326652
326653
326654
326655
