35
41
140
142
497
503
507
568
570
645
664
666
721
731
1855
1940
1941
1942
1985
1988
1990
1995
2003
2009
2012
2013
2014
2028
2030
2243
2249
2253
2272
2274
2279
2280
2282
2580
2581
2582
2627
2633
2637
2656
2658
2663
2666
2667
2751
2884
2886
2909
2924
2926
7408
7410
7411
7416
7417
7418
7420
7421
7422
7749
7760
7761
7762
7763
7764
7766
7767
7768
7770
7771
7791
7941
7952
7953
7954
7955
7959
7960
7961
7962
7963
7965
7983
8012
8014
8015
8036
8037
8038
8048
8049
8050
8052
8053
8054
8055
8056
8058
8059
8112
8114
8115
8119
8120
8121
8122
8124
8125
8126
8972
8974
8975
8993
8996
8997
8998
8999
9003
9009
9012
9013
9014
9015
9019
9088
9089
9090
9092
9094
9095
9096
9098
9099
9116
9117
9118
9119
9123
9128
9129
9130
9132
9133
9134
9173
10320
10321
10322
10324
10326
10327
10331
10508
10509
10510
10529
10532
10534
10535
10539
10548
10549
10550
10623
10624
10625
10626
10627
10631
10632
10633
10634
10635
10652
10654
10655
10656
10658
10659
10664
10665
10666
10669
10995
11001
11004
11005
11006
11525
11536
11538
11539
11544
11545
11546
11567
11599
11621
11632
11633
11638
11639
11643
11696
11698
11699
11704
11705
11706
82739
82745
82748
82749
82750
82751
82833
82836
82837
82838
82839
82843
82880
82881
82882
82884
82885
82886
82887
82888
82890
82891
82899
82905
82908
82909
82910
82911
82912
82914
82915
82920
82921
82922
82924
82925
82926
82927
84241
84244
84245
84246
84247
84251
84288
84290
84291
84296
84297
84298
84300
84301
84302
84303
84320
84321
84322
84324
84325
84326
84327
84328
84330
84331
84337
84340
84341
84342
84343
84347
84403
84409
84412
84413
84414
84415
85056
85057
85058
85060
85061
85062
85063
85064
85066
85067
85075
85081
85084
85086
85087
85088
85090
85091
85096
85097
85098
85100
85101
85102
85103
85308
85310
85311
85396
85397
85398
85440
85441
85442
85444
85446
85447
85448
85450
85451
85468
85470
85471
85472
85474
85475
85480
85481
85482
85484
85485
85486
85696
85698
85699
85704
85705
85706
85708
85709
85710
85728
85729
85730
85732
85734
85735
85736
85738
85739
85748
85749
85750
85751
90388
90389
90390
90432
90434
90435
90440
90441
90442
90444
90445
90446
90464
90465
90466
90468
90470
90471
90472
90474
90475
90484
90485
90486
90556
90558
90559
91199
91285
91328
91329
91330
91331
91335
91336
91337
91338
91339
91340
91341
91342
91360
91361
91362
91363
91364
91366
91367
91368
91369
91370
91371
91373
91380
91381
91382
91712
91713
91714
91716
91718
91719
91720
91722
91723
91725
91740
91742
91743
91744
91746
91747
91752
91753
91754
91755
91756
91757
91758
91765
91924
91925
91926
91968
91970
91971
91976
91977
91978
91980
91981
91982
92000
92001
92002
92004
92006
92007
92008
92010
92011
92020
92021
92022
92092
92094
92095
92988
92990
92991
93076
93077
93078
93120
93121
93122
93123
93124
93126
93127
93128
93129
93130
93131
93133
93148
93150
93151
93152
93154
93155
93160
93161
93162
93163
93164
93165
93166
93173
95296
95297
95298
95300
95302
95303
95304
95306
95307
95324
95326
95327
95328
95330
95331
95336
95337
95338
95340
95341
95342
95539
95545
95548
95549
95550
95551
95633
95636
95637
95638
95639
95643
95681
95684
95685
95686
95687
95691
95699
95704
95705
95706
95708
95709
95710
95711
95715
95721
95724
95725
95726
95727
95938
95939
95944
95945
95946
95948
95949
95950
95951
95968
95969
95970
95972
95973
95974
95975
95976
95978
95979
95985
95988
95989
95990
95991
95995
244928
244930
244931
244936
244937
244938
244940
244941
244942
244943
244960
244961
244962
244964
244965
244966
244967
244968
244970
244971
244977
244980
244981
244982
244983
244987
245269
245312
245313
245314
245315
245316
245318
245319
245320
245322
245323
245337
245340
245341
245342
245343
245344
245346
245347
245352
245353
245354
245356
245357
245358
245439
245524
245525
245526
245568
245569
245570
245571
245574
245575
245576
245577
245578
245579
245581
245587
245593
245596
245597
245598
245599
245602
245603
245607
245608
245609
245610
245612
245613
245614
245694
245695
311301
311323
311379
311384
311406
311580
311581
311593
311647
311650
311731
311735
311738
312061
312356
312357
312373
312432
312434
312438
312443
312463
312480
312481
312484
312485
312486
312491
312627
312631
312632
312633
312634
312700
312701
312702
312707
312711
312712
312713
312714
312732
312733
312745
312748
312749
313036
313037
313038
313054
313055
313059
313063
313064
313066
314352
314353
314354
314356
314358
314363
315455
315520
315521
315522
315524
315525
315526
315531
315536
315537
315538
315540
315541
315542
315547
315567
315601
315604
315605
315840
315841
315842
315843
315844
315846
315847
315848
315849
315850
315851
315858
315859
315863
315864
315865
315866
315884
315885
315886
315887
315966
315967
316031
316032
316033
316034
316036
316037
316038
316043
316048
316049
316050
316052
316053
316054
316055
316059
316079
316116
316117
316620
316621
316622
316636
316637
316638
316639
316640
316642
316643
316646
316647
316648
316649
316650
316651
316900
316901
316912
316913
316914
316915
316916
316917
316918
316919
316920
316921
316922
316923
316942
316943
316959
316960
316961
316962
316964
316965
316966
316971
316976
316977
316978
316980
316981
316982
316987
317040
317041
317042
317043
317044
317045
317046
317047
317048
317049
317050
317051
317070
317071
317087
317088
317089
317090
317092
317093
317094
317095
317098
317099
317105
317108
317109
318259
318263
318264
318265
318266
318268
318269
318329
318332
318333
318334
318339
318343
318344
318345
318346
318348
318349
318355
318360
318361
318362
318364
318365
318366
318371
318376
318377
318378
318380
318381
318382
323520
323521
323522
323523
323526
323527
323530
323531
323539
323543
323544
323545
323546
323564
323566
323567
