16511
16515
16521
16892
16894
16908
16910
16932
16934
17025
17031
17035
17109
18416
18418
18424
18426
18480
18481
18482
18487
18488
18490
18491
18565
18576
18578
18579
18584
18585
18586
18589
18607
18641
18647
18651
18948
18950
18972
18973
18974
18988
18990
19059
19065
19069
19087
19109
19121
19127
19131
19284
19286
24383
24469
24512
24513
24514
24515
24519
24520
24521
24522
24523
24525
24543
24544
24545
24546
24547
24551
24552
24553
24554
24555
24557
24565
24639
24725
24768
24769
24770
24771
24775
24776
24777
24778
24779
24781
24796
24798
24799
24800
24802
24803
24807
24808
24809
24810
24813
25108
25109
25110
25152
25154
25155
25160
25161
25162
25164
25165
25166
25184
25185
25186
25188
25190
25191
25192
25194
25195
25204
25205
25206
25276
25278
25279
25408
25409
25410
25412
25414
25415
25419
25436
25438
25439
25443
25449
25452
25453
25454
26640
26641
26642
26647
26648
26650
26651
26703
26725
26736
26737
26738
26740
26742
26743
26747
26800
26802
26803
26808
26809
26810
26813
27075
27081
27084
27085
27086
27087
27105
27108
27109
27110
27111
27115
27121
27124
27125
27126
27127
27131
27187
27193
27196
27197
27198
27281
27284
27286
27287
27291
27332
27333
27334
27347
27353
27356
27357
27358
27372
27374
27375
27973
27984
27986
27987
27992
27993
27994
28015
98367
98453
98496
98497
98498
98499
98503
98504
98505
98506
98507
98508
98509
98510
98527
98528
98529
98530
98531
98532
98534
98535
98536
98537
98538
98539
98541
98548
98549
98550
98837
98880
98881
98882
98883
98884
98886
98887
98888
98889
98890
98891
98893
98908
98910
98911
98912
98913
98914
98915
98919
98920
98921
98922
98923
98924
98925
98926
98933
99007
99092
99093
99094
99136
99137
99138
99139
99143
99144
99145
99146
99147
99148
99149
99150
99167
99168
99169
99170
99171
99172
99174
99175
99176
99177
99178
99179
99181
99188
99189
99190
99260
99262
99263
100416
100417
100418
100420
100422
100423
100424
100426
100427
100444
100446
100447
100448
100450
100451
100456
100457
100458
100459
100460
100461
100462
100469
100668
100670
100671
100756
100757
100758
100800
100801
100802
100803
100804
100806
100807
100808
100809
100810
100811
100813
100828
100830
100831
100832
100833
100834
100835
100839
100840
100841
100842
100843
100844
100845
100846
100853
100927
101013
101056
101057
101058
101059
101063
101064
101065
101066
101067
101068
101069
101070
101087
101088
101089
101090
101091
101092
101094
101095
101096
101097
101098
101099
101101
101108
101109
101110
101652
101653
101654
101696
101698
101699
101704
101705
101706
101708
101709
101710
101728
101729
101730
101732
101734
101735
101736
101738
101739
101748
101749
101750
101820
101822
101823
106517
106560
106561
106562
106563
106564
106566
106567
106568
106569
106570
106571
106573
106588
106590
106591
106592
106593
106594
106595
106599
106600
106601
106602
106603
106604
106605
106606
106613
106687
106812
106814
106815
106900
106901
106902
106944
106945
106946
106948
106950
106951
106952
106954
106955
106972
106974
106975
106976
106978
106979
106984
106985
106986
106988
106989
106990
107200
107202
107203
107208
107209
107210
107212
107213
107214
107231
107232
107233
107234
107236
107238
107239
107240
107242
107243
107252
107253
107254
108348
108350
108351
108436
108437
108438
108480
108481
108482
108484
108486
108487
108488
108490
108491
108508
108510
108511
108512
108514
108515
108520
108521
108522
108524
108525
108526
108736
108738
108739
108744
108745
108746
108748
108749
108750
108768
108769
108770
108772
108774
108775
108776
108778
108779
108788
108789
108790
109120
109121
109122
109124
109126
109127
109128
109130
109131
109148
109150
109151
109152
109154
109155
109160
109161
109162
109164
109165
109166
109332
109333
109334
109376
109378
109379
109384
109385
109386
109388
109389
109390
109408
109409
109410
109412
109414
109415
109416
109418
109419
109428
109429
109430
109500
109502
109503
111892
111893
111894
111936
111937
111938
111939
111943
111944
111945
111946
111947
111948
111949
111950
111967
111968
111969
111970
111971
111974
111975
111976
111977
111978
111979
111981
111989
112060
112062
112063
180028
180030
180031
180116
180117
180118
180160
180161
180162
180163
180164
180166
180167
180168
180170
180171
180179
180184
180185
180188
180189
180190
180191
180194
180195
180200
180201
180202
180204
180205
180206
180207
245781
245824
245825
245828
245842
245846
245851
246018
246027
246099
246103
246106
246126
246527
246787
246791
246792
246793
246794
246803
246807
246808
246809
246810
246828
246829
246830
246856
246857
246872
246873
246892
246893
246972
246973
246974
247052
247053
247068
247069
247070
247075
247080
247081
247116
247117
247118
247132
247133
247134
247139
247143
247144
247145
247146
247219
247223
247224
247225
247226
247544
247545
247548
247549
248828
248830
249868
249869
249870
249884
249885
249886
249887
249890
249891
249895
249896
249897
249898
249934
249935
249950
249951
249952
249953
249954
249955
249956
249957
249958
249959
249962
249963
250034
250035
250038
250039
250040
250042
250043
250127
250143
250144
250145
250146
250148
250149
250150
250155
250191
250207
250208
250209
250210
250212
250213
250214
250219
250225
250228
250229
250288
250289
250290
250292
250293
250294
250299
250608
250609
250610
250611
250612
250613
250614
250615
250618
250619
250895
250911
250912
250913
250914
250916
250917
250918
250923
250928
250929
250930
250932
250933
250934
250939
250959
250976
250977
250980
250981
250982
250987
250992
250993
250994
250996
250997
250998
251003
251023
251039
251040
251041
251042
251044
251045
251046
251051
251056
251057
251058
251060
251061
251062
251067
251172
251173
251184
251185
251186
251187
251188
251189
251190
251191
251194
251195
251248
251249
251250
251251
251252
251253
251254
251255
251256
251257
251258
251259
251276
251277
251278
251279
251294
251295
251296
251297
251298
251299
251300
251301
251302
251303
251304
251305
251306
251307
251599
251615
251616
251617
251618
251620
251621
251622
251627
251632
251633
251636
251637
252879
252896
252897
252900
252901
252912
252913
252914
252916
252917
252918
252923
258035
258039
258040
258041
258042
