32912
32985
33344
33346
33357
33383
33396
33603
33609
33636
33638
33655
35072
35074
35080
35082
35085
35111
35115
35124
35126
35219
35225
35230
35280
35282
35293
35925
36099
36105
36108
36110
36132
36134
36145
36151
36155
36240
36242
36248
36250
36253
36293
36307
36313
36316
36318
36319
36332
36335
36607
41985
41988
41990
41991
41992
41994
41995
42016
42017
42018
42024
42025
42026
42027
42029
42037
42116
42117
42118
42140
42142
42143
42147
42153
42156
42158
42159
42193
42199
42200
42202
42203
42517
42563
42572
42574
42575
42597
42598
42609
42610
42615
42616
42618
42619
42621
42684
42686
42687
42816
42817
42818
42824
42826
42827
42829
42849
42855
42856
42858
42859
42868
42869
42870
45396
45397
45398
45399
46092
46095
46117
46128
46129
46130
46131
46136
46137
46138
46140
46141
46142
46225
46228
46230
46231
46232
46235
46273
46276
46278
46279
46283
46303
46304
46306
46307
46312
46313
46314
46316
46317
46318
46325
46657
46660
46662
46663
46667
46687
46688
46690
46691
46696
46697
46698
46700
46701
46702
46709
46865
46868
46869
46870
46871
46875
46924
46926
46927
46949
46960
46961
46962
46963
46968
46969
46970
46971
46972
46973
46974
46991
47013
47024
47026
47027
47032
47033
47034
47036
47037
47038
48079
48112
48114
48115
48121
48124
48125
48126
48127
115796
115797
115798
115968
115969
115970
115971
115975
115976
115977
115978
115979
115980
115981
115982
115999
116000
116001
116002
116003
116004
116006
116007
116008
116009
116010
116011
116013
116020
116021
116022
116095
116096
116097
116098
116099
116103
116104
116105
116106
116107
116109
116124
116127
116128
116129
116130
116131
116135
116136
116137
116138
116139
116141
116142
116149
116181
116476
116478
116479
119036
119038
119039
119380
119381
119382
119552
119553
119554
119555
119556
119558
119559
119560
119561
119562
119563
119565
119580
119582
119583
119584
119585
119586
119587
119591
119592
119593
119594
119595
119596
119597
119598
119605
119676
119678
119679
119680
119681
119682
119683
119687
119688
119689
119690
119691
119692
119693
119694
119711
119712
119713
119714
119715
119716
119718
119719
119720
119721
119722
119723
119725
119732
119733
119734
119765
120917
121088
121089
121090
121091
121092
121094
121095
121096
121097
121098
121099
121101
121119
121120
121121
121122
121123
121127
121128
121129
121130
121131
121133
121134
121141
121215
121216
121217
121218
121219
121220
121223
121224
121225
121226
121227
121229
121247
121248
121249
121250
121251
121255
121256
121257
121258
121259
121261
121262
121269
121300
121301
121302
121599
121940
121941
121942
122112
122113
122114
122115
122120
122121
122122
122124
122125
122126
122144
122145
122146
122148
122150
122151
122152
122154
122155
122164
122165
122166
122167
122171
122244
122245
122246
122247
122251
122259
122265
122268
122269
122270
122271
122272
122275
122281
122284
122285
122286
122287
122320
122321
122322
122324
122326
122327
122328
122330
122331
122620
122622
122623
126207
126549
126720
126721
126722
126723
126727
126728
126729
126730
126731
126733
126734
126751
126752
126753
126754
126755
126756
126759
126760
126761
126762
126763
126765
126773
126847
126848
126849
126850
126851
126855
126856
126857
126858
126859
126861
126879
126880
126881
126882
126883
126887
126888
126889
126890
126891
126893
126901
126933
200789
200960
200961
200962
200963
200964
200966
200967
200968
200969
200970
200971
200973
200988
200990
200991
200992
200993
200994
200995
200999
201000
201001
201002
201003
201004
201005
201006
201013
201084
201086
201087
201088
201089
201090
201091
201095
201096
201097
201098
201099
201100
201101
201102
201119
201120
201121
201122
201123
201124
201126
201127
201128
201129
201130
201131
201133
201140
201141
201142
201173
201471
201983
202325
202496
202497
202498
202499
202503
202504
202505
202506
202507
202508
202509
202510
202528
202529
202530
202532
202534
202535
202536
202538
202539
202541
202548
202549
202550
202551
202555
202628
202629
202630
202631
202640
202643
202649
202652
202653
202654
202655
202656
202659
202665
202668
202669
202670
202671
202704
202705
202706
202708
202710
202711
202712
202713
202714
202715
202717
203004
203007
203349
203520
203521
203522
203523
203527
203528
203529
203530
203531
203533
203534
203551
203552
203553
203554
203555
203556
203558
203559
203560
203561
203562
203563
203565
203572
203573
203574
203647
203648
203649
203650
203651
203652
203654
203655
203656
203657
203658
203659
203661
203676
203678
203679
203680
203681
203682
203683
203687
203688
203689
203690
203691
203692
203693
203694
203701
203732
203733
203734
278586
278727
279132
279134
279312
279315
279321
279457
279464
279466
279508
279510
279511
280899
280908
280910
280911
280933
280946
280954
280957
281023
281664
281666
281667
281673
281678
281702
281713
281720
281722
281723
282117
282131
282140
282142
282143
282156
282159
282244
282246
282247
282272
282274
282281
282282
282285
282293
282321
282327
282331
282448
282450
282451
282457
282460
282461
282462
287829
288000
288002
288003
288009
288012
288014
288015
288037
288048
288049
288050
288056
288057
288058
288061
288148
288150
288151
288193
288196
288199
288200
288203
288225
288232
288234
288235
288237
288244
288246
288508
288511
291072
291074
291075
291081
291084
291085
291086
291087
291108
291109
291110
291121
291122
291128
291130
291131
291133
291217
291220
291222
291223
291224
291227
291265
291268
291270
291271
291272
291275
291296
291297
291298
291304
291305
291306
291307
291309
291316
291317
291318
292885
292928
292930
292931
292936
292937
292938
292940
292941
292942
292943
292964
292965
292966
292967
292976
292977
292978
292983
292984
292986
292987
292989
293052
293055
293381
293392
293394
293395
293401
293404
293406
293407
293411
293420
293422
293423
293508
293510
293511
293515
293536
293537
293538
293539
293544
293545
293546
293547
293549
293550
293557
293558
293585
293588
293590
293591
293592
293594
293595
293597
293701
293712
293714
293715
293721
293724
293725
293726
293727
293743
294165
294208
294210
294211
294217
294218
294220
294221
294222
294223
294244
294245
294246
294247
294256
294257
294258
294260
294262
294263
294264
294265
294266
294267
294269
294323
294332
294334
294335
