49180
49266
49329
49608
49610
49631
49635
49641
49727
49813
49860
49862
49881
50947
50953
50957
50975
50976
50978
50983
50984
50986
51059
51065
51068
51069
51070
51084
51085
51086
51104
51105
51108
51110
51111
51115
51125
51452
51454
51793
51796
51798
51803
51973
51986
51992
51994
52015
52047
52068
52070
52084
52085
52147
52153
56329
56332
56333
56334
56335
56352
56353
56354
56356
56358
56359
56362
56363
56372
56373
56374
56444
56445
56446
56447
56451
56456
56457
56458
56460
56461
56462
56479
56480
56481
56482
56483
56487
56488
56489
56490
56491
56501
56780
56782
56783
56801
56804
56805
56806
56811
56816
56817
56818
56820
56821
56822
56823
56827
56880
56882
56883
56887
56888
56889
56890
56892
56893
56961
56964
56965
56966
56976
56977
56978
56979
56983
56984
56985
56986
56987
56989
57004
57006
57007
57040
57041
57042
57044
57045
57046
57047
57051
58355
58360
58361
58364
58365
58366
59717
59728
59729
59730
59734
59735
59736
59738
59739
59759
60421
60432
60433
60434
60436
60438
60439
60442
60443
60483
60489
60492
60493
60494
60511
60512
60513
60514
60518
60519
60520
60522
60523
60533
60601
60604
60605
60606
60729
60732
60733
60734
60816
60817
60818
60822
60823
60827
60869
60880
60881
60882
60887
60890
60891
61129
61132
61133
61134
61152
61153
61154
61158
61159
61162
61163
61173
134207
134293
134336
134337
134338
134339
134343
134344
134345
134346
134347
134348
134349
134350
134367
134368
134369
134370
134371
134372
134374
134375
134376
134377
134378
134379
134381
134388
134389
134390
134677
134720
134721
134722
134723
134724
134726
134727
134728
134729
134730
134731
134733
134748
134750
134751
134752
134753
134754
134755
134759
134760
134761
134762
134763
134764
134765
134766
134773
134847
134932
134933
134934
134976
134977
134978
134979
134983
134984
134985
134986
134987
134988
134989
134990
135008
135009
135010
135011
135012
135014
135015
135016
135018
135019
135021
135028
135029
135030
135100
135102
135103
140352
140353
140354
140356
140358
140359
140360
140362
140363
140380
140382
140383
140384
140386
140387
140392
140393
140394
140396
140397
140398
140604
140606
140607
140692
140693
140694
140736
140737
140738
140740
140742
140743
140744
140746
140747
140764
140766
140767
140768
140770
140771
140776
140777
140778
140780
140781
140782
140992
140994
140995
141000
141001
141002
141004
141005
141006
141024
141025
141026
141028
141030
141031
141032
141034
141035
141044
141045
141046
143633
143636
143637
143638
143639
143680
143682
143683
143688
143689
143690
143692
143693
143694
143695
143712
143713
143714
143716
143718
143719
143720
143722
143723
143732
143733
143734
143801
143804
143806
143807
144576
144578
144579
144583
144584
144585
144586
144587
144588
144589
144590
144607
144608
144609
144610
144611
144612
144614
144615
144616
144617
144618
144619
144621
144628
144629
144630
144916
144917
144918
144960
144961
144962
144963
144967
144968
144969
144970
144971
144973
144990
144991
144992
144993
144994
144995
144999
145000
145001
145002
145003
145005
145013
145084
145086
145087
145173
145216
145217
145218
145220
145222
145223
145224
145226
145227
145235
145241
145244
145245
145246
145247
145250
145251
145256
145257
145258
145260
145261
145262
145343
146236
146238
146239
146324
146325
146326
146368
146369
146370
146372
146374
146375
146376
146378
146379
146396
146398
146399
146400
146402
146403
146408
146409
146410
146412
146413
146414
209726
209727
209812
209813
209856
209857
209858
209859
209862
209863
209864
209865
209866
209867
209869
209886
209887
209888
209889
209890
209891
209895
209896
209897
209898
209899
209900
209901
209909
211220
211221
211222
211264
211265
211266
211267
211271
211272
211273
211274
211275
211276
211277
211295
211296
211297
211298
211299
211302
211303
211304
211305
211306
211307
211309
211316
211317
211390
211391
211989
212032
212033
212034
212035
212036
212038
212039
212040
212041
212042
212043
212045
212060
212062
212063
212064
212065
212066
212067
212071
212072
212073
212074
212075
212076
212077
212078
212085
212159
212275
212281
212284
212285
212286
212287
212357
212368
212369
212370
212372
212373
212374
212375
212376
212378
212379
212417
212420
212421
212422
212427
212432
212433
212434
212435
212436
212438
212439
212440
212441
212442
212443
212445
212460
212462
212463
212674
212675
212680
212681
212682
212684
212685
212686
212687
212704
212705
212706
212708
212709
212710
212711
212712
212714
212715
212721
212724
212725
212726
278551
278622
278627
278633
278716
278799
278821
278837
278899
278904
278906
278944
278946
278955
279282
279685
279696
279697
279698
279702
279707
279761
279764
279765
279766
280012
280013
280014
280031
280034
280035
280039
280040
280042
280115
280120
280121
280125
280191
280192
280194
280199
280203
280211
280216
280217
280218
280236
280238
281539
281543
281544
281546
281565
281580
281581
282867
282871
282872
282873
282874
282877
283137
283140
283141
283142
283152
283153
283154
283156
283157
283158
283159
283163
283183
283200
283202
283203
283207
283208
283209
283210
283211
283219
283224
283225
283226
283228
283229
283244
283245
283246
283324
283326
283327
283461
283472
283473
283474
283476
283477
283478
283483
284431
284448
284449
284452
284453
284454
284459
284464
284465
284466
284468
284469
284470
284475
284531
284536
284537
284538
284540
284541
284542
284547
284552
284553
284556
284557
284558
284559
284572
284574
284575
284576
284577
284578
284579
284580
284582
284583
284584
284585
284586
284587
284901
284912
284913
284914
284915
284916
284917
284918
284919
284920
284922
284923
285183
285184
285185
285186
285187
285188
285189
285190
285191
285192
285194
285195
285202
285203
285207
285208
285209
285210
285213
285228
285229
285230
285231
285251
285256
285257
285260
285261
285262
285276
285277
285278
285279
285280
285282
285283
285287
285288
285289
285290
285291
285363
285368
285369
285370
285372
285373
285374
290572
290573
290574
290591
290592
290593
290594
290595
290598
290599
290600
290602
290603
290672
290673
290674
290676
290677
290678
290683
290724
290725
290736
290737
290740
290741
290742
290747
