32775
32798
32888
32890
32933
33219
33225
33248
33250
33256
33258
33428
33430
33491
34572
34574
34593
34596
34598
34603
34612
34613
34687
34691
34696
34697
34698
34719
34722
34723
34728
34729
34730
35059
35065
35069
35408
35410
35415
35418
35600
35601
35607
35611
35660
35662
35681
35691
35772
35773
35774
39973
39984
39985
39986
39987
39991
39992
39993
39994
39995
40064
40065
40066
40068
40069
40070
40071
40075
40083
40088
40089
40090
40092
40093
40094
40108
40109
40110
40111
40145
40148
40149
40150
40435
40440
40441
40442
40444
40445
40446
40447
40451
40457
40460
40461
40462
40463
40480
40481
40482
40484
40485
40486
40487
40491
40497
40500
40501
40502
40507
40572
40574
40575
40576
40578
40579
40583
40584
40585
40586
40587
40589
40604
40606
40607
40608
40610
40611
40615
40616
40617
40618
40619
40621
41935
41956
41957
41968
41969
41970
41972
41974
41975
41978
41979
43285
43328
43329
43330
43332
43334
43335
43336
43338
43339
43347
43353
43356
43357
43358
43363
43369
43372
43373
43374
44053
44096
44097
44098
44103
44104
44106
44107
44124
44125
44126
44131
44137
44140
44141
44142
44223
44336
44338
44339
44343
44344
44346
44417
44420
44421
44422
44435
44440
44441
44442
44445
44460
44462
44463
44500
44501
44502
44751
44772
44773
44784
44785
44786
44788
44790
44791
44795
117775
117797
117808
117809
117810
117811
117815
117816
117817
117818
117819
117820
117821
117822
117893
117904
117905
117906
117907
117908
117910
117911
117912
117914
117915
117917
117956
117957
117958
117968
117970
117971
117976
117977
117978
117980
117981
117982
117996
117998
117999
118288
118289
118290
118292
118294
118295
118296
118298
118299
118348
118350
118351
118372
118373
118374
118384
118385
118386
118388
118390
118391
118392
118394
118395
118448
118450
118451
118456
118457
118458
118460
118461
118462
118596
118597
118598
118608
118610
118611
118616
118617
118618
118620
118621
118622
118623
118633
118636
118638
118639
123920
123921
123922
123924
123925
123926
123927
123928
123930
123931
123971
123977
123980
123981
123982
123983
124001
124004
124005
124006
124007
124011
124016
124017
124018
124020
124021
124022
124023
124024
124026
124027
124080
124082
124083
124088
124089
124090
124092
124093
124094
124095
124355
124361
124364
124365
124366
124367
124385
124388
124389
124390
124391
124395
124400
124401
124402
124404
124405
124406
124407
124408
124410
124411
124464
124466
124467
124472
124473
124474
124476
124477
124478
124479
124560
124561
124562
124564
124565
124566
124567
124568
124570
124571
124609
124612
124613
124614
124615
124619
124624
124626
124627
124632
124633
124634
124636
124637
124638
124639
124643
124649
124652
124653
124654
124655
127297
127300
127301
127302
127303
127307
127312
127314
127315
127320
127321
127322
127324
127325
127326
127327
127331
127337
127340
127341
127342
127343
128048
128050
128051
128056
128057
128058
128060
128061
128062
128063
128144
128145
128146
128148
128149
128150
128151
128152
128154
128155
128193
128196
128197
128198
128208
128210
128211
128216
128217
128218
128220
128221
128222
128236
128238
128239
128516
128517
128518
128528
128529
128530
128531
128535
128536
128537
128538
128539
128541
128556
128558
128559
128588
128590
128591
128612
128613
128614
128624
128625
128626
128627
128628
128630
128631
128632
128633
128634
128635
128637
128655
128677
128688
128689
128690
128691
128695
128696
128697
128698
128699
128701
128837
128848
128849
128850
128852
128854
128855
128856
128858
128859
128879
129987
129993
129996
129997
129998
129999
130017
130020
130021
130022
130023
130027
130032
130033
130034
130036
130037
130038
130039
130040
130042
130043
193484
193486
193487
193508
193509
193510
193520
193521
193522
193523
193524
193526
193527
193528
193529
193530
193531
193533
194884
194885
194886
194896
194897
194898
194899
194903
194904
194905
194906
194907
194908
194909
194910
194924
194926
194927
195589
195600
195601
195602
195603
195604
195606
195607
195608
195609
195610
195611
195613
195631
195660
195662
195663
195684
195685
195686
195696
195697
195698
195700
195702
195703
195704
195706
195707
195749
195760
195762
195763
195767
195768
195769
195770
195771
195772
195773
195774
196032
196034
196035
196039
196040
196041
196042
196044
196045
196046
196060
196062
196063
196064
196065
196066
196067
196070
196071
196072
196073
196074
196075
196077
196153
196156
196157
196158
196159
196240
196241
196244
196245
196246
196247
196251
196288
196289
196292
196293
196294
196295
196299
196304
196306
196307
196312
196313
196314
196316
196317
196318
196319
196323
196329
196332
196333
196334
196335
262217
262236
262334
262433
262436
262438
262514
262519
262543
262561
262564
262565
262566
262903
263228
263229
263230
263296
263297
263298
263300
263302
263307
263315
263319
263320
263322
263343
263619
263623
263624
263625
263626
263641
263644
263645
263646
263657
263660
263661
263740
263742
263809
263812
263813
263814
263824
263825
263826
263830
263831
263835
263855
263893
265161
265180
265182
265187
265192
265193
266480
266481
266482
266484
266485
266486
266491
266748
266749
266750
266751
266752
266754
266755
266759
266760
266761
266762
266763
266771
266776
266777
266778
266780
266781
266793
266796
266797
266798
266828
266829
266830
266846
266847
266848
266850
266851
266854
266855
266856
266857
266858
266859
266931
266935
266936
266937
266938
266941
268035
268039
268040
268041
268042
268044
268045
268046
268057
268060
268061
268062
268063
268066
268067
268071
268072
268073
268074
268076
268077
268110
268111
268128
268129
268132
268133
268134
268139
268144
268145
268146
268148
268149
268150
268151
268155
268197
268208
268209
268210
268211
268212
268213
268214
268215
268216
268217
268218
268219
268537
268540
268541
268542
268816
268817
268820
268821
268822
268827
268864
268865
268866
268868
268869
268870
268871
268874
268875
268880
268881
268882
268883
268886
268887
268888
268889
268890
268891
268908
268909
268910
268911
268991
269077
269120
269121
269122
269124
269125
269126
269131
269136
269137
269138
269140
269141
269142
269143
269146
269147
269167
274191
274212
274213
274224
274225
274228
274229
274230
274235
274291
274295
274296
274297
274298
274316
274318
274319
274335
274336
274337
274338
274342
274343
274347
