50
205
228
251
772
775
801
808
810
822
914
965
992
995
1001
1004
1006
2399
2412
2415
3088
3090
3091
3097
3100
3102
3204
3206
3234
3242
3245
3253
3281
3288
3290
3291
3293
3649
3656
3658
3659
3684
3687
3691
3700
3703
3860
3862
3863
3968
3970
3971
3977
3980
3982
4005
4006
4017
4024
4026
4027
4029
4053
9493
9548
9551
9584
9586
9587
9593
9596
9598
9599
9615
9648
9651
9657
9660
9662
9663
12352
12354
12355
12361
12364
12366
12367
12389
12390
12400
12401
12402
12408
12409
12410
12411
12413
12414
12817
12820
12823
12824
12826
12827
12829
12929
12936
12938
12939
12941
12964
12966
12967
12971
12977
12980
12982
12983
12984
12986
12987
13012
13014
13015
13124
13126
13127
13153
13154
13160
13162
13163
13165
13172
13173
13174
13175
14597
14608
14610
14611
14617
14620
14622
14623
14624
14627
14633
14636
14638
14639
14725
14726
14751
14752
14754
14755
14761
14764
14765
14766
14767
14773
14800
14801
14802
14803
14808
14809
14810
14812
14813
14814
14815
15429
15440
15442
15443
15449
15452
15453
15454
15455
15459
15468
15471
15872
15873
15874
15876
15879
15880
15881
15882
15883
15885
15905
15908
15910
15911
15912
15914
15915
15917
15921
15924
15926
15927
15928
15930
15931
16016
16017
16018
16023
16024
16025
16026
16027
16029
16030
16068
16069
16070
16071
16096
16097
16098
16099
16104
16105
16106
16107
16108
16109
16110
16111
16117
16118
16212
16213
16214
16215
87057
87060
87061
87062
87063
87067
87107
87113
87116
87117
87118
87119
87137
87140
87141
87142
87143
87147
87153
87154
87156
87157
87158
87159
87160
87163
87219
87225
87228
87229
87230
87231
87500
87503
87525
87536
87538
87539
87544
87545
87546
87548
87549
87550
87551
87555
87564
87566
87567
87589
87590
87600
87601
87602
87603
87607
87608
87609
87610
87611
87612
87613
87614
87696
87697
87698
87700
87702
87703
87704
87706
87707
87709
87748
87749
87750
87751
87755
87760
87762
87763
87768
87769
87770
87772
87773
87774
87775
87779
87785
87788
87789
87790
87791
164161
164164
164165
164166
164167
164171
164179
164185
164188
164189
164190
164191
164195
164201
164204
164205
164206
164207
164915
164921
164924
164925
164926
164927
165009
165012
165013
165014
165015
165019
165057
165060
165061
165062
165063
165067
165072
165075
165081
165082
165084
165085
165086
165087
165091
165097
165100
165101
165102
165103
165392
165393
165394
165396
165397
165398
165399
165400
165402
165403
165443
165449
165452
165453
165454
165455
165473
165476
165477
165478
165479
165483
165488
165489
165490
165492
165493
165494
165495
165496
165498
165499
165552
165554
165555
165560
165561
165562
165564
165565
165566
165567
165697
165700
165701
165702
165703
165707
165712
165714
165715
165720
165721
165722
165724
165725
165726
165727
165731
165737
165740
165741
165742
165743
166851
166857
166860
166861
166862
166863
166881
166884
166885
166886
166887
166891
166897
166900
166901
166902
166903
166907
171056
171058
171059
171064
171065
171066
171068
171069
171070
171071
171152
171153
171154
171156
171157
171158
171159
171160
171162
171163
171201
171204
171205
171206
171207
171211
171216
171218
171219
171224
171225
171226
171228
171229
171230
171231
171235
171241
171244
171245
171246
171247
171537
171540
171541
171542
171543
171547
171584
171587
171593
171596
171597
171598
171599
171617
171620
171621
171622
171623
171627
171633
171636
171637
171638
171639
171643
171699
171705
171708
171709
171710
171711
171840
171841
171842
171844
171846
171847
171848
171850
171851
171868
171870
171871
171872
171874
171875
171880
171881
171882
171884
171885
171886
172995
173001
173004
173005
173006
173007
173025
173028
173029
173030
173031
173035
173040
173041
173042
173044
173045
173046
173047
173048
173050
173051
174404
174405
174406
174416
174418
174419
174424
174425
174426
174428
174429
174430
174435
174444
174445
174446
174447
175120
175121
175122
175124
175126
175127
175128
175130
175131
175180
175182
175183
175204
175205
175206
175216
175217
175218
175220
175221
175222
175223
175224
175226
175227
175280
175282
175283
175288
175289
175290
175292
175293
175294
175555
175561
175564
175565
175566
175567
175585
175588
175589
175590
175591
175595
175600
175601
175602
175604
175605
175606
175607
175608
175610
175611
175664
175666
175667
175672
175673
175674
175676
175677
175678
175679
175760
175761
175762
175764
175765
175766
175767
175768
175770
175771
175809
175812
175813
175814
175819
175824
175826
175827
175832
175833
175834
175836
175837
175838
175843
175852
175853
175854
175855
245932
245934
245975
246289
246299
246397
246448
246450
246597
246620
246622
246639
247876
247878
247903
247907
247913
247916
247918
248259
248265
248269
248295
248308
248310
248512
248514
248520
248522
248545
248552
248555
248565
249108
249110
249111
249115
249167
249189
249200
249202
249208
249210
249213
249264
249267
249273
249277
254224
254225
254226
254228
254230
254231
254232
254234
254235
254287
254320
254322
254323
254328
254329
254330
254332
254333
254334
254351
254373
254384
254385
254386
254387
254392
254393
254394
254395
254397
255744
255746
255747
255753
255756
255757
255758
255777
255780
255782
255783
255787
255796
255798
255799
255877
255891
255897
255900
255901
255902
255916
255918
255919
255953
255954
255959
255960
255962
255963
256255
256597
256768
256769
256770
256776
256777
256778
256779
256781
256800
256801
256802
256807
256808
256810
256811
256820
256821
256822
256900
256901
256902
256903
256924
256926
256927
256931
256937
256940
256941
256942
256943
256977
256980
256982
256983
256987
259140
259141
259142
259155
259161
259164
259165
259166
259167
259171
259177
259180
259182
259183
259388
259390
259391
259477
259520
259521
259522
259523
259527
259528
259529
259530
259531
259533
259552
259553
259554
259555
259559
259560
259561
259562
259563
259565
259572
259573
259574
259647
259733
259776
259778
259779
259784
259785
259786
259788
259789
259790
259809
259812
259814
259815
259816
259818
259819
259828
259829
259830
259831
259835
