16499
16505
16564
16844
16846
16868
16870
16885
16957
17047
17051
17104
17106
18224
18226
18227
18232
18234
18308
18309
18322
18323
18328
18329
18330
18351
18385
18388
18390
18395
18639
18661
18673
18676
18678
18679
18683
19009
19015
19019
19036
19038
19052
19053
19054
19221
19264
19266
19272
19274
19295
19299
19304
19305
19391
23744
23745
23746
23747
23751
23752
23753
23754
23755
23757
23772
23774
23775
23776
23778
23779
23783
23784
23785
23786
23789
24069
24080
24081
24082
24084
24086
24087
24088
24090
24091
24131
24137
24140
24141
24142
24143
24160
24161
24162
24164
24165
24166
24167
24171
24177
24180
24181
24182
24243
24248
24249
24252
24253
24254
24388
24389
24390
24400
24401
24402
24403
24407
24408
24409
24410
24411
24413
24428
24430
24431
25407
25492
25493
25494
25536
25537
25538
25540
25542
25543
25547
25555
25561
25564
25565
25566
25571
25577
25580
25581
25582
25583
26881
26884
26885
26886
26899
26904
26905
26906
26909
26924
26926
26927
26959
26981
26992
26993
26994
26996
26998
26999
27000
27002
27003
27056
27057
27058
27059
27063
27064
27065
27066
27067
27729
27732
27733
27734
27739
27907
27912
27913
27914
27917
27935
27936
27937
27938
27943
27944
27946
27947
28028
28030
28035
28041
28044
28045
28046
28064
28065
28066
28071
28074
28075
28085
28412
28414
28415
99312
99314
99315
99320
99321
99322
99324
99325
99326
99327
100688
100689
100690
100692
100693
100694
100695
100696
100698
100699
101377
101380
101381
101382
101383
101387
101392
101394
101395
101400
101401
101402
101404
101405
101406
101407
101411
101417
101420
101421
101422
101423
101490
101491
101496
101497
101500
101501
101502
101503
101507
101513
101516
101517
101518
101519
101537
101540
101541
101542
101543
101547
101552
101553
101554
101556
101557
101558
101559
101560
101562
101563
101875
101881
101884
101885
101886
101887
101891
101897
101900
101901
101902
101903
101921
101924
101925
101926
101927
101931
101937
101940
101941
101942
101943
101947
102017
102020
102021
102022
102023
102027
102035
102041
102044
102045
102046
102047
102051
102057
102060
102061
102062
102063
102097
102100
102101
102102
102103
102107
106833
106836
106837
106838
106839
106843
107520
107522
107523
107528
107529
107530
107532
107533
107534
107535
107552
107553
107554
107556
107557
107558
107559
107560
107562
107563
107569
107572
107573
107574
107575
107579
107648
107649
107650
107652
107653
107654
107655
107656
107658
107659
107667
107673
107676
107677
107678
107679
107680
107682
107683
107688
107689
107690
107692
107693
107694
107695
107729
107732
107733
107734
107735
107739
108033
108036
108037
108038
108039
108042
108043
108051
108057
108060
108061
108062
108063
108064
108066
108067
108072
108073
108076
108077
108078
108079
108147
108153
108156
108157
108158
108159
108160
108162
108163
108168
108169
108170
108172
108173
108174
108175
108192
108193
108194
108196
108197
108198
108199
108200
108202
108203
108209
108212
108213
108214
108215
108219
108369
108372
108373
108374
108375
108379
109555
109561
109564
109565
109566
109567
111616
111617
111618
111620
111621
111622
111623
111624
111626
111627
111635
111641
111644
111645
111646
111647
111650
111651
111656
111657
111660
111661
111662
111663
111731
111737
111740
111741
111742
111743
111747
111753
111756
111757
111758
111759
111777
111780
111781
111782
111783
111787
111793
111796
111797
111798
111799
111803
112079
112101
112112
112113
112114
112115
112119
112120
112121
112122
112123
112125
112140
112142
112143
112164
112165
112166
112176
112177
112178
112180
112182
112183
112184
112186
112187
112257
112260
112261
112262
112263
112267
112272
112274
112275
112280
112281
112282
112284
112285
112286
112297
112300
112301
112302
112303
112336
112337
112338
112340
112341
112342
112343
112344
112346
112347
179203
179209
179212
179213
179214
179215
179233
179236
179237
179238
179239
179243
179248
179249
179250
179252
179253
179254
179255
179256
179258
179259
179329
179332
179333
179334
179335
179339
179344
179346
179347
179352
179353
179354
179356
179357
179358
179359
179363
179369
179372
179373
179374
179375
179408
179409
179412
179413
179414
179415
179418
179419
179708
179709
179710
179711
179712
179714
179715
179719
179720
179721
179722
179723
179724
179725
179726
179740
179742
179743
179744
179745
179746
179747
179751
179752
179753
179754
179755
179756
179757
179765
179827
179833
179836
179837
179838
179839
179843
179848
179849
179852
179853
179854
179855
179872
179873
179874
179876
179877
179878
179879
179880
179882
179883
179889
179892
179893
179894
179899
245764
245827
245834
245869
246030
246055
246117
246133
246192
246193
246198
246203
246521
246839
246842
246908
246909
246910
246921
246925
246940
246941
246942
246947
246952
246953
247103
247173
247184
247185
247186
247188
247189
247190
247195
247248
247249
247252
247253
247254
247259
247488
247490
247494
247495
247499
247507
247511
247512
247513
247514
247534
248783
248800
248801
248802
248806
248811
250051
250055
250056
250057
250058
250061
250076
250077
250078
250083
250088
250089
250090
250092
250093
250319
250336
250337
250340
250341
250342
250347
250352
250353
250354
250356
250357
250358
250363
250405
250416
250417
250418
250420
250421
250422
250427
250483
250487
250488
250489
250490
250508
250509
250510
250511
250527
250528
250529
250530
250531
250532
250534
250535
250536
250538
250539
251123
251128
251129
251130
251132
251133
251134
251393
251396
251397
251398
251408
251409
251410
251412
251413
251414
251415
251419
251439
251456
251457
251458
251459
251460
251462
251463
251464
251465
251466
251467
251474
251475
251479
251480
251481
251482
251484
251485
251500
251501
251502
251503
251580
251582
251583
251713
251716
251717
251718
251728
251729
251730
251732
251733
251734
251735
251738
251739
251759
252675
252680
252681
252682
252684
252685
252686
252700
252701
252702
252703
252706
252707
252711
252712
252713
252714
252717
252748
252750
252751
252767
252768
252769
252770
252772
252773
252774
252775
252779
252848
252849
252850
252851
252852
252854
252855
252856
252857
252858
252859
257852
257853
257854
257919
257920
257921
257922
257924
257926
257927
257931
257938
257939
257943
257944
257945
257946
257966
257967
