60
201
206
229
817
826
829
916
918
961
968
970
971
973
996
999
1016
1019
2391
3112
3115
3124
3127
3217
3224
3226
3227
3268
3270
3271
3297
3304
3306
3307
3309
3316
3318
3319
3665
3674
3677
3846
3874
3881
3882
3885
3886
3893
3984
3986
3987
3993
3996
3998
4037
4064
4066
4067
4073
4076
4078
4079
4085
9552
9554
9555
9561
9564
9566
9567
12293
12304
12307
12316
12319
12320
12323
12329
12332
12334
12335
12421
12432
12435
12444
12447
12448
12450
12451
12457
12460
12462
12463
12496
12498
12499
12505
12508
12510
12511
12869
12896
12898
12899
12905
12908
12910
12911
12917
13072
13074
13075
13081
13082
13084
13085
13086
13087
13188
13189
13190
13191
13216
13217
13218
13219
13224
13225
13226
13228
13229
13230
13231
13237
13238
13264
13265
13266
13272
13273
13274
13275
13277
13278
14660
14662
14663
14689
14690
14696
14697
14698
14699
14701
14702
14708
14709
14710
14711
15377
15384
15386
15387
15389
15489
15492
15494
15495
15496
15498
15499
15521
15524
15527
15528
15530
15531
15533
15540
15542
15543
15544
15547
15569
15572
15574
15575
15576
15578
15579
15581
15937
15940
15942
15943
15944
15946
15947
15949
15969
15972
15974
15975
15976
15978
15979
15981
15985
15988
15990
15991
15992
15994
15995
15997
16148
16150
16151
16152
16155
16256
16257
16258
16259
16264
16265
16266
16267
16268
16269
16270
16271
16292
16293
16294
16295
16305
16306
16308
16311
16312
16313
16314
16315
16317
16318
16340
16341
16342
16343
87301
87312
87313
87314
87315
87319
87320
87321
87322
87323
87325
87326
87340
87343
87375
87408
87410
87411
87417
87418
87420
87421
87422
87423
87424
87427
87433
87436
87437
87438
87439
87460
87461
87462
87472
87473
87474
87475
87476
87478
87479
87480
87481
87482
87483
87485
163909
163920
163921
163922
163923
163927
163928
163929
163930
163931
163933
163951
164111
164133
164144
164145
164146
164147
164151
164152
164153
164154
164155
164157
164229
164240
164241
164242
164243
164247
164248
164249
164250
164251
164253
164271
164293
164304
164305
164306
164307
164311
164312
164313
164314
164315
164317
164335
164559
164581
164592
164593
164594
164595
164599
164600
164601
164602
164603
164605
165644
165646
165647
165668
165669
165670
165680
165681
165682
165683
165684
165686
165687
165688
165689
165690
165691
165693
165764
165765
165766
165776
165777
165778
165779
165783
165784
165785
165786
165787
165788
165789
165790
165804
165806
165807
165829
165840
165841
165842
165843
165844
165846
165847
165848
165849
165850
165851
165853
165871
166095
166117
166128
166129
166130
166131
166135
166136
166137
166138
166139
166141
166142
166469
166480
166481
166482
166483
166487
166488
166489
166490
166491
166493
166511
166661
166672
166673
166674
166675
166679
166680
166681
166682
166683
166685
166703
166735
166757
166768
166769
166770
166771
166775
166776
166777
166778
166779
166781
166799
166821
166832
166833
166834
166835
166839
166840
166841
166842
166843
166845
171791
171813
171824
171825
171826
171827
171831
171832
171833
171834
171835
171837
171909
171920
171921
171922
171923
171927
171928
171929
171930
171931
171933
171951
171973
171984
171985
171986
171987
171991
171992
171993
171994
171995
171996
171997
171998
172012
172015
172239
172261
172272
172273
172274
172275
172279
172280
172281
172282
172283
172285
172613
172624
172625
172626
172627
172628
172631
172632
172633
172634
172635
172637
172655
172804
172805
172806
172816
172817
172818
172819
172823
172824
172825
172826
172827
172828
172829
172830
172844
172846
172847
172879
172901
172912
172913
172914
172915
172919
172920
172921
172922
172923
172924
172925
172926
172940
172942
172943
172964
172965
172966
172976
172977
172978
172979
172980
172982
172983
172984
172985
172986
172987
172989
174149
174160
174161
174162
174163
174164
174166
174167
174168
174169
174170
174171
174173
174191
174348
174350
174351
174372
174373
174374
174384
174385
174386
174387
174388
174390
174391
174392
174393
174394
174395
174397
174468
174469
174470
174480
174481
174482
174483
174487
174488
174489
174490
174491
174492
174493
174494
174508
174510
174511
174533
174544
174545
174546
174547
174548
174550
174551
174552
174553
174554
174555
174557
174575
174799
174821
174832
174833
174834
174835
174839
174840
174841
174842
174843
174844
174845
174846
175364
175365
175366
175376
175377
175378
175379
175383
175384
175385
175386
175387
175388
175389
175390
175404
175406
175407
175439
175461
175472
175473
175474
175475
175479
175480
175481
175482
175483
175484
175485
175486
175500
175502
175503
175524
175525
175526
175536
175537
175538
175539
175540
175542
175543
175544
175545
175546
175547
175549
245895
245929
245933
246300
246302
246436
246438
246452
246454
246615
246619
247825
247831
247835
247887
247909
247920
247921
247922
247928
247930
247931
247987
247993
247997
248307
248313
248317
248335
248357
248369
248379
248464
248466
248472
248474
248528
248530
248536
248538
249157
249158
249171
249177
249180
249181
249182
249196
249198
249199
254020
254021
254022
254032
254034
254035
254041
254044
254045
254046
254047
254051
254057
254060
254062
254063
254259
254265
254268
254270
254271
254356
254357
254358
254401
254404
254406
254407
254408
254410
254411
254428
254430
254431
254432
254434
254435
254440
254441
254442
254444
254445
254446
254659
254665
254668
254669
254670
254671
254689
254692
254693
254694
254695
254699
254705
254708
254709
254710
254711
254715
255939
255945
255948
255950
255972
255974
255988
255990
255991
256060
256062
256063
256148
256149
256150
256193
256196
256198
256199
256203
256223
256224
256226
256227
256233
256236
256237
256238
256533
256576
256578
256579
256584
256585
256586
256589
256608
256609
256610
256615
256616
256618
256619
256629
256703
256789
256832
256834
256835
256840
256841
256842
256845
256864
256865
256866
256871
256872
256874
256875
256885
256959
259344
259345
259346
259348
259350
259351
259352
259354
259355
259404
259406
259407
259428
259429
259430
259440
259441
259442
259444
259446
259447
259448
259449
259450
259451
259453
259504
259506
259507
259512
259513
259514
259516
259517
259518
