49
198
224
226
581
620
622
794
898
909
932
935
951
981
2324
2326
2327
2428
2431
2447
2469
2480
2482
2493
3143
3147
3169
3176
3178
3179
3181
3189
3585
3591
3592
3594
3595
3617
3624
3626
3627
3636
3638
3728
3730
3731
3737
3740
3742
3792
3795
3801
3804
3806
3823
3924
3926
3927
9296
9297
9298
9304
9306
9307
9309
9676
9679
9701
9712
9714
9715
9721
9725
9726
9779
9785
9788
9790
9791
9877
9920
9921
9922
9928
9929
9930
9933
9956
9958
9959
9963
9969
9972
9974
9975
9979
12549
12550
12572
12575
12576
12578
12579
12585
12588
12590
12591
12676
12677
12678
12679
12703
12704
12706
12707
12713
12716
12717
12718
12719
12725
12753
12754
12759
12760
12762
12763
12765
14341
14342
14352
14354
14355
14361
14364
14365
14366
14367
14371
14377
14380
14382
14383
14465
14468
14470
14471
14472
14474
14475
14496
14497
14498
14503
14504
14505
14506
14507
14509
14516
14517
14518
14519
14545
14548
14549
14550
14551
14555
14869
14912
14915
14921
14924
14926
14927
14949
14960
14961
14962
14963
14968
14969
14970
14971
14972
14973
14974
15024
15027
15033
15036
15038
15039
15168
15169
15170
15171
15176
15177
15178
15179
15180
15181
15182
15204
15206
15207
15211
15217
15220
15222
15223
15224
15226
15227
15696
15697
15698
15699
15704
15705
15706
15707
15708
15709
15710
15727
86080
86081
86082
86084
86085
86086
86087
86088
86090
86091
86099
86105
86108
86109
86110
86111
86112
86114
86115
86120
86121
86122
86124
86125
86126
86323
86329
86332
86333
86334
86335
86417
86420
86421
86422
86423
86427
86464
86465
86466
86468
86469
86470
86471
86472
86474
86475
86483
86489
86492
86493
86494
86495
86496
86498
86499
86504
86505
86506
86508
86509
86510
86511
86720
86722
86723
86728
86729
86730
86732
86733
86734
86735
86752
86753
86754
86756
86757
86758
86759
86760
86762
86763
86769
86772
86773
86774
86775
86779
87871
88000
88002
88003
88008
88009
88010
88012
88013
88014
88015
88033
88036
88037
88038
88039
88043
88049
88052
88054
88055
88056
88058
88059
88115
88124
88126
88127
88212
88213
88214
88256
88257
88258
88259
88260
88263
88264
88265
88266
88267
88269
88287
88288
88289
88290
88291
88292
88295
88296
88297
88298
88299
88301
88308
88309
88310
88640
88641
88642
88644
88646
88647
88648
88650
88651
88668
88670
88671
88672
88673
88674
88675
88680
88681
88682
88684
88685
88686
88693
88852
88853
88854
88859
88896
88898
88899
88904
88905
88906
88908
88909
88910
88911
88928
88929
88930
88932
88933
88934
88935
88936
88938
88939
88945
88948
88949
88950
88951
88955
89011
89017
89020
89021
89022
89023
165140
165141
165142
165147
165184
165186
165187
165192
165193
165194
165196
165197
165198
165216
165217
165218
165220
165222
165223
165224
165226
165227
165236
165237
165238
165308
165310
165311
167999
168085
168128
168129
168130
168131
168135
168136
168137
168138
168139
168140
168141
168142
168159
168160
168161
168162
168163
168164
168166
168167
168168
168169
168170
168171
168173
168180
168181
168182
168469
168512
168513
168514
168515
168516
168518
168519
168520
168521
168522
168523
168525
168540
168542
168543
168544
168545
168546
168547
168551
168552
168553
168554
168555
168556
168557
168558
168565
168639
168724
168725
168726
168768
168769
168770
168771
168775
168776
168777
168778
168779
168780
168781
168782
168799
168800
168801
168802
168803
168804
168806
168807
168808
168809
168810
168811
168813
168820
168821
168822
168892
168894
168895
170049
170052
170053
170054
170055
170059
170067
170073
170076
170077
170078
170079
170080
170082
170083
170089
170090
170092
170093
170094
170095
170300
170302
170303
170388
170389
170390
170432
170433
170434
170435
170436
170438
170439
170440
170441
170442
170443
170445
170460
170462
170463
170464
170465
170466
170467
170471
170472
170473
170474
170475
170476
170477
170478
170485
170559
170688
170690
170691
170696
170697
170698
170700
170701
170702
170720
170721
170722
170724
170726
170727
170728
170730
170731
170740
170741
170742
170743
170747
171281
171284
171285
171286
171287
171288
171290
171291
171340
171342
171343
171364
171365
171366
171376
171377
171378
171379
171383
171384
171385
171386
171387
171389
171407
171429
171440
171442
171443
171448
171449
171450
171452
171453
171454
171455
175932
175934
175935
176020
176021
176022
176064
176065
176066
176068
176070
176071
176072
176073
176074
176075
176092
176094
176095
176096
176098
176099
176103
176104
176105
176106
176108
176109
176110
245796
245815
245980
245982
245999
246337
246344
246369
246379
246607
246629
246648
246650
246653
246716
246718
248068
248070
248096
248098
248099
248105
248109
248196
248198
248224
248227
248233
248279
248283
248916
248919
248923
249139
249145
249148
249150
249151
249237
249238
249281
249288
249290
249291
249313
249320
249322
249323
249333
249334
249551
249573
249584
249586
249592
249594
249597
254992
254993
254994
254999
255000
255002
255003
255005
255100
255103
255104
255106
255107
255113
255116
255117
255118
255119
255140
255141
255142
255153
255159
255160
255162
255163
255504
255506
255512
255513
255514
255517
255616
255618
255619
255624
255625
255626
255629
255630
255652
255654
255655
255665
255668
255670
255671
255675
255701
255813
255827
255833
255836
255838
255839
255852
255855
258372
258373
258374
258396
258398
258399
258400
258402
258403
258409
258412
258414
258415
259279
259312
259314
259315
259321
259324
259325
259326
259327
259668
259669
259670
259671
259841
259842
259844
259846
259847
259848
259850
259851
259853
259872
259873
259874
259875
259879
259880
259881
259882
259883
259885
259892
259893
259894
259972
259973
259974
259975
259987
259993
259996
259998
259999
260000
260002
260003
260009
260012
260013
260014
260015
260048
260049
260050
260052
260054
260055
260056
260058
260059
260061
260876
260878
260879
260901
260912
260913
260914
260915
260920
260921
260922
260924
260925
260926
261009
261012
261014
261015
261019
261057
261060
261062
261063
261064
261067
261088
261089
261090
261091
261096
261097
261098
261099
261101
261102
261109
