49277
49316
49318
49615
49637
49652
49654
49715
49721
49808
49810
49879
51001
51004
51005
51006
51088
51089
51095
51099
51141
51152
51154
51159
51160
51162
51183
51404
51406
51425
51428
51430
51435
51445
51776
51778
51784
51786
51807
51811
51816
51817
52033
52039
52043
52060
52062
52077
56524
56526
56527
56545
56548
56549
56550
56555
56561
56564
56565
56566
56567
56571
56853
56896
56897
56898
56900
56902
56903
56904
56906
56907
56921
56924
56925
56926
56927
56931
56936
56937
56938
56940
56941
56942
57023
57108
57109
57110
57152
57153
57154
57155
57159
57160
57161
57162
57163
57165
57180
57182
57183
57184
57185
57186
57187
57191
57192
57193
57194
57195
57197
57279
58160
58162
58163
58168
58169
58170
58172
58173
58174
58245
58256
58257
58258
58259
58263
58264
58265
58266
58267
58287
58309
58320
58321
58322
58324
58326
58327
58328
58330
58331
59477
59648
59650
59651
59655
59656
59657
59658
59659
59676
59678
59679
59680
59682
59683
59688
59689
59690
59693
59763
59769
59772
59773
59774
59788
59789
59790
59791
59809
59812
59813
59814
59815
59819
59828
59829
59830
60159
60672
60673
60674
60676
60678
60679
60683
60700
60701
60702
60707
60713
60716
60717
60718
60786
60787
60792
60793
60794
60797
60815
60836
60837
60838
60849
60852
60854
60855
60859
132035
132041
132044
132045
132046
132047
132065
132068
132069
132070
132071
132075
132081
132084
132085
132086
132087
132091
133441
133444
133445
133446
133447
133451
133459
133465
133468
133469
133470
133471
133475
133481
133484
133485
133486
133487
134161
134164
134165
134166
134167
134171
134211
134217
134220
134221
134222
134223
134241
134244
134245
134246
134247
134251
134256
134257
134260
134261
134262
134263
134266
134267
134323
134329
134332
134333
134334
134335
134595
134601
134604
134605
134606
134607
134625
134628
134629
134630
134631
134635
134640
134641
134642
134644
134645
134646
134647
134648
134650
134651
134704
134706
134707
134712
134713
134714
134716
134717
134718
134719
134800
134801
134802
134804
134805
134806
134807
134808
134810
134811
134849
134852
134853
134854
134855
134859
134864
134866
134867
134872
134873
134874
134876
134877
134878
134879
134883
134889
134892
134893
134894
134895
139585
139588
139589
139590
139591
139595
139600
139602
139603
139608
139609
139610
139612
139613
139614
139615
139619
139625
139628
139629
139630
139631
140336
140338
140339
140344
140345
140346
140348
140349
140350
140432
140433
140434
140436
140438
140439
140440
140442
140443
140484
140485
140486
140496
140498
140499
140504
140505
140506
140508
140509
140510
140511
140524
140526
140527
140816
140817
140818
140820
140821
140822
140823
140824
140826
140827
140867
140873
140876
140878
140879
140897
140900
140901
140902
140903
140912
140913
140914
140916
140918
140919
140920
140922
140923
140976
140978
140979
140984
140985
140986
140988
140989
140990
140991
141121
141124
141125
141126
141127
141131
141136
141138
141139
141144
141145
141146
141148
141149
141150
141151
141155
141161
141164
141165
141166
141167
142284
142286
142287
142305
142308
142309
142310
142311
142320
142321
142322
142324
142326
142327
142328
142330
142331
144400
144401
144402
144404
144405
144406
144407
144408
144410
144411
144451
144457
144460
144461
144462
144463
144481
144484
144485
144486
144487
144491
144496
144497
144498
144500
144501
144502
144503
144504
144506
144507
144560
144562
144563
144568
144569
144570
144572
144573
144574
144575
144832
144834
144835
144840
144841
144842
144844
144845
144846
144864
144865
144866
144868
144870
144871
144872
144874
144875
144884
144885
144886
144947
144953
144956
144957
144958
144959
145041
145044
145045
145046
145047
145051
145088
145089
145092
145093
145094
145095
145099
145107
145113
145116
145117
145118
145119
145123
145129
145132
145133
145134
145135
212019
212025
212028
212029
212030
212031
212113
212116
212117
212118
212119
212123
212161
212164
212165
212166
212167
212171
212178
212179
212184
212185
212188
212189
212190
212191
212195
212201
212204
212205
212206
212207
212481
212484
212485
212486
212496
212497
212498
212499
212500
212502
212503
212504
212505
212506
212507
212509
212526
212527
212553
212556
212557
212558
212559
212577
212580
212581
212582
212583
212587
212592
212593
212594
212596
212597
212598
212599
212600
212602
212603
212656
212658
212659
212663
212664
212665
212666
212668
212669
212670
212804
212805
212816
212817
212818
212820
212821
212822
212823
212824
212826
212827
212847
278546
278599
278617
278636
278796
278797
278814
278819
278824
278826
278863
278880
278881
278884
278886
278891
278962
279600
279601
279602
279604
279606
279611
279667
279671
279672
279673
279674
279692
279694
279711
279714
279719
279722
279868
279869
279870
279935
279936
279937
279938
279940
279942
279947
279955
279959
279960
279961
279962
279982
279983
280259
280264
280265
280266
280284
280285
280297
280300
280301
281572
281573
281589
282816
282817
282818
282820
282821
282822
282827
282832
282834
282835
282838
282839
282840
282841
282842
282843
282862
282863
283084
283085
283086
283100
283101
283102
283103
283106
283107
283111
283112
283113
283114
283187
283191
283192
283193
283194
283196
283197
283260
283261
283262
283267
283271
283272
283273
283274
283283
283288
283289
283290
283292
283293
283294
283305
283308
283309
283310
283855
283873
283876
283877
283888
283889
283890
283892
283893
283894
283895
283899
284156
284157
284158
284159
284160
284162
284163
284167
284168
284169
284170
284171
284172
284173
284179
284184
284185
284186
284188
284189
284190
284195
284199
284200
284201
284202
284204
284205
284206
284236
284237
284238
284239
284254
284255
284256
284257
284258
284259
284260
284261
284262
284263
284264
284265
284266
284267
284336
284338
284339
284342
284343
284344
284345
284346
284347
284349
285455
285472
285473
285476
285477
285478
285483
285488
285489
285490
285492
285493
285494
285499
285552
285553
285554
285555
285556
285557
285558
285559
285560
285562
285563
285582
285583
285599
285600
285601
285602
285604
285605
285606
285607
285611
285621
290623
290693
290704
290705
290708
290709
290710
290715
290756
290757
290768
290769
290770
290772
290773
290774
290779
