32804
32823
32988
32990
33007
33345
33352
33377
33387
33615
33637
33656
33658
33661
33724
33726
35076
35078
35104
35106
35107
35113
35117
35204
35206
35232
35235
35241
35287
35291
35924
35927
35931
36147
36153
36156
36158
36159
36245
36246
36289
36296
36298
36299
36321
36328
36330
36331
36341
36342
36559
36581
36592
36594
36600
36602
36605
42000
42001
42002
42007
42008
42010
42011
42013
42108
42111
42112
42114
42115
42121
42124
42125
42126
42127
42148
42149
42150
42161
42167
42168
42170
42171
42512
42514
42520
42521
42522
42525
42624
42626
42627
42632
42633
42634
42637
42638
42660
42662
42663
42673
42676
42678
42679
42683
42709
42821
42835
42841
42844
42846
42847
42860
42863
45380
45381
45382
45404
45406
45407
45408
45410
45411
45417
45420
45422
45423
46287
46320
46322
46323
46329
46332
46333
46334
46335
46676
46677
46678
46679
46849
46850
46852
46854
46855
46856
46858
46859
46861
46880
46881
46882
46883
46887
46888
46889
46890
46891
46893
46900
46901
46902
46980
46981
46982
46983
46995
47001
47004
47006
47007
47008
47010
47011
47017
47020
47021
47022
47023
47056
47057
47058
47060
47062
47063
47064
47066
47067
47069
47884
47886
47887
47909
47920
47921
47922
47923
47928
47929
47930
47932
47933
47934
48017
48020
48022
48023
48027
48065
48068
48070
48071
48072
48075
48096
48097
48098
48099
48104
48105
48106
48107
48109
48110
48117
115988
115989
115990
115995
116032
116034
116035
116040
116041
116042
116044
116045
116046
116064
116065
116066
116068
116070
116071
116072
116074
116075
116084
116085
116086
116156
116158
116159
118847
118933
118976
118977
118978
118979
118983
118984
118985
118986
118987
118988
118989
118990
119007
119008
119009
119010
119011
119012
119014
119015
119016
119017
119018
119019
119021
119028
119029
119030
119317
119360
119361
119362
119363
119364
119366
119367
119368
119369
119370
119371
119373
119388
119390
119391
119392
119393
119394
119395
119399
119400
119401
119402
119403
119404
119405
119406
119413
119487
119572
119573
119574
119616
119617
119618
119619
119623
119624
119625
119626
119627
119628
119629
119630
119647
119648
119649
119650
119651
119652
119654
119655
119656
119657
119658
119659
119661
119668
119669
119670
119740
119742
119743
120897
120900
120901
120902
120903
120907
120915
120921
120924
120925
120926
120927
120928
120930
120931
120937
120938
120940
120941
120942
120943
121148
121150
121151
121236
121237
121238
121280
121281
121282
121283
121284
121286
121287
121288
121289
121290
121291
121293
121308
121310
121311
121312
121313
121314
121315
121319
121320
121321
121322
121323
121324
121325
121326
121333
121407
121536
121538
121539
121544
121545
121546
121548
121549
121550
121568
121569
121570
121572
121574
121575
121576
121578
121579
121588
121589
121590
121591
121595
122129
122132
122133
122134
122135
122136
122138
122139
122188
122190
122191
122212
122213
122214
122224
122225
122226
122227
122231
122232
122233
122234
122235
122237
122255
122277
122288
122290
122291
122296
122297
122298
122300
122301
122302
122303
126780
126782
126783
126868
126869
126870
126912
126913
126914
126916
126918
126919
126920
126921
126922
126923
126940
126942
126943
126944
126946
126947
126951
126952
126953
126954
126956
126957
126958
200768
200769
200770
200772
200773
200774
200775
200776
200778
200779
200787
200793
200796
200797
200798
200799
200800
200802
200803
200808
200809
200810
200812
200813
200814
201011
201017
201020
201021
201022
201023
201105
201108
201109
201110
201111
201115
201152
201153
201154
201156
201157
201158
201159
201160
201162
201163
201171
201177
201180
201181
201182
201183
201184
201186
201187
201192
201193
201194
201196
201197
201198
201199
201408
201410
201411
201416
201417
201418
201420
201421
201422
201423
201440
201441
201442
201444
201445
201446
201447
201448
201450
201451
201457
201460
201461
201462
201463
201467
202559
202688
202690
202691
202696
202697
202698
202700
202701
202702
202703
202721
202724
202725
202726
202727
202731
202737
202740
202742
202743
202744
202746
202747
202803
202812
202814
202815
202900
202901
202902
202944
202945
202946
202947
202948
202951
202952
202953
202954
202955
202957
202975
202976
202977
202978
202979
202980
202983
202984
202985
202986
202987
202989
202996
202997
202998
203328
203329
203330
203332
203334
203335
203336
203338
203339
203356
203358
203359
203360
203361
203362
203363
203368
203369
203370
203372
203373
203374
203381
203540
203541
203542
203547
203584
203586
203587
203592
203593
203594
203596
203597
203598
203599
203616
203617
203618
203620
203621
203622
203623
203624
203626
203627
203633
203636
203637
203638
203639
203643
203699
203705
203708
203709
203710
203711
278577
278726
278752
278754
279109
279148
279150
279322
279426
279437
279460
279463
279479
279509
280852
280854
280855
280956
280959
280975
280997
281008
281010
281021
281671
281675
281697
281704
281706
281707
281709
281717
282113
282119
282120
282122
282123
282145
282152
282154
282155
282164
282166
282256
282258
282259
282265
282268
282270
282320
282323
282329
282332
282334
282351
282452
282454
282455
287824
287825
287826
287832
287834
287835
287837
288204
288207
288229
288240
288242
288243
288249
288253
288254
288307
288313
288316
288318
288319
288405
288448
288449
288450
288456
288457
288458
288461
288484
288486
288487
288491
288497
288500
288502
288503
288507
291077
291078
291100
291103
291104
291106
291107
291113
291116
291118
291119
291204
291205
291206
291207
291231
291232
291234
291235
291241
291244
291245
291246
291247
291253
291281
291282
291287
291288
291290
291291
291293
292869
292870
292880
292882
292883
292889
292892
292893
292894
292895
292899
292905
292908
292910
292911
292993
292996
292998
292999
293000
293002
293003
293024
293025
293026
293031
293032
293033
293034
293035
293037
293044
293045
293046
293047
293073
293076
293077
293078
293079
293083
293397
293440
293443
293449
293452
293454
293455
293477
293488
293489
293490
293491
293496
293497
293498
293499
293500
293501
293502
293552
293555
293561
293564
293566
293567
293696
293697
293698
293699
293704
293705
293706
293707
293708
293709
293710
293732
293734
293735
293739
293745
293748
293750
293751
293752
293754
293755
294224
294225
294226
294227
294232
294233
294234
294235
294236
294237
294238
294255
