16399
16441
16614
16625
16632
16983
17195
17204
17207
17297
17306
17309
17378
17397
18768
18770
18771
18777
18780
18782
19487
19500
19503
19589
19616
19619
19625
19628
19630
19631
19664
19666
19673
19678
20036
20038
20039
20065
20072
20074
20077
20085
20086
20241
20248
20250
20251
20253
20353
20360
20362
20363
20365
20388
20391
20395
20404
20407
20436
20438
20439
25920
25921
25922
25923
25929
25930
25933
25934
25956
25957
25958
25969
25976
25978
25979
25981
28693
28787
28796
28799
28800
28802
28803
28809
28812
28814
28815
28837
28848
28850
28851
28857
28860
28862
28863
29205
29206
29308
29311
29312
29314
29315
29321
29324
29326
29327
29349
29360
29362
29363
29369
29372
29373
29374
29375
29397
29504
29505
29506
29507
29512
29513
29514
29515
29516
29517
29518
29540
29541
29542
29543
29553
29554
29560
29562
29563
29565
30993
30996
30999
31000
31002
31003
31005
31105
31108
31111
31112
31114
31115
31117
31137
31140
31142
31143
31144
31146
31147
31153
31156
31158
31159
31160
31162
31163
31188
31190
31191
31195
31812
31814
31815
31840
31841
31842
31848
31849
31850
31851
31853
31854
31860
31861
31862
31863
32261
32262
32272
32274
32275
32281
32284
32286
32287
32288
32290
32291
32297
32300
32302
32303
32309
32389
32390
32403
32412
32415
32416
32418
32419
32425
32426
32428
32429
32430
32431
32437
32464
32465
32466
32467
32472
32473
32474
32475
32476
32477
32478
32479
32592
32593
32594
32595
32600
32601
32602
32603
32604
32605
32606
32607
32620
32623
103488
103489
103490
103492
103493
103494
103495
103496
103498
103499
103507
103513
103516
103517
103518
103519
103520
103522
103523
103528
103529
103530
103532
103533
103534
103535
103740
103742
103743
103829
103830
103872
103873
103874
103875
103879
103880
103881
103882
103883
103885
103886
103905
103906
103908
103910
103911
103912
103914
103915
103917
103921
103924
103925
103926
103927
103931
103999
104085
104128
104129
104130
104131
104136
104137
104138
104140
104141
104142
104160
104161
104162
104164
104166
104167
104168
104170
104171
104180
104181
104182
104183
104187
180497
180500
180501
180502
180503
180507
180544
180546
180547
180552
180553
180554
180556
180557
180558
180559
180576
180577
180578
180580
180581
180582
180583
180584
180586
180587
180593
180596
180597
180598
180599
180603
180659
180665
180668
180669
180670
180671
181440
181442
181443
181448
181449
181450
181452
181453
181454
181455
181472
181473
181474
181476
181477
181478
181479
181480
181482
181483
181489
181492
181493
181494
181499
181824
181825
181826
181828
181830
181831
181832
181834
181835
181852
181853
181854
181855
181856
181858
181859
181864
181865
181866
181868
181869
181870
182036
182037
182038
182080
182082
182083
182088
182089
182090
182092
182093
182094
182112
182113
182114
182116
182118
182119
182120
182122
182123
182132
182133
182134
182204
182206
182207
183091
183097
183100
183101
183102
183103
183185
183188
183189
183190
183191
183195
183232
183233
183234
183236
183237
183238
183239
183240
183242
183243
183251
183257
183260
183261
183262
183263
183264
183266
183267
183272
183273
183274
183276
183277
183278
183279
187584
187586
187587
187592
187593
187594
187596
187597
187598
187616
187617
187618
187620
187622
187623
187624
187626
187627
187636
187637
187638
187969
187970
187972
187973
187974
187975
187976
187978
187979
187987
187993
187996
187997
187998
187999
188000
188002
188003
188008
188009
188010
188012
188013
188014
188015
188177
188180
188181
188182
188183
188187
188227
188233
188236
188237
188238
188239
188257
188260
188261
188262
188263
188267
188273
188276
188277
188278
188279
188280
188282
188283
188339
188345
188348
188349
188350
188351
189244
189246
189247
189332
189333
189334
189376
189377
189378
189380
189382
189383
189384
189386
189387
189404
189406
189407
189408
189410
189411
189416
189417
189418
189420
189421
189422
190740
190741
190742
190784
190785
190786
190787
190791
190792
190793
190794
190795
190796
190797
190798
190815
190816
190817
190818
190820
190822
190823
190824
190825
190826
190827
190836
190837
190838
190908
190910
190911
191509
191552
191553
191554
191555
191556
191558
191559
191560
191561
191562
191563
191565
191580
191582
191583
191584
191585
191586
191587
191591
191592
191593
191594
191595
191596
191597
191598
191679
191804
191806
191807
191892
191893
191894
191936
191937
191938
191940
191942
191943
191944
191946
191947
191964
191966
191967
191968
191970
191971
191976
191977
191978
191980
191981
191982
192192
192194
192195
192199
192200
192201
192202
192204
192205
192206
192223
192224
192225
192226
192228
192230
192231
192232
192233
192234
192235
192244
192245
192246
262177
262187
262276
262278
262680
262682
262771
262777
262799
262840
262842
262995
263001
263005
264257
264263
264267
264288
264290
264296
264298
264301
264652
264654
264676
264678
264695
264764
264766
264767
264853
264897
264903
264907
264928
264930
264937
264938
264941
265493
265539
265545
265548
265550
265572
265574
265585
265588
265590
265591
265595
265660
265662
265663
270596
270597
270598
270611
270617
270620
270621
270622
270623
270627
270633
270636
270637
270638
270639
270719
270720
270722
270723
270728
270729
270730
270732
270733
270734
270753
270756
270758
270759
270760
270762
270763
270772
270773
270774
270775
272143
272165
272176
272177
272178
272184
272186
272187
272272
272273
272274
272280
272282
272283
272325
272336
272339
272345
272349
272350
272367
272624
272626
272627
272633
272636
272637
272638
272977
272980
272982
272983
272987
273156
273158
273159
273180
273182
273183
273187
273193
273196
273197
273198
273280
273281
273282
273283
273288
273289
273290
273291
273293
273312
273313
273314
273319
273320
273322
273323
273332
273333
273334
273365
275536
275537
275538
275540
275542
275543
275544
275546
275547
275727
275749
275760
275761
275762
275763
275767
275768
275769
275770
275771
275773
275856
275857
275858
275860
275862
275863
275864
275866
275867
275869
275908
275909
275910
275920
275922
275923
275928
275929
275930
275932
275933
275934
275935
275948
275950
275951
276175
276197
276208
276209
276210
276211
276216
276217
276218
276220
276221
276222
