20
70
75
111
275
279
282
323
327
328
329
330
344
345
364
365
444
446
1052
1053
1064
1065
1100
1101
1102
1116
1117
1118
1123
1127
1128
1129
1130
1203
1208
1209
1210
1294
1311
1314
1318
1319
1322
1323
1359
1375
1376
1377
1378
1380
1381
1382
1387
1456
1457
1458
1460
1462
1467
1779
1783
1786
3069
4111
4128
4129
4132
4133
4134
4139
4144
4145
4148
4149
4208
4209
4210
4212
4213
4214
4219
4239
4256
4257
4258
4260
4261
4262
4267
4272
4273
4276
4277
4400
4401
4402
4404
4405
4406
4407
4410
4411
4464
4466
4467
4470
4471
4472
4473
4474
4475
4492
4493
4494
4495
4510
4511
4512
4513
4514
4515
4516
4517
4518
4519
4520
4522
4523
4815
4831
4832
4833
4834
4836
4837
4838
4843
5171
5175
5176
5177
5178
5235
5239
5240
5241
5242
5244
5245
5246
5251
5256
5257
5258
5260
5261
5262
5272
5273
5276
5277
5278
5283
5287
5288
5289
5290
5292
5293
5432
5433
5436
5437
5438
5500
5501
5502
5503
5504
5505
5506
5507
5508
5509
5510
5511
5512
5513
5514
5515
5522
5523
5526
5527
5528
5529
5530
5531
5532
5533
5548
5549
5550
5551
5827
5831
5832
5833
5834
5836
5837
5838
5843
5847
5848
5849
5850
5852
5853
5854
5859
5863
5864
5865
5866
5868
5869
5870
7116
7117
7118
7132
7133
7134
7135
7138
7139
7142
7143
7144
7145
7146
7147
12272
12273
12274
12276
12277
12278
12283
98063
98084
98085
98096
98097
98098
98099
98102
98103
98104
98105
98106
98107
98109
98176
98177
98180
98181
98182
98183
98187
98192
98193
98194
98195
98199
98200
98201
98202
98203
98204
98205
98206
98220
98222
98223
98245
98256
98257
98258
98260
98261
98262
98263
98266
98267
229583
229605
229616
229617
229618
229619
229623
229624
229625
229626
229627
229629
229957
229968
229969
229970
229971
229975
229976
229977
229978
229979
229981
229999
230149
230160
230161
230162
230163
230167
230168
230169
230170
230171
230173
230191
230223
230245
230256
230257
230258
230259
230263
230264
230265
230266
230267
230269
230287
230309
230320
230321
230322
230323
230327
230328
230329
230330
230331
230333
231493
231504
231505
231506
231507
231510
231511
231512
231513
231514
231515
231517
231535
231695
231717
231728
231729
231730
231731
231735
231736
231737
231738
231739
231741
231813
231824
231825
231826
231827
231831
231832
231833
231834
231835
231837
231855
231877
231888
231889
231890
231891
231895
231896
231897
231898
231899
231901
231919
232143
232165
232176
232177
232178
232179
232183
232184
232185
232186
232187
232189
232708
232709
232710
232720
232721
232722
232723
232727
232728
232729
232730
232731
232732
232733
232734
232748
232750
232751
232783
232805
232816
232817
232818
232819
232823
232824
232825
232826
232827
232828
232829
232830
232844
232846
232847
232868
232869
232870
232880
232881
232882
232883
232884
232886
232887
232888
232889
232890
232891
232893
237637
237648
237649
237650
237651
237655
237656
237657
237658
237659
237661
237679
237836
237838
237839
237860
237861
237862
237872
237873
237874
237875
237876
237878
237879
237880
237881
237882
237883
237885
237956
237957
237958
237968
237969
237970
237971
237975
237976
237977
237978
237979
237980
237981
237982
237996
237998
237999
238021
238032
238033
238034
238035
238036
238038
238039
238040
238041
238042
238043
238045
238063
238287
238309
238320
238321
238322
238323
238327
238328
238329
238330
238331
238332
238333
239372
239374
239375
239396
239397
239398
239408
239409
239410
239411
239412
239414
239415
239416
239417
239418
239419
239421
239492
239493
239494
239504
239505
239506
239507
239511
239512
239513
239514
239515
239516
239517
239518
239532
239534
239535
239557
239568
239569
239570
239571
239572
239574
239575
239576
239577
239578
239579
239581
239599
239823
239845
239856
239857
239858
239859
239863
239864
239865
239866
239867
239868
239869
239870
240197
240208
240209
240210
240211
240212
240214
240215
240216
240217
240218
240219
240221
240239
240388
240389
240390
240400
240401
240402
240403
240407
240408
240409
240410
240411
240412
240413
240414
240428
240430
240431
240463
240485
240496
240497
240498
240499
240503
240504
240505
240506
240507
240508
240509
240510
240524
240526
240527
240548
240549
240550
240560
240561
240562
240563
240564
240566
240567
240568
240569
240570
240571
240573
242949
242960
242961
242962
242963
242967
242968
242969
242970
242971
242973
242991
243023
243044
243045
243056
243057
243058
243059
243060
243062
243063
243064
243065
243066
243067
243069
243087
243109
243120
243121
243122
243123
243127
243128
243129
243130
243131
243133
311437
311463
311467
311801
311805
311860
311862
311964
311966
311980
311982
313294
313295
313316
313317
313318
313329
313332
313334
313335
313339
313395
313401
313405
313489
313495
313499
313541
313552
313554
313555
313560
313561
313562
313583
313861
313875
313881
313903
313968
313970
313976
313978
314032
314034
314040
314042
314193
314199
314203
319280
319282
319283
319288
319289
319290
319292
319293
319294
319376
319377
319378
319380
319382
319383
319384
319386
319387
319428
319429
319430
319440
319442
319443
319447
319448
319449
319450
319451
319452
319453
319454
319468
319470
319471
319692
319694
319695
319713
319716
319717
319718
319723
319728
319729
319730
319732
319733
319734
319735
319739
320065
320068
320069
320070
320071
320075
320083
320089
320092
320093
320094
320095
320099
320105
320108
320109
320110
320111
320273
320276
320277
320278
320283
320323
320328
320329
320330
320332
320333
320334
320352
320353
320354
320356
320358
320359
320360
320362
320363
320372
320373
320374
320444
320446
320447
321556
321557
321558
321603
321609
321612
321613
321614
321632
321633
321634
321636
321638
321639
321643
321653
321724
321726
321727
321855
321941
321984
321985
321986
321991
321992
321994
321995
322015
322016
322018
322019
322024
322025
322026
322029
322111
322197
322240
322241
322242
322247
322248
322250
322251
322271
322272
322274
322275
322280
322281
322282
322285
322881
322884
322886
322891
322908
322909
322910
322924
322926
