14
151
232
234
592
595
601
796
798
900
902
903
941
949
987
2368
2370
2377
2406
2417
2424
2427
3093
3148
3151
3173
3184
3186
3193
3197
3260
3263
3600
3602
3609
3610
3613
3713
3720
3722
3723
3745
3751
3752
3755
3764
3766
3767
3796
3798
3909
3935
3936
3939
3945
3948
3950
3951
9473
9480
9482
9483
9485
9508
9510
9511
9515
9524
9526
9527
9531
9617
9618
9624
9626
9627
9629
9669
9670
9696
9698
9699
9705
9708
9710
9711
9717
12372
12373
12374
12592
12595
12601
12604
12606
12607
12693
12736
12738
12739
12745
12746
12748
12749
12750
12772
12773
12774
12775
12785
12791
12792
12794
12795
12797
12995
13004
13006
13007
13029
13040
13042
13043
13049
13052
13053
13054
13055
14401
14404
14405
14406
14407
14411
14432
14433
14434
14435
14440
14441
14442
14443
14444
14445
14446
14452
14453
14454
14852
14854
14855
14859
14880
14881
14882
14888
14889
14890
14891
14893
14900
14901
14902
14981
14992
14994
14995
15001
15004
15005
15006
15007
15020
15023
15045
15056
15058
15059
15065
15068
15070
15071
15075
15084
15086
15087
15185
15188
15190
15191
15192
15194
15195
15633
15636
15638
15639
15640
15642
15643
15645
15731
15740
15742
15743
15744
15746
15747
15753
15754
15756
15757
15758
15759
15780
15781
15782
15783
15792
15793
15794
15799
15800
15801
15802
15803
15805
15829
86277
86288
86289
86290
86291
86292
86295
86296
86297
86298
86299
86301
86319
86348
86351
86373
86374
86384
86385
86386
86387
86388
86391
86392
86393
86394
86395
86397
86415
86437
86448
86449
86450
86451
86455
86456
86457
86458
86459
86461
86462
87247
87269
87280
87281
87282
87283
87287
87288
87289
87290
87291
87292
87293
87294
87632
87633
87634
87636
87638
87639
87640
87641
87642
87643
87645
87812
87813
87814
87824
87826
87827
87832
87833
87834
87836
87837
87838
87839
87843
87849
87852
87854
87855
87935
87936
87937
87938
87939
87944
87945
87946
87947
87948
87949
87950
87969
87970
87972
87973
87974
87975
87976
87978
87979
87985
87988
87989
87990
87991
87995
88021
88844
88847
88869
88880
88881
88882
88883
88887
88888
88889
88890
88891
88893
88965
88976
88977
88978
88979
88980
88983
88984
88985
88986
88987
88989
89007
89029
89030
89040
89041
89042
89043
89047
89048
89049
89050
89051
89053
89054
89068
89071
164933
164944
164945
164946
164947
164951
164952
164953
164954
164955
164957
164975
165135
165157
165168
165169
165170
165171
165175
165176
165177
165178
165179
165181
165252
165253
165254
165264
165265
165266
165267
165271
165272
165273
165274
165275
165277
165278
165292
165295
165317
165328
165329
165330
165331
165332
165334
165335
165336
165337
165338
165339
165341
165359
165583
165605
165616
165617
165618
165619
165623
165624
165625
165626
165627
165629
168716
168718
168719
168740
168741
168742
168752
168753
168754
168756
168758
168759
168760
168761
168762
168763
168836
168837
168838
168848
168849
168850
168851
168855
168856
168857
168858
168860
168861
168862
168876
168878
168879
168912
168913
168914
168915
168916
168918
168919
168920
168921
168922
168923
168925
168943
170245
170256
170257
170258
170259
170263
170264
170265
170266
170267
170268
170269
170270
170284
170287
170319
170341
170352
170353
170354
170355
170359
170360
170361
170362
170363
170364
170365
170366
170380
170382
170383
170404
170405
170406
170416
170417
170418
170419
170420
170422
170423
170424
170425
170426
170427
170429
171077
171088
171089
171090
171091
171095
171096
171097
171098
171099
171101
171119
171279
171301
171312
171313
171314
171315
171320
171321
171322
171324
171325
171326
171408
171409
171410
171412
171414
171415
171416
171418
171419
171457
171460
171461
171462
171463
171467
171475
171481
171484
171485
171486
171487
171488
171491
171497
171500
171501
171502
171503
171724
171726
171727
171748
171749
171750
171760
171761
171762
171763
171764
171767
171768
171769
171770
171771
171773
175311
175333
175344
175345
175346
175347
175351
175352
175353
175354
175355
175356
175357
175358
175685
175696
175697
175698
175699
175700
175702
175703
175704
175705
175706
175707
175709
175727
175876
175877
175878
175888
175889
175890
175891
175895
175896
175897
175898
175899
175900
175901
175902
175916
175918
175919
175951
175973
175984
175985
175986
175987
175991
175992
175993
175994
175995
175996
175997
175998
176012
176014
176015
176036
176037
176038
176048
176049
176050
176051
176052
176054
176055
176056
176057
176058
176059
176061
245913
245968
245981
246339
246345
246372
246374
246391
246592
246594
246605
246631
246644
246646
247893
248067
248073
248076
248078
248100
248102
248113
248119
248123
248208
248210
248216
248218
248221
248275
248281
248286
248303
248575
249088
249090
249096
249098
249101
249121
249127
249131
249140
249142
249221
249235
249241
249244
249246
249263
249296
249298
249304
249306
249309
254293
254976
254978
254979
254985
254988
254989
254990
255012
255013
255014
255015
255025
255028
255030
255031
255032
255035
255120
255121
255122
255123
255128
255129
255130
255133
255173
255184
255186
255187
255193
255196
255197
255198
255212
255215
255552
255553
255554
255560
255561
255562
255565
255585
255588
255591
255592
255595
255604
255605
255606
255765
255811
255817
255820
255822
255844
255845
255846
255857
255863
255864
255867
255932
255935
257020
257023
259072
259073
259074
259075
259080
259081
259082
259085
259086
259105
259108
259110
259111
259112
259115
259124
259125
259126
259127
259131
259205
259216
259218
259219
259225
259226
259228
259229
259230
259244
259246
259247
259269
259280
259281
259282
259283
259288
259289
259290
259291
259292
259293
259294
259311
259605
259606
259648
259650
259651
259656
259657
259658
259660
259661
259662
259663
259681
259684
259685
259686
259687
259691
259697
259700
259702
259703
259704
259706
259707
259772
259774
259775
259904
259905
259906
259907
259911
259912
259913
259914
259915
259917
259936
259937
259938
259940
259942
259943
259944
259946
259947
259949
259956
259957
259958
259959
260031
