115
121
180
460
462
484
486
501
573
663
667
720
722
1840
1842
1843
1848
1850
1924
1925
1938
1939
1944
1945
1946
1967
2001
2004
2006
2011
2255
2277
2289
2292
2294
2295
2299
2625
2631
2635
2652
2654
2668
2669
2670
2837
2880
2882
2888
2890
2911
2915
2920
2921
3007
7360
7361
7362
7363
7367
7368
7369
7370
7371
7373
7388
7390
7391
7392
7394
7395
7399
7400
7401
7402
7405
7685
7696
7697
7698
7700
7702
7703
7704
7706
7707
7747
7753
7756
7757
7758
7759
7776
7777
7778
7780
7781
7782
7783
7787
7793
7796
7797
7798
7859
7864
7865
7868
7869
7870
8004
8005
8006
8016
8017
8018
8019
8023
8024
8025
8026
8027
8029
8044
8046
8047
9023
9108
9109
9110
9152
9153
9154
9156
9158
9159
9163
9171
9177
9180
9181
9182
9187
9193
9196
9197
9198
9199
10497
10500
10501
10502
10515
10520
10521
10522
10525
10540
10542
10543
10575
10597
10608
10609
10610
10612
10614
10615
10616
10618
10619
10672
10673
10674
10675
10679
10680
10681
10682
10683
11345
11348
11349
11350
11355
11523
11528
11529
11530
11533
11551
11552
11553
11554
11559
11560
11562
11563
11644
11646
11651
11657
11660
11661
11662
11680
11681
11682
11687
11690
11691
11701
12028
12030
12031
82928
82930
82931
82936
82937
82938
82940
82941
82942
82943
84304
84305
84306
84308
84309
84310
84311
84312
84314
84315
84993
84996
84997
84998
84999
85003
85008
85010
85011
85016
85017
85018
85020
85021
85022
85023
85027
85033
85036
85037
85038
85039
85106
85107
85112
85113
85116
85117
85118
85119
85123
85129
85132
85133
85134
85135
85153
85156
85157
85158
85159
85163
85168
85169
85170
85172
85173
85174
85175
85176
85178
85179
85491
85497
85500
85501
85502
85503
85507
85513
85516
85517
85518
85519
85537
85540
85541
85542
85543
85547
85553
85556
85557
85558
85559
85563
85633
85636
85637
85638
85639
85643
85651
85657
85660
85661
85662
85663
85667
85673
85676
85677
85678
85679
85713
85716
85717
85718
85719
85723
90449
90452
90453
90454
90455
90459
91136
91138
91139
91144
91145
91146
91148
91149
91150
91151
91168
91169
91170
91172
91173
91174
91175
91176
91178
91179
91185
91188
91189
91190
91191
91195
91264
91265
91266
91268
91269
91270
91271
91272
91274
91275
91283
91289
91292
91293
91294
91295
91296
91298
91299
91304
91305
91306
91308
91309
91310
91311
91345
91348
91349
91350
91351
91355
91649
91652
91653
91654
91655
91658
91659
91667
91673
91676
91677
91678
91679
91680
91682
91683
91688
91689
91692
91693
91694
91695
91763
91769
91772
91773
91774
91775
91776
91778
91779
91784
91785
91786
91788
91789
91790
91791
91808
91809
91810
91812
91813
91814
91815
91816
91818
91819
91825
91828
91829
91830
91831
91835
91985
91988
91989
91990
91991
91995
93171
93177
93180
93181
93182
93183
95232
95233
95234
95236
95237
95238
95239
95240
95242
95243
95251
95257
95260
95261
95262
95263
95266
95267
95272
95273
95276
95277
95278
95279
95347
95353
95356
95357
95358
95359
95363
95369
95372
95373
95374
95375
95393
95396
95397
95398
95399
95403
95409
95412
95413
95414
95415
95419
95695
95717
95728
95729
95730
95731
95735
95736
95737
95738
95739
95741
95756
95758
95759
95780
95781
95782
95792
95793
95794
95796
95798
95799
95800
95802
95803
95873
95876
95877
95878
95879
95883
95888
95890
95891
95896
95897
95898
95900
95901
95902
95913
95916
95917
95918
95919
95952
95953
95954
95956
95957
95958
95959
95960
95962
95963
244739
244745
244748
244749
244750
244751
244769
244772
244773
244774
244775
244779
244784
244785
244786
244788
244789
244790
244791
244792
244794
244795
244865
244868
244869
244870
244871
244875
244880
244882
244883
244888
244889
244890
244892
244893
244894
244895
244899
244905
244908
244909
244910
244911
244944
244945
244948
244949
244950
244951
244954
244955
245244
245245
245246
245247
245248
245250
245251
245255
245256
245257
245258
245259
245260
245261
245262
245276
245278
245279
245280
245281
245282
245283
245287
245288
245289
245290
245291
245292
245293
245301
245363
245369
245372
245373
245374
245375
245379
245384
245385
245388
245389
245390
245391
245408
245409
245410
245412
245413
245414
245415
245416
245418
245419
245425
245428
245429
245430
245435
311300
311363
311370
311405
311566
311591
311653
311669
311728
311729
311734
311739
312057
312375
312378
312444
312445
312446
312457
312461
312476
312477
312478
312483
312488
312489
312639
312709
312720
312721
312722
312724
312725
312726
312731
312784
312785
312788
312789
312790
312795
313024
313026
313030
313031
313035
313043
313047
313048
313049
313050
313070
314319
314336
314337
314338
314342
314347
315587
315591
315592
315593
315594
315597
315612
315613
315614
315619
315624
315625
315626
315628
315629
315855
315872
315873
315876
315877
315878
315883
315888
315889
315890
315892
315893
315894
315899
315941
315952
315953
315954
315956
315957
315958
315963
316019
316023
316024
316025
316026
316044
316045
316046
316047
316063
316064
316065
316066
316067
316068
316070
316071
316072
316074
316075
316659
316664
316665
316666
316668
316669
316670
316929
316932
316933
316934
316944
316945
316946
316948
316949
316950
316951
316955
316975
316992
316993
316994
316995
316996
316998
316999
317000
317001
317002
317003
317010
317011
317015
317016
317017
317018
317020
317021
317036
317037
317038
317039
317116
317118
317119
317249
317252
317253
317254
317264
317265
317266
317268
317269
317270
317271
317274
317275
317295
318211
318216
318217
318218
318220
318221
318222
318236
318237
318238
318239
318242
318243
318247
318248
318249
318250
318253
318284
318286
318287
318303
318304
318305
318306
318308
318309
318310
318311
318315
318384
318385
318386
318387
318388
318390
318391
318392
318393
318394
318395
323388
323389
323390
323455
323456
323457
323458
323460
323462
323463
323467
323474
323475
323479
323480
323481
323482
323502
323503
