32929
32949
33267
33295
33317
33329
33335
33339
33412
33414
33492
33494
34755
34761
34764
34765
34784
34785
34791
34795
34805
34876
34878
34879
34964
34965
34966
35012
35014
35036
35037
35038
35052
35054
35344
35346
35351
35352
35354
35407
35429
35441
35447
35451
35507
35513
35517
35664
35666
35672
35674
40716
40717
40718
40719
40737
40740
40741
40742
40743
40747
40753
40756
40757
40758
40759
40763
40832
40833
40834
40836
40837
40838
40839
40840
40842
40843
40851
40857
40860
40861
40862
40863
40867
40872
40873
40876
40877
40878
40879
40913
40916
40917
40918
41203
41208
41209
41210
41212
41213
41214
41552
41553
41554
41556
41558
41559
41560
41562
41563
41732
41733
41734
41744
41746
41747
41751
41752
41753
41754
41757
41772
41774
41775
41807
41829
41840
41841
41842
41847
41848
41850
41851
41871
41893
41904
41905
41906
41907
41911
41912
41913
41914
41915
41917
43072
43073
43074
43079
43080
43082
43083
43100
43102
43103
43107
43112
43113
43114
43117
43315
43321
43324
43325
43326
43409
43412
43414
43415
43419
43460
43461
43462
43472
43474
43475
43480
43481
43482
43484
43485
43486
43500
43502
43503
43715
43721
43724
43725
43726
43745
43748
43750
43751
43755
43764
43765
43766
44309
44352
44354
44359
44360
44362
44383
44384
44386
44387
44392
44393
44394
44397
44479
114940
114942
114943
115284
115285
115286
115456
115457
115458
115459
115460
115462
115463
115464
115465
115466
115467
115469
115484
115486
115487
115488
115489
115490
115491
115495
115496
115497
115498
115499
115500
115501
115502
115509
115580
115582
115583
115584
115585
115586
115587
115591
115592
115593
115594
115595
115596
115597
115598
115615
115616
115617
115618
115619
115620
115622
115623
115624
115625
115626
115627
115629
115636
115637
115638
115669
116820
116821
116992
116993
116994
116995
116999
117000
117001
117002
117003
117004
117005
117006
117023
117024
117025
117026
117027
117028
117030
117031
117032
117033
117034
117035
117037
117044
117045
117046
117119
117120
117121
117122
117123
117124
117126
117127
117128
117129
117130
117131
117133
117148
117150
117151
117152
117153
117154
117155
117159
117160
117161
117162
117163
117164
117165
117166
117173
117204
117205
117206
117500
117502
117503
117845
118016
118017
118018
118019
118023
118024
118025
118026
118027
118029
118047
118048
118049
118050
118051
118055
118056
118057
118058
118059
118061
118069
118143
118144
118145
118146
118147
118151
118152
118153
118154
118155
118157
118175
118176
118177
118178
118179
118183
118184
118185
118186
118187
118189
118197
118229
118527
122964
122965
122966
123136
123137
123138
123139
123143
123144
123145
123146
123147
123149
123167
123168
123169
123170
123171
123175
123176
123177
123178
123179
123181
123189
123263
123264
123265
123266
123267
123271
123272
123273
123274
123275
123277
123295
123296
123297
123298
123299
123303
123304
123305
123306
123307
123309
123317
123349
123646
123647
124159
124501
124672
124673
124674
124675
124679
124680
124681
124682
124683
124685
124703
124704
124705
124706
124707
124711
124712
124713
124714
124715
124717
124725
124799
124800
124801
124802
124803
124807
124808
124809
124810
124811
124813
124831
124832
124833
124834
124835
124839
124840
124841
124842
124843
124845
124853
124885
125183
125525
125696
125697
125698
125699
125703
125704
125705
125706
125707
125709
125727
125728
125729
125730
125731
125735
125736
125737
125738
125739
125741
125749
125823
125824
125825
125826
125827
125831
125832
125833
125834
125835
125837
125855
125856
125857
125858
125859
125863
125864
125865
125866
125867
125869
125877
125909
128085
128256
128257
128258
128259
128260
128262
128263
128264
128265
128266
128267
128269
128284
128286
128287
128288
128289
128290
128291
128295
128296
128297
128298
128299
128300
128301
128302
128309
128380
128382
128383
128384
128386
128387
128392
128393
128394
128396
128397
128398
128415
128416
128417
128418
128420
128422
128423
128424
128426
128427
128436
128437
128438
128767
195839
196181
196352
196353
196354
196355
196359
196360
196361
196362
196363
196364
196365
196366
196383
196384
196385
196386
196387
196390
196391
196392
196393
196394
196395
196397
196404
196405
196467
196472
196473
196476
196477
196478
196479
196482
196483
196488
196489
196490
196492
196493
196494
196511
196512
196513
196514
196515
196516
196518
196519
196520
196521
196522
196523
196525
196532
196533
262160
262161
262210
262335
262403
262407
262410
262424
262425
262444
262445
262446
262492
262493
262505
262589
263180
263181
263182
263198
263203
263207
263210
263247
263263
263264
263265
263266
263268
263270
263275
263346
263351
263439
263456
263457
263460
263461
263476
263477
263536
263537
263538
263540
263541
263542
263547
263567
263584
263585
263588
263589
263590
263595
263605
263920
263921
263922
263924
263925
263926
263931
265203
265208
265209
265210
266290
266291
266294
266295
266298
266299
266355
266359
266360
266361
266362
266380
266381
266382
266396
266397
266398
266399
266403
266407
266408
266409
266410
266547
266552
266553
266556
266557
266558
266620
266621
266622
266627
266631
266632
266633
266634
266643
266647
266648
266649
266650
266652
266653
266665
266668
266669
266670
266947
266952
266953
266956
266957
266958
266969
266972
266973
266974
266979
266983
266984
266985
266986
266988
266989
267324
267325
267326
267327
267391
267392
267393
267394
267396
267397
267398
267399
267403
267408
267409
267410
267411
267412
267413
267414
267415
267418
267419
267438
267439
267476
267477
267583
267664
267665
267668
267669
267712
267713
267714
267716
267717
267718
267719
267722
267723
267728
267729
267730
267731
267732
267733
267734
267735
267736
267737
267738
267739
267756
267758
267759
267839
267904
267905
267908
267909
267910
267915
267920
267921
267922
267924
267925
267926
267931
267951
267968
267969
267970
267972
267973
267974
267979
267984
267985
267986
267988
267989
267990
267995
268015
269248
269249
269250
269251
269252
269253
269254
269255
269256
269257
269258
269259
269266
269267
269270
269271
269272
269273
269274
269275
269292
269293
269294
269295
274382
274383
274399
274400
274401
274402
274404
274405
274406
274411
