16431
16456
16477
16671
16672
16674
16683
16752
16753
16756
16758
16763
16820
16821
17139
17144
17146
17459
17464
17465
17535
17539
17543
17544
17546
17561
17580
17581
17582
17856
17857
17858
17860
17861
17862
17867
17874
17875
17879
17880
17882
17902
17903
17983
18068
18069
18113
18116
18117
18128
18129
18130
18132
18134
18139
18159
19404
19405
19406
19423
19431
19434
20684
20686
20687
20703
20704
20705
20706
20708
20709
20710
20711
20715
20979
20983
20984
20985
20986
21004
21005
21006
21007
21022
21023
21024
21025
21026
21027
21028
21030
21031
21032
21034
21035
21071
21089
21092
21093
21104
21105
21106
21108
21109
21110
21115
21157
21168
21169
21170
21172
21173
21174
21179
21759
22085
22096
22097
22100
22101
22102
22107
22272
22273
22274
22276
22277
22278
22283
22288
22289
22290
22291
22292
22293
22294
22295
22296
22298
22299
22318
22319
22336
22338
22339
22343
22344
22345
22346
22347
22348
22349
22355
22360
22361
22364
22365
22366
22367
22370
22371
22375
22376
22377
22378
22380
22381
22382
22460
22461
22462
22463
22783
23124
23125
23296
23297
23298
23300
23301
23302
23303
23307
23312
23313
23314
23315
23316
23318
23319
23320
23321
23322
23323
23340
23342
23343
23363
23367
23368
23369
23370
23373
23379
23384
23385
23388
23389
23390
23395
23400
23401
23402
23404
23405
23406
23484
23485
23486
23487
28466
28467
28471
28472
28473
28474
28540
28541
28542
28547
28552
28553
28554
28557
28572
28573
28574
28579
28584
28585
28586
28588
28589
111612
111614
111615
112980
112981
112982
113664
113665
113666
113668
113670
113671
113672
113674
113675
113692
113694
113695
113696
113698
113699
113704
113705
113706
113708
113709
113710
113779
113785
113788
113789
113790
113791
113792
113794
113795
113800
113801
113802
113804
113805
113806
113807
113824
113825
113826
113828
113830
113831
113832
113834
113835
113841
113844
113845
113846
114127
114148
114149
114160
114161
114162
114163
114164
114165
114166
114167
114168
114169
114170
114171
114191
114212
114213
114214
114224
114225
114226
114227
114228
114230
114231
114232
114234
114235
114304
114305
114306
114308
114309
114310
114311
114314
114315
114322
114323
114328
114329
114330
114332
114333
114334
114335
114339
114345
114348
114349
114350
114351
114385
114388
114389
114390
114391
114395
166912
166914
166915
166920
166921
166922
166924
166925
166926
166944
166945
166946
166948
166950
166951
166952
166954
166955
166964
166965
166966
167040
167041
167042
167044
167046
167047
167048
167050
167051
167065
167068
167070
167071
167072
167074
167075
167080
167081
167082
167084
167085
167086
167087
167121
167124
167125
167126
167127
167131
167424
167425
167426
167428
167429
167430
167431
167432
167434
167435
167443
167449
167452
167453
167454
167455
167456
167458
167459
167464
167465
167466
167468
167469
167470
167471
167539
167545
167548
167549
167550
167551
167552
167554
167555
167560
167561
167562
167564
167565
167566
167567
167584
167585
167586
167588
167589
167590
167591
167592
167594
167595
167601
167604
167605
167606
167607
167611
167761
167764
167765
167766
167767
167771
173057
173060
173061
173062
173063
173067
173075
173081
173084
173085
173086
173087
173091
173097
173100
173101
173102
173103
173171
173177
173180
173181
173182
173183
173187
173193
173196
173197
173198
173199
173217
173220
173221
173222
173223
173227
173233
173236
173237
173238
173239
173243
173555
173561
173564
173565
173566
173567
173568
173570
173571
173576
173577
173580
173581
173582
173583
173601
173604
173605
173606
173607
173610
173611
173617
173620
173621
173622
173623
173627
173697
173700
173701
173702
173703
173707
173715
173721
173724
173725
173726
173727
173731
173737
173740
173741
173742
173743
173777
173780
173781
173782
173783
173787
176465
176468
176469
176470
176471
176475
177155
177161
177164
177165
177166
177167
177184
177185
177188
177189
177190
177191
177194
177195
177201
177204
177205
177206
177207
177211
177280
177281
177282
177284
177285
177286
177287
177288
177290
177291
177299
177305
177308
177309
177310
177311
177312
177314
177315
177320
177321
177322
177324
177325
177326
177327
177361
177364
177365
177366
177367
177371
177660
177662
177663
177664
177665
177666
177667
177671
177672
177673
177674
177675
177677
177692
177694
177695
177696
177697
177698
177699
177703
177704
177705
177706
177707
177709
177717
177788
177790
177791
177792
177794
177795
177800
177801
177802
177804
177805
177806
177823
177824
177825
177826
177827
177828
177830
177831
177832
177834
177835
177844
177845
177846
178005
179187
179193
179196
179197
179198
179199
245805
245903
245942
246221
246241
246247
246251
246332
246334
246417
246469
246488
246490
246511
247567
247589
247601
247606
247607
247611
247680
247681
247682
247686
247687
247691
247708
247709
247710
247724
247725
247726
247765
248048
248050
248056
248058
248388
248389
248390
248403
248408
248409
248413
248431
248596
248598
248643
248649
248653
248672
248674
248679
248682
252988
252989
252990
252991
253072
253073
253074
253076
253077
253078
253079
253083
253124
253125
253126
253136
253138
253139
253143
253144
253145
253146
253147
253149
253164
253166
253167
253440
253441
253442
253444
253446
253447
253448
253450
253451
253459
253465
253468
253469
253470
253471
253475
253480
253481
253482
253484
253485
253486
253487
253552
253554
253555
253559
253560
253561
253562
253563
253565
253580
253582
253583
253601
253604
253605
253606
253616
253617
253618
253620
253621
253622
253623
253626
253627
253780
253781
253782
254915
254920
254921
254922
254924
254925
254926
254943
254944
254945
254946
254950
254951
254952
254954
254955
254965
256272
256273
256274
256276
256278
256279
256283
256323
256329
256332
256333
256334
256351
256352
256353
256354
256356
256358
256359
256360
256362
256363
256373
256444
256445
256446
256447
257092
257093
257094
257104
257106
257107
257111
257112
257113
257114
257135
257292
257294
257295
257316
257317
257318
257329
257332
257333
257334
257339
257407
257408
257410
257415
257416
257418
257419
257436
257438
257439
257443
257448
257449
257453
257779
257784
257785
257786
257789
