1
24
76
95
103
306
311
387
392
393
394
412
414
425
741
757
1219
1223
1224
1226
1244
1245
1246
1260
1261
1523
1528
1529
1530
1548
1550
1567
1568
1569
1570
1574
1575
1579
1650
1655
1656
1658
1679
1697
1700
1701
1702
1717
2879
2961
2964
2966
2971
3024
3025
3030
3035
4867
4872
4873
4874
4876
4877
4892
4893
4894
4895
4899
4903
4904
4905
4906
4909
4943
4961
4964
4965
4966
4976
4977
4980
4981
4982
4987
5040
5041
5042
5044
5046
5047
5050
5051
6083
6088
6089
6092
6093
6094
6095
6111
6112
6113
6114
6115
6116
6118
6119
6120
6121
6122
6123
6133
6195
6200
6201
6202
6204
6205
6206
6272
6273
6274
6276
6277
6278
6279
6283
6288
6289
6290
6291
6294
6295
6296
6297
6298
6299
6316
6318
6319
6353
6356
6357
6358
6363
6604
6605
6606
6623
6624
6625
6626
6627
6628
6630
6631
6632
6634
6635
6707
6711
6712
6713
6714
6716
6717
6718
6783
6784
6785
6786
6787
6788
6789
6790
6791
6792
6794
6795
6802
6803
6807
6808
6809
6810
6812
6813
6828
6829
6830
6831
6869
11516
11517
11518
11841
11844
11845
11846
11856
11857
11858
11862
11863
11864
11866
11867
11887
12049
12052
12053
12054
12096
12097
12098
12102
12103
12106
12107
12115
12120
12121
12122
12125
12140
12141
12142
12223
94437
94448
94450
94451
94456
94457
94458
94460
94461
94462
94800
94801
94802
94804
94806
94807
94808
94810
94811
94980
94981
94982
94992
94994
94995
95000
95001
95002
95004
95005
95006
95020
95022
95023
95088
95090
95091
95096
95097
95098
95100
95101
95102
95116
95118
95119
95140
95141
95142
95152
95153
95154
95156
95158
95159
95160
95162
95163
96324
96325
96326
96336
96337
96338
96339
96342
96343
96344
96345
96346
96347
96349
96366
96367
96524
96526
96527
96548
96549
96550
96560
96561
96562
96563
96564
96566
96567
96568
96570
96571
96573
96644
96645
96646
96656
96658
96659
96664
96665
96666
96668
96669
96670
96684
96686
96687
96720
96721
96722
96724
96726
96727
96728
96730
96731
96975
96997
97008
97009
97010
97011
97015
97016
97017
97018
97019
97020
97021
97022
97541
97552
97553
97554
97555
97556
97558
97559
97560
97562
97563
97583
97603
97609
97612
97613
97614
97615
97631
97632
97633
97634
97636
97637
97638
97639
97640
97642
97643
97649
97652
97653
97654
97714
97715
97720
97721
97722
97724
97725
97726
97727
233228
233230
233231
233252
233253
233254
233264
233265
233266
233267
233268
233270
233271
233272
233274
233275
233277
233348
233349
233350
233360
233361
233362
233363
233367
233368
233369
233370
233371
233372
233373
233374
233388
233390
233391
233413
233424
233425
233426
233427
233428
233430
233431
233432
233433
233434
233435
233437
233455
238852
238853
238864
238865
238866
238867
238871
238872
238873
238874
238875
238876
238877
238878
238894
238895
238927
238949
238960
238961
238962
238963
238967
238968
238969
238970
238971
238972
238973
238974
238988
238990
238991
239012
239013
239014
239024
239025
239026
239027
239028
239030
239031
239032
239033
239034
239035
239037
241733
241744
241745
241746
241747
241751
241752
241753
241754
241755
241757
241775
241935
241957
241968
241969
241970
241971
241975
241976
241977
241978
241979
241981
242053
242064
242065
242066
242067
242071
242072
242073
242074
242075
242077
242095
242117
242128
242129
242130
242131
242135
242136
242137
242138
242139
242141
242159
242383
242405
242416
242417
242418
242419
242423
242424
242425
242426
242427
242429
243465
243468
243469
243470
243471
243489
243492
243493
243494
243495
243499
243504
243505
243506
243508
243509
243510
243511
243515
243583
243584
243585
243586
243587
243588
243590
243591
243592
243594
243595
243603
243609
243612
243613
243614
243615
243618
243619
243624
243625
243626
243628
243629
243630
243668
243669
243670
243952
243954
243955
243960
243961
243962
243964
243965
243966
244293
244304
244305
244306
244307
244308
244310
244311
244312
244314
244315
244335
244484
244485
244486
244496
244497
244498
244499
244503
244504
244505
244506
244507
244508
244509
244510
244524
244526
244527
244559
244581
244592
244593
244594
244595
244599
244600
244601
244602
244603
244605
244622
244623
244644
244645
244656
244657
244658
244659
244660
244662
244663
244664
244665
244666
244667
244669
311409
311474
311479
311615
311701
311748
311750
311763
311769
312010
312030
312574
312913
312916
312918
312923
313093
313104
313106
313111
313112
313114
313135
313164
313165
313166
313184
313185
313186
313190
313191
313195
313267
313273
313276
313277
314115
314121
314125
314143
314147
314152
314154
314227
314232
314234
314255
314276
314277
314278
314292
314293
316400
316401
316402
316403
316407
316408
316409
316410
316411
317717
317760
317761
317762
317764
317766
317767
317770
317771
317779
317784
317785
317786
317788
317789
317790
317804
317805
317806
317807
317887
318485
318528
318529
318530
318532
318534
318535
318536
318538
318539
318547
318552
318553
318554
318556
318557
318558
318563
318569
318572
318573
318574
318575
318655
318735
318756
318757
318758
318768
318769
318770
318772
318773
318774
318775
318776
318778
318779
318847
318848
318849
318850
318851
318852
318854
318855
318856
318857
318858
318859
318867
318873
318876
318877
318878
318879
318883
318888
318889
318890
318892
318893
318894
318933
319183
319205
319216
319217
319218
319219
319220
319222
319223
319224
319225
319226
319227
322575
322593
322596
322597
322598
322609
322612
322613
322614
322619
322684
322686
322687
322691
322696
322697
322698
322701
322716
322718
322719
322720
322722
322723
322727
322728
322729
322730
322733
323020
323021
323022
323040
323041
323042
323046
323047
323051
323123
323129
323132
323133
323134
323204
323205
323216
323217
323218
323223
323224
323226
323227
323247
323280
323281
323284
323285
323286
323291
