16415
16508
16510
16880
16882
16888
16890
16944
16946
17043
17049
17053
17071
18368
18370
18375
18376
18378
18399
18402
18403
18408
18409
18410
18413
18624
18625
18626
18631
18632
18634
18635
18655
18659
18665
18669
18961
18971
19020
19022
19041
19044
19046
19060
19061
19062
19132
19134
19269
19283
19289
19311
23807
24149
24320
24321
24322
24323
24324
24326
24327
24328
24329
24330
24331
24348
24350
24351
24352
24354
24355
24360
24361
24362
24364
24365
24366
24435
24441
24444
24445
24446
24447
24451
24457
24460
24461
24462
24463
24480
24481
24482
24484
24485
24486
24487
24490
24491
24497
24500
24501
24502
24507
24831
25173
25344
25345
25346
25347
25351
25352
25353
25354
25355
25357
25372
25374
25375
25376
25378
25379
25384
25385
25386
25389
25459
25465
25468
25469
25470
25471
25475
25481
25484
25485
25486
25504
25505
25506
25508
25510
25511
25515
25524
25525
25526
26692
26693
26694
26707
26712
26713
26714
26717
26732
26734
26735
26895
26917
26928
26929
26930
26935
26936
26938
26939
27012
27013
27014
27024
27026
27027
27032
27033
27034
27037
27052
27054
27055
27089
27092
27093
27094
27095
27099
27343
27365
27376
27377
27378
27383
27384
27386
27387
27921
27924
27926
27927
27931
27971
27977
27980
27981
27982
28001
28004
28006
28007
28011
28020
28021
28092
28093
28094
99084
99086
99087
99108
99109
99110
99120
99121
99122
99124
99126
99127
99128
99130
99131
99204
99205
99206
99216
99218
99219
99224
99225
99226
99228
99229
99230
99244
99246
99247
99280
99281
99282
99284
99286
99287
99288
99290
99291
100612
100613
100614
100624
100626
100627
100632
100633
100634
100636
100637
100638
100652
100654
100655
100720
100722
100723
100728
100729
100730
100732
100733
100734
100748
100750
100751
100772
100773
100774
100784
100785
100786
100788
100790
100791
100792
100794
100795
101456
101457
101458
101460
101462
101463
101464
101466
101467
101469
101644
101646
101647
101668
101669
101670
101680
101681
101682
101683
101684
101686
101687
101688
101689
101690
101691
101693
101764
101765
101766
101776
101777
101778
101779
101783
101784
101785
101786
101787
101788
101789
101790
101804
101806
101807
101829
101840
101841
101842
101843
101844
101846
101847
101848
101849
101850
101851
101853
101871
102095
102117
102128
102129
102130
102131
102136
102137
102138
102139
102140
102141
102142
106756
106757
106758
106768
106769
106770
106771
106775
106776
106777
106778
106779
106780
106781
106782
106796
106798
106799
106831
106853
106864
106865
106866
106867
106871
106872
106873
106874
106875
106876
106877
106878
106892
106894
106895
106916
106917
106918
106928
106929
106930
106931
106932
106934
106935
106936
106937
106938
106939
106941
107727
107749
107760
107761
107762
107763
107767
107768
107769
107770
107771
107772
107773
107774
108101
108112
108113
108114
108115
108116
108118
108119
108120
108121
108122
108123
108125
108143
108292
108293
108294
108304
108305
108306
108307
108311
108312
108313
108314
108315
108316
108317
108318
108332
108334
108335
108367
108389
108400
108401
108402
108403
108407
108408
108409
108410
108411
108412
108413
108414
108428
108430
108431
108452
108453
108454
108464
108465
108466
108467
108468
108470
108471
108472
108473
108474
108475
108477
109324
109326
109327
109348
109349
109350
109360
109361
109362
109363
109364
109366
109367
109368
109369
109370
109371
109373
109444
109445
109446
109456
109457
109458
109459
109463
109464
109465
109466
109467
109468
109469
109470
109484
109486
109487
109509
109520
109521
109522
109523
109524
109526
109527
109528
109529
109530
109531
109533
109551
111685
111696
111697
111698
111699
111700
111702
111703
111704
111705
111706
111707
111709
111727
111884
111886
111887
111908
111909
111910
111920
111921
111922
111924
111926
111927
111928
111930
111931
112001
112004
112005
112006
112007
112011
112016
112018
112019
112024
112025
112026
112028
112029
112030
112035
112041
112044
112045
112046
112047
112080
112081
112082
112084
112085
112086
112087
112091
112368
112370
112371
112376
112377
112378
112380
112381
112382
179440
179442
179443
179448
179449
179450
179452
179453
179454
179781
179792
179793
179794
179795
179796
179798
179799
179800
179802
179803
179823
179972
179973
179974
179984
179985
179986
179987
179991
179992
179993
179994
179995
179996
179997
179998
180012
180014
180015
180044
180046
180047
180064
180065
180068
180069
180070
180075
180080
180081
180082
180084
180085
180086
180087
180090
180091
180111
180133
180144
180145
180146
180147
180150
180151
180152
180153
180154
180155
180156
180157
245782
245847
245850
246024
246025
246092
246093
246094
246110
246115
246119
246120
246122
246200
246201
246524
246526
246799
246815
246816
246817
246818
246822
246827
246885
246897
246900
246901
246960
246961
246964
246965
246966
246971
247088
247089
247090
247094
247099
247155
247159
247160
247161
247162
247180
247181
247182
247198
247199
247202
247203
247207
247208
247210
247503
247520
247521
247522
247524
247525
247526
247531
248823
249912
249913
249916
249917
249918
249980
249981
249982
249983
249987
249991
249992
249993
249994
250003
250007
250008
250009
250010
250028
250029
250030
250175
250239
250240
250241
250242
250244
250245
250246
250251
250256
250257
250258
250260
250261
250262
250267
250287
250309
250320
250321
250324
250325
250326
250331
250560
250561
250562
250564
250565
250566
250567
250570
250571
250576
250577
250578
250579
250582
250583
250584
250586
250587
250606
250607
251072
251073
251074
251075
251076
251077
251078
251079
251080
251081
251082
251083
251088
251089
251090
251091
251094
251095
251096
251097
251098
251099
251116
251117
251118
251119
251331
251336
251337
251340
251341
251342
251343
251356
251357
251358
251359
251360
251361
251362
251363
251366
251367
251368
251369
251370
251371
251373
251443
251447
251448
251449
251450
251452
251453
251454
251516
251517
251518
251519
251522
251523
251527
251528
251529
251530
251532
251533
251539
251543
251544
251545
251546
251548
251549
251550
251555
251560
251561
251564
251565
251566
252734
252735
252799
252800
252801
252802
252804
252805
252806
252811
252816
252817
252818
252820
252821
252822
252823
252827
252847
252880
252881
252884
252885
257992
257993
257996
257997
258012
258013
258014
258019
258023
258024
258025
258026
258029
