32975
33008
33011
33020
33023
33536
33539
33548
33550
33551
33573
33584
33586
33587
33593
33598
33685
33730
33737
33742
33765
33778
33785
33790
35157
35842
35849
35854
35877
35890
36033
36042
36045
36070
36081
36090
36093
36438
36609
36616
36618
36619
36621
36644
36646
36647
36657
36664
36666
36667
36669
36756
36758
36759
36801
36808
36810
36811
36813
36836
36838
36839
36849
36856
36858
36859
36861
42324
42326
42327
45057
45064
45066
45067
45069
45092
45094
45095
45105
45112
45114
45115
45117
45204
45206
45207
45211
45249
45252
45255
45256
45258
45259
45261
45284
45286
45287
45288
45291
45297
45300
45303
45304
45306
45307
45309
45652
45654
45655
45656
45659
45825
45828
45830
45831
45832
45834
45835
45837
45857
45860
45862
45863
45864
45866
45867
45869
45873
45876
45878
45879
45880
45883
45969
45972
45975
45976
45978
45979
45981
46020
46022
46023
46024
46027
46049
46052
46055
46056
46058
46059
46061
46068
46070
46071
46072
46075
47441
47444
47447
47448
47450
47451
47453
48132
48134
48135
48136
48139
48161
48164
48167
48168
48170
48171
48173
48180
48182
48183
48184
48187
48273
48279
48280
48282
48283
48285
48324
48326
48327
48353
48354
48360
48362
48363
48365
48372
48373
48374
48375
48721
48722
48728
48729
48730
48731
48733
48734
48900
48901
48902
48903
48928
48929
48930
48931
48936
48937
48938
48939
48941
48942
48948
48949
48950
48951
49040
49041
49042
49043
49048
49049
49050
49051
49052
49053
49054
49055
49092
49093
49094
49095
49120
49121
49122
49123
49128
49129
49130
49131
49132
49133
49134
49135
49140
49141
49142
49143
120132
120133
120134
120135
120139
120144
120146
120147
120153
120154
120156
120157
120158
120159
120160
120163
120169
120172
120173
120174
120175
196624
196625
196626
196628
196630
196631
196632
196634
196635
196684
196686
196687
196708
196709
196710
196720
196721
196722
196724
196726
196727
196728
196730
196731
196784
196786
196787
196792
196793
196794
196796
196797
196798
197068
197070
197071
197092
197093
197094
197104
197105
197106
197108
197110
197111
197112
197114
197115
197168
197170
197171
197176
197177
197178
197180
197181
197182
197264
197265
197266
197268
197270
197271
197272
197274
197275
197316
197317
197318
197328
197330
197331
197336
197337
197338
197340
197341
197342
197356
197358
197359
198595
198601
198604
198605
198606
198607
198625
198628
198629
198630
198631
198635
198640
198641
198642
198644
198645
198646
198647
198648
198650
198651
198704
198706
198707
198712
198713
198714
198716
198717
198718
198719
198800
198801
198802
198804
198805
198806
198807
198808
198810
198811
198849
198852
198853
198854
198855
198859
198864
198866
198867
198872
198873
198874
198876
198877
198878
198883
198892
198893
198894
198895
199184
199185
199186
199188
199190
199191
199192
199194
199195
199244
199246
199247
199268
199269
199270
199280
199281
199282
199284
199286
199287
199288
199290
199291
199344
199346
199347
199352
199353
199354
199356
199357
199358
199492
199493
199494
199504
199506
199507
199512
199513
199514
199516
199517
199518
199532
199534
199535
204748
204750
204751
204772
204773
204774
204784
204785
204786
204788
204790
204791
204792
204794
204795
204848
204850
204851
204856
204857
204858
204860
204861
204862
204944
204945
204946
204948
204950
204951
204952
204954
204955
204996
204997
204998
205008
205010
205011
205016
205017
205018
205020
205021
205022
205036
205038
205039
205328
205329
205330
205332
205333
205334
205335
205336
205338
205339
205379
205385
205388
205389
205390
205391
205409
205412
205413
205414
205415
205419
205424
205425
205426
205428
205430
205431
205432
205434
205435
205488
205490
205491
205496
205497
205498
205500
205501
205502
205503
205633
205636
205637
205638
205639
205643
205648
205650
205651
205656
205657
205658
205660
205661
205662
205663
205667
205673
205676
205677
205678
205679
206864
206865
206866
206868
206869
206870
206871
206872
206874
206875
206915
206921
206924
206925
206926
206927
206945
206948
206949
206950
206951
206955
206960
206961
206962
206964
206965
206966
206967
206968
206970
206971
207024
207026
207027
207032
207033
207034
207036
207037
207038
207039
207299
207305
207308
207309
207310
207311
207329
207332
207333
207334
207335
207339
207344
207345
207346
207348
207349
207350
207351
207352
207354
207355
207408
207410
207411
207416
207417
207418
207420
207421
207422
207423
207504
207505
207506
207508
207509
207510
207511
207512
207514
207515
207553
207556
207557
207558
207559
207563
207568
207570
207571
207576
207577
207578
207580
207581
207582
207583
207587
207593
207596
207597
207598
207599
208193
208196
208197
208198
208199
208203
208208
208210
208211
208216
208217
208218
208220
208221
208222
208223
208227
208233
208236
208237
208238
208239
279041
279047
279051
279071
279075
279081
279085
279201
279207
279211
279221
279381
280580
280581
280582
280604
280606
280620
280622
280623
280700
280702
280716
280718
280740
280742
280756
280758
281087
281091
281097
281101
281121
281127
281131
281220
281222
281244
281246
281260
281262
281300
281302
281937
281940
281942
281943
281947
286736
286737
286738
286740
286742
286743
286744
286746
286747
286796
286798
286799
286820
286821
286822
286832
286833
286834
286835
286839
286840
286841
286842
286843
286845
286896
286898
286899
286904
286905
286906
286908
286909
286910
287183
287205
287216
287217
287218
287219
287223
287224
287225
287226
287227
287229
287247
287269
287280
287281
287282
287283
287287
287288
287289
287290
287291
287293
287365
287376
287377
287378
287379
287383
287384
287385
287386
287387
287389
287407
287429
287440
287441
287442
287443
287447
287448
287449
287450
287451
287453
287471
288755
288761
288764
288765
288766
288780
288782
288783
288804
288805
288806
288817
288820
288822
288823
288827
288900
288901
288902
288915
288921
288924
288925
288926
288940
288942
288943
288977
288983
288984
288986
288987
289285
289296
289298
289299
289304
289305
289306
289309
289327
289392
289394
289395
289400
289401
289402
289405
289423
289445
289456
289457
289458
289463
289464
289466
289467
289616
289617
289618
289623
289624
289626
289627
292164
292165
292166
292176
292178
292179
292184
292185
292186
292188
292189
292190
292204
292206
292207
