16398
16535
16616
16618
16976
16979
16985
17180
17182
17284
17286
17287
17325
17333
17371
18752
18754
18761
18790
18801
18808
18811
19477
19532
19535
19557
19568
19570
19577
19581
19644
19647
19984
19986
19993
19994
19997
20097
20104
20106
20107
20129
20135
20136
20139
20148
20150
20151
20180
20182
20293
20319
20320
20323
20329
20332
20334
20335
25857
25864
25866
25867
25869
25892
25894
25895
25899
25908
25910
25911
25915
26001
26002
26008
26010
26011
26013
26053
26054
26080
26082
26083
26089
26092
26094
26095
26101
28756
28757
28758
28976
28979
28985
28988
28990
28991
29077
29120
29122
29123
29129
29130
29132
29133
29134
29156
29157
29158
29159
29169
29175
29176
29178
29179
29181
29379
29388
29390
29391
29413
29424
29426
29427
29433
29436
29437
29438
29439
30785
30788
30789
30790
30791
30795
30816
30817
30818
30819
30824
30825
30826
30827
30828
30829
30830
30836
30837
30838
31236
31238
31239
31243
31264
31265
31266
31272
31273
31274
31275
31277
31284
31285
31286
31365
31376
31378
31379
31385
31388
31389
31390
31391
31404
31407
31429
31440
31442
31443
31449
31452
31454
31455
31459
31468
31470
31471
31569
31572
31574
31575
31576
31578
31579
32017
32020
32022
32023
32024
32026
32027
32029
32115
32124
32126
32127
32128
32130
32131
32137
32138
32140
32141
32142
32143
32164
32165
32166
32167
32176
32177
32178
32183
32184
32185
32186
32187
32189
32213
102661
102672
102673
102674
102675
102676
102679
102680
102681
102682
102683
102685
102703
102732
102735
102757
102758
102768
102769
102770
102771
102772
102775
102776
102777
102778
102779
102781
102799
102821
102832
102833
102834
102835
102839
102840
102841
102842
102843
102845
102846
103631
103653
103664
103665
103666
103667
103671
103672
103673
103674
103675
103676
103677
103678
104016
104017
104018
104020
104022
104023
104024
104025
104026
104027
104029
104196
104197
104198
104208
104210
104211
104216
104217
104218
104220
104221
104222
104223
104227
104233
104236
104238
104239
104319
104320
104321
104322
104323
104328
104329
104330
104331
104332
104333
104334
104353
104354
104356
104357
104358
104359
104360
104362
104363
104369
104372
104373
104374
104375
104379
104405
105228
105231
105253
105264
105265
105266
105267
105271
105272
105273
105274
105275
105277
105349
105360
105361
105362
105363
105364
105367
105368
105369
105370
105371
105373
105391
105413
105414
105424
105425
105426
105427
105431
105432
105433
105434
105435
105437
105438
105452
105455
181317
181328
181329
181330
181331
181335
181336
181337
181338
181339
181341
181359
181519
181541
181552
181553
181554
181555
181559
181560
181561
181562
181563
181565
181636
181637
181638
181648
181649
181650
181651
181655
181656
181657
181658
181659
181661
181662
181676
181679
181701
181712
181713
181714
181715
181716
181718
181719
181720
181721
181722
181723
181725
181743
181967
181989
182000
182001
182002
182003
182007
182008
182009
182010
182011
182013
185100
185102
185103
185124
185125
185126
185136
185137
185138
185140
185142
185143
185144
185145
185146
185147
185220
185221
185222
185232
185233
185234
185235
185239
185240
185241
185242
185244
185245
185246
185260
185262
185263
185296
185297
185298
185299
185300
185302
185303
185304
185305
185306
185307
185309
185327
186629
186640
186641
186642
186643
186647
186648
186649
186650
186651
186652
186653
186654
186668
186671
186703
186725
186736
186737
186738
186739
186743
186744
186745
186746
186747
186748
186749
186750
186764
186766
186767
186788
186789
186790
186800
186801
186802
186803
186804
186806
186807
186808
186809
186810
186811
186813
187461
187472
187473
187474
187475
187479
187480
187481
187482
187483
187485
187503
187663
187685
187696
187697
187698
187699
187704
187705
187706
187708
187709
187710
187792
187793
187794
187796
187798
187799
187800
187802
187803
187841
187844
187845
187846
187847
187851
187859
187865
187868
187869
187870
187871
187872
187875
187881
187884
187885
187886
187887
188108
188110
188111
188132
188133
188134
188144
188145
188146
188147
188148
188151
188152
188153
188154
188155
188157
191695
191717
191728
191729
191730
191731
191735
191736
191737
191738
191739
191740
191741
191742
192069
192080
192081
192082
192083
192084
192086
192087
192088
192089
192090
192091
192093
192111
192260
192261
192262
192272
192273
192274
192275
192279
192280
192281
192282
192283
192284
192285
192286
192300
192302
192303
192335
192357
192368
192369
192370
192371
192375
192376
192377
192378
192379
192380
192381
192382
192396
192398
192399
192420
192421
192422
192432
192433
192434
192435
192436
192438
192439
192440
192441
192442
192443
192445
262297
262352
262365
262723
262729
262756
262758
262775
262976
262978
262989
263015
263028
263030
264277
264451
264457
264460
264462
264484
264486
264497
264503
264507
264592
264594
264600
264602
264605
264659
264665
264670
264687
264959
265472
265474
265480
265482
265485
265505
265511
265515
265524
265526
265605
265619
265625
265628
265630
265647
265680
265682
265688
265690
265693
270677
271360
271362
271363
271369
271372
271373
271374
271396
271397
271398
271399
271409
271412
271414
271415
271416
271419
271504
271505
271506
271507
271512
271513
271514
271517
271557
271568
271570
271571
271577
271580
271581
271582
271596
271599
271936
271937
271938
271944
271945
271946
271949
271969
271972
271975
271976
271979
271988
271989
271990
272149
272195
272201
272204
272206
272228
272229
272230
272241
272247
272248
272251
272316
272319
273404
273407
275456
275457
275458
275459
275464
275465
275466
275469
275470
275489
275492
275494
275495
275496
275499
275508
275509
275510
275511
275515
275589
275600
275602
275603
275609
275610
275612
275613
275614
275628
275630
275631
275653
275664
275665
275666
275667
275672
275673
275674
275675
275676
275677
275678
275695
275989
275990
276032
276034
276035
276040
276041
276042
276044
276045
276046
276047
276065
276068
276069
276070
276071
276075
276081
276084
276086
276087
276088
276090
276091
276156
276158
276159
276288
276289
276290
276291
276295
276296
276297
276298
276299
276301
276320
276321
276322
276324
276326
276327
276328
276330
276331
276333
276340
276341
276342
276343
276415
