65648
65655
65723
65984
65986
65991
66012
66014
66029
66241
66251
66269
66284
66286
67328
67330
67335
67336
67338
67356
67358
67363
67369
67373
67440
67442
67447
67448
67450
67471
67493
67505
67508
67510
67515
67839
68181
68353
68356
68358
68363
68371
68377
68381
68396
68398
68453
68465
68470
68475
68528
68530
68535
68536
68538
72704
72705
72706
72707
72710
72711
72712
72714
72715
72729
72732
72733
72734
72735
72739
72744
72745
72748
72749
72750
72783
72805
72816
72817
72818
72819
72820
72822
72823
72824
72825
72826
72827
72847
72868
72869
72870
72880
72881
72882
72884
72886
72887
72890
72891
73109
73152
73153
73154
73155
73159
73160
73161
73162
73163
73165
73180
73181
73182
73183
73184
73186
73187
73191
73192
73193
73194
73196
73197
73198
73278
73279
73364
73365
73366
73408
73409
73410
73412
73413
73414
73415
73416
73418
73419
73427
73432
73433
73434
73436
73437
73438
73443
73449
73452
73453
73454
73455
74751
76116
76117
76800
76801
76802
76804
76806
76807
76811
76819
76824
76825
76828
76829
76830
76844
76845
76846
76847
76879
76900
76901
76912
76913
76914
76916
76918
76919
76923
76976
76977
76978
76979
76983
76984
76986
76987
77119
77204
77205
77249
77252
77254
77259
77267
77272
77273
77277
77292
77294
77295
77504
77506
77507
77511
77512
77514
77515
77532
77534
77535
77539
77544
77545
77548
77549
150735
150757
150768
150769
150770
150771
150775
150776
150777
150778
150779
150781
151109
151120
151121
151122
151123
151127
151128
151129
151130
151131
151133
151151
151301
151312
151313
151314
151315
151319
151320
151321
151322
151323
151325
151343
151375
151397
151408
151409
151410
151411
151415
151416
151417
151418
151419
151420
151421
151422
151436
151438
151439
151460
151461
151472
151473
151474
151475
151478
151479
151480
151481
151482
151483
151485
156741
156752
156753
156754
156755
156756
156758
156759
156760
156761
156762
156763
156765
156783
156940
156942
156943
156964
156965
156966
156976
156977
156978
156979
156980
156982
156983
156984
156985
156986
156987
156989
157060
157061
157062
157072
157073
157074
157075
157079
157080
157081
157082
157083
157084
157085
157086
157100
157102
157103
157125
157136
157137
157138
157139
157140
157142
157143
157144
157145
157146
157147
157149
157167
157391
157413
157424
157425
157426
157427
157431
157432
157433
157434
157435
157436
157437
157438
160004
160005
160006
160016
160018
160019
160024
160025
160026
160027
160028
160029
160030
160044
160046
160047
160101
160112
160113
160114
160115
160119
160120
160121
160122
160123
160124
160125
160126
160140
160142
160143
160164
160165
160166
160176
160177
160178
160179
160180
160182
160183
160184
160186
160187
160189
160975
160997
161008
161009
161010
161011
161015
161016
161017
161018
161019
161021
161348
161349
161350
161360
161361
161362
161363
161367
161368
161369
161370
161371
161372
161373
161388
161390
161391
161541
161552
161553
161554
161555
161556
161558
161559
161560
161562
161563
161583
161603
161609
161612
161613
161614
161615
161632
161633
161636
161637
161638
161639
161643
161649
161652
161653
161654
161655
161659
161712
161714
161715
161720
161721
161722
161724
161725
161726
162575
162596
162597
162608
162609
162610
162611
162612
162614
162615
162616
162617
162618
162619
162621
162692
162693
162694
162704
162705
162706
162707
162711
162712
162713
162714
162715
162716
162717
162718
162732
162734
162735
162757
162768
162769
162770
162771
162772
162774
162775
162776
162777
162778
162779
162781
162799
226063
226085
226096
226097
226098
226099
226103
226104
226105
226106
226107
226108
226109
226181
226192
226193
226194
226195
226198
226199
226200
226201
226202
226203
226205
226223
226244
226245
226256
226257
226258
226259
226263
226264
226265
226266
226267
226268
226269
226286
226287
227588
227589
227600
227601
227602
227603
227607
227608
227609
227610
227611
227613
227631
227662
227663
227684
227685
227696
227697
227698
227699
227702
227703
227704
227705
227706
227707
227709
227727
227749
227760
227761
227762
227763
227767
227768
227769
227770
227771
227772
227773
228421
228432
228433
228434
228435
228436
228438
228439
228440
228441
228442
228443
228445
228463
228620
228622
228623
228641
228644
228645
228646
228651
228656
228657
228658
228660
228661
228662
228663
228664
228666
228667
228735
228736
228737
228738
228739
228740
228742
228743
228744
228745
228746
228747
228755
228761
228764
228765
228766
228767
228770
228771
228776
228777
228778
228780
228781
228782
228783
228821
229104
229106
229107
229111
229112
229113
229114
229115
229116
229117
229118
294918
295016
295018
295101
295220
295222
295289
295308
295309
295310
295327
295335
295664
295665
295675
295999
296084
296085
296132
296133
296144
296146
296151
296155
296175
296399
296416
296417
296420
296421
296422
296427
296437
296496
296498
296503
296506
296507
296572
296574
296579
296584
296585
296586
296604
296605
296606
296611
296616
296617
296621
297920
297922
297931
297939
297944
297945
297966
299260
299262
299263
299585
299588
299589
299590
299600
299601
299602
299604
299605
299606
299607
299611
299631
299792
299793
299796
299797
299798
299803
299840
299841
299842
299844
299846
299847
299850
299851
299859
299863
299864
299865
299866
299869
299884
299885
299886
299887
299967
300851
300855
300856
300857
300858
300860
300861
300862
300927
300928
300929
300930
300932
300933
300934
300935
300938
300939
300944
300946
300947
300951
300952
300953
300954
300955
300957
300972
300973
300974
300975
301009
301012
301013
301014
301251
301257
301260
301261
301262
301263
301276
301278
301279
301280
301281
301282
301283
301284
301286
301287
301288
301289
301290
301291
301555
301560
301561
301562
301564
301565
301566
301577
301580
301581
301582
301596
301598
301599
301600
301602
301603
301607
301608
301609
301610
301611
301647
301665
301668
301669
301670
301680
301681
301682
301684
301685
301686
301691
301711
301732
301733
301744
301745
301746
301748
301749
301750
301751
301755
306947
306951
306952
306953
306954
306969
306972
306973
306974
306985
306988
306989
306990
307022
307023
307039
307040
307041
307042
307044
307045
307046
307051
307122
307123
307127
307128
307129
307130
