141
167
171
505
509
564
566
668
670
684
686
1998
1999
2020
2021
2022
2033
2036
2038
2039
2043
2099
2105
2109
2193
2199
2203
2245
2256
2258
2259
2264
2265
2266
2287
2565
2579
2585
2607
2672
2674
2680
2682
2736
2738
2744
2746
2897
2903
2907
7984
7986
7987
7992
7993
7994
7996
7997
7998
8080
8081
8082
8084
8086
8087
8088
8090
8091
8132
8133
8134
8144
8146
8147
8151
8152
8153
8154
8155
8156
8157
8158
8172
8174
8175
8396
8398
8399
8417
8420
8421
8422
8427
8432
8433
8434
8436
8437
8438
8439
8443
8769
8772
8773
8774
8775
8779
8787
8793
8796
8797
8798
8799
8803
8809
8812
8813
8814
8815
8977
8980
8981
8982
8987
9027
9032
9033
9034
9036
9037
9038
9056
9057
9058
9060
9062
9063
9064
9066
9067
9076
9077
9078
9148
9150
9151
10260
10261
10262
10307
10313
10316
10317
10318
10336
10337
10338
10340
10342
10343
10347
10357
10428
10430
10431
10559
10645
10688
10689
10690
10695
10696
10698
10699
10719
10720
10722
10723
10728
10729
10730
10733
10815
10901
10944
10945
10946
10951
10952
10954
10955
10975
10976
10978
10979
10984
10985
10986
10989
11585
11588
11590
11595
11612
11613
11614
11628
11630
82127
82149
82160
82161
82162
82163
82167
82168
82169
82170
82171
82173
82501
82512
82513
82514
82515
82519
82520
82521
82522
82523
82525
82543
82693
82704
82705
82706
82707
82711
82712
82713
82714
82715
82717
82735
82767
82789
82800
82801
82802
82803
82807
82808
82809
82810
82811
82813
82831
82853
82864
82865
82866
82867
82871
82872
82873
82874
82875
82877
84037
84048
84049
84050
84051
84054
84055
84056
84057
84058
84059
84061
84079
84239
84261
84272
84273
84274
84275
84279
84280
84281
84282
84283
84285
84357
84368
84369
84370
84371
84375
84376
84377
84378
84379
84381
84399
84421
84432
84433
84434
84435
84439
84440
84441
84442
84443
84445
84463
84687
84709
84720
84721
84722
84723
84727
84728
84729
84730
84731
84733
85252
85253
85254
85264
85265
85266
85267
85271
85272
85273
85274
85275
85276
85277
85278
85292
85294
85295
85327
85349
85360
85361
85362
85363
85367
85368
85369
85370
85371
85372
85373
85374
85388
85390
85391
85412
85413
85414
85424
85425
85426
85427
85428
85430
85431
85432
85433
85434
85435
85437
90181
90192
90193
90194
90195
90199
90200
90201
90202
90203
90205
90223
90380
90382
90383
90404
90405
90406
90416
90417
90418
90419
90420
90422
90423
90424
90425
90426
90427
90429
90500
90501
90502
90512
90513
90514
90515
90519
90520
90521
90522
90523
90524
90525
90526
90540
90542
90543
90565
90576
90577
90578
90579
90580
90582
90583
90584
90585
90586
90587
90589
90607
90831
90853
90864
90865
90866
90867
90871
90872
90873
90874
90875
90876
90877
91916
91918
91919
91940
91941
91942
91952
91953
91954
91955
91956
91958
91959
91960
91961
91962
91963
91965
92036
92037
92038
92048
92049
92050
92051
92055
92056
92057
92058
92059
92060
92061
92062
92076
92078
92079
92101
92112
92113
92114
92115
92116
92118
92119
92120
92121
92122
92123
92125
92143
92367
92389
92400
92401
92402
92403
92407
92408
92409
92410
92411
92412
92413
92414
92741
92752
92753
92754
92755
92756
92758
92759
92760
92761
92762
92763
92765
92783
92932
92933
92934
92944
92945
92946
92947
92951
92952
92953
92954
92955
92956
92957
92958
92972
92974
92975
93007
93029
93040
93041
93042
93043
93047
93048
93049
93050
93051
93052
93053
93054
93068
93070
93071
93092
93093
93094
93104
93105
93106
93107
93108
93110
93111
93112
93113
93114
93115
93117
95493
95504
95505
95506
95507
95511
95512
95513
95514
95515
95517
95535
95567
95588
95589
95600
95601
95602
95603
95604
95606
95607
95608
95609
95610
95611
95613
95631
95653
95664
95665
95666
95667
95671
95672
95673
95674
95675
95677
245519
245540
245541
245552
245553
245554
245555
245558
245559
245560
245561
245562
245563
245565
245632
245633
245636
245637
245638
245639
245643
245648
245649
245650
245651
245655
245656
245657
245658
245659
245660
245661
245662
245676
245678
245679
245701
245712
245713
245714
245716
245717
245718
245719
245722
245723
311316
311366
311371
311407
311571
311575
311578
311619
311623
311624
311625
311626
311640
311641
311660
311661
311740
311742
312348
312349
312360
312361
312396
312397
312398
312412
312413
312414
312419
312423
312424
312425
312426
312499
312504
312505
312506
312590
312607
312610
312614
312615
312618
312619
312655
312671
312672
312673
312674
312676
312677
312678
312683
312752
312753
312754
312756
312758
312763
313075
313079
313082
314365
315407
315424
315425
315428
315429
315430
315435
315440
315441
315444
315445
315504
315505
315506
315508
315509
315510
315515
315535
315552
315553
315554
315556
315557
315558
315563
315568
315569
315572
315573
315696
315697
315698
315700
315701
315702
315703
315706
315707
315760
315762
315763
315766
315767
315768
315769
315770
315771
315788
315789
315790
315791
315806
315807
315808
315809
315810
315811
315812
315813
315814
315815
315816
315818
315819
316111
316127
316128
316129
316130
316132
316133
316134
316139
316467
316471
316472
316473
316474
316531
316535
316536
316537
316538
316540
316541
316542
316547
316552
316553
316554
316556
316557
316558
316568
316569
316572
316573
316574
316579
316583
316584
316585
316586
316588
316589
316728
316729
316732
316733
316734
316796
316797
316798
316799
316800
316801
316802
316803
316804
316805
316806
316807
316808
316809
316810
316811
316818
316819
316822
316823
316824
316825
316826
316827
316828
316829
316844
316845
316846
316847
317123
317127
317128
317129
317130
317132
317133
317134
317139
317143
317144
317145
317146
317148
317149
317150
317155
317159
317160
317161
317162
317164
317165
317166
318412
318413
318414
318428
318429
318430
318431
318434
318435
318438
318439
318440
318441
318442
318443
323568
323569
323570
323572
323573
323574
323579
