65682
65693
65747
66122
66166
66325
66380
66382
66417
66427
66495
67841
67847
67851
67873
67880
67882
67893
67973
67996
67999
68012
68014
68015
68049
68056
68058
68694
68879
68901
68912
68914
68920
68922
68925
69009
69012
69015
69019
69060
69062
69063
69088
69090
69091
69097
69101
69102
69363
69369
69372
69374
74757
74771
74777
74780
74782
74783
74787
74796
74798
74799
74881
74887
74888
74890
74891
74912
74913
74914
74919
74920
74922
74923
74925
74932
74933
74934
74964
74965
74966
75281
75284
75286
75287
75291
75376
75379
75385
75388
75390
75391
75404
75407
75429
75440
75442
75443
75448
75449
75450
75453
75588
75590
75591
75616
75618
75619
75625
75629
75630
78160
78161
78162
78163
78168
78169
78170
78171
78173
78911
78997
79040
79042
79043
79048
79049
79050
79052
79053
79054
79073
79076
79077
79078
79079
79083
79089
79092
79094
79095
79096
79098
79099
79429
79440
79441
79442
79443
79448
79449
79450
79451
79452
79453
79454
79471
79621
79632
79634
79635
79640
79641
79642
79644
79645
79646
79647
79660
79662
79663
79743
79744
79745
79746
79747
79752
79753
79754
79755
79756
79757
79758
79777
79780
79782
79783
79784
79786
79787
79793
79796
79797
79798
79799
79803
79829
80703
80789
80832
80834
80835
80841
80842
80844
80845
80846
80868
80869
80870
80871
80881
80884
80886
80887
80888
80890
80891
148740
148741
148742
148752
148753
148754
148755
148759
148760
148761
148762
148764
148765
148766
148780
148782
148783
148815
148837
148848
148849
148850
148851
148855
148856
148857
148858
148859
148860
148861
148862
148876
148878
148879
148900
148901
148902
148912
148913
148914
148915
148916
148918
148919
148920
148921
148922
148923
148925
151759
151781
151792
151793
151794
151795
151799
151800
151801
151802
151803
151805
152133
152144
152145
152146
152147
152151
152152
152153
152154
152155
152157
152175
152325
152336
152337
152338
152339
152343
152344
152345
152346
152347
152349
152367
152399
152421
152432
152433
152434
152435
152439
152440
152441
152442
152443
152445
152463
152485
152496
152497
152498
152499
152503
152504
152505
152506
152507
152509
153680
153681
153682
153684
153686
153687
153688
153690
153691
153868
153870
153871
153892
153893
153894
153904
153905
153906
153907
153908
153910
153911
153912
153913
153914
153915
153917
153989
153990
154000
154001
154002
154003
154007
154008
154009
154010
154011
154012
154013
154014
154028
154031
154053
154064
154065
154066
154067
154071
154072
154073
154074
154075
154077
154095
154319
154341
154352
154353
154354
154355
154360
154361
154362
154364
154365
154366
154884
154885
154886
154887
154891
154896
154898
154899
154905
154908
154909
154910
154911
154915
154921
154924
154925
154926
154927
155004
155006
155007
155008
155009
155010
155011
155016
155017
155018
155020
155021
155022
155041
155042
155044
155046
155047
155048
155050
155051
155057
155060
155061
155062
155063
155067
155093
159500
159503
159525
159526
159536
159537
159538
159539
159540
159542
159543
159544
159545
159546
159547
159549
159620
159621
159622
159632
159633
159634
159635
159639
159640
159641
159642
159643
159644
159645
159646
159660
159662
159663
159685
159696
159697
159698
159699
159700
159702
159703
159704
159705
159706
159707
159709
159727
233552
233553
233554
233556
233558
233559
233560
233562
233563
233583
233740
233742
233743
233764
233765
233766
233776
233777
233778
233780
233782
233783
233784
233786
233787
233860
233861
233862
233872
233874
233875
233880
233881
233882
233884
233885
233886
233900
233902
233903
233936
233937
233938
233940
233942
233943
233944
233946
233947
234224
234226
234227
234232
234233
234234
234236
234237
234238
235279
235301
235312
235313
235314
235315
235320
235321
235322
235324
235325
235326
235409
235410
235412
235413
235414
235415
235416
235418
235419
235457
235460
235461
235462
235463
235467
235475
235484
235486
235487
235488
235490
235491
235496
235497
235498
235500
235501
235502
235503
235509
235724
235726
235727
235749
235750
235760
235761
235762
235763
235767
235768
235769
235770
235771
235773
235774
236101
236112
236113
236114
236115
236116
236118
236119
236120
236121
236122
236123
236125
236143
236292
236293
236294
236304
236305
236306
236307
236311
236312
236313
236314
236316
236317
236318
236332
236334
236335
236400
236402
236403
236408
236409
236410
236412
236413
236414
236428
236430
236431
236452
236453
236454
236464
236465
236466
236468
236470
236471
236472
236474
236475
311299
311352
311492
311533
311541
311903
311919
312082
312093
312193
312200
312202
312203
312235
312244
312246
313621
313712
313715
313721
313726
313779
313785
313788
313790
314433
314440
314442
314445
314468
314471
314484
314486
314487
314884
314886
314912
314914
314915
314921
314925
314926
314933
315013
315039
315043
315052
315054
315055
315090
315096
315098
315101
315217
315224
315226
315227
320596
320598
320599
320819
320828
320830
320831
320917
320960
320962
320963
320969
320970
320973
320974
320996
320998
320999
321009
321015
321016
321018
321019
321219
321228
321230
321231
321253
321264
321266
321267
321272
321273
321274
321277
321278
323841
323844
323847
323848
323850
323851
323873
323879
323880
323882
323883
323885
323892
323893
323894
323895
323984
323986
323987
323993
323994
323996
323997
323998
324037
324048
324051
324057
324060
324062
324063
324067
324076
324078
324079
325649
325652
325654
325655
325656
325658
325659
325747
325753
325756
325758
325759
325760
325762
325763
325769
325772
325773
325774
325775
325796
325797
325798
325808
325809
325810
325811
325816
325817
325818
325819
325821
325822
326161
326164
326166
326167
326168
326170
326171
326173
326271
326272
326273
326274
326275
326280
326281
326282
326284
326285
326286
326287
326308
326309
326310
326311
326321
326322
326324
326327
326328
326330
326331
326333
326357
326468
326470
326471
326496
326497
326498
326499
326504
326505
326506
326508
326509
326510
326517
326977
326980
326981
326982
326983
326984
326987
327007
327008
327009
327010
327011
327016
327017
327018
327019
327020
327021
327022
327029
