66049
66055
66059
66079
66083
66089
66093
66209
66215
66219
66229
66389
67588
67589
67590
67612
67614
67628
67630
67631
67708
67710
67724
67726
67748
67750
67764
67766
68095
68099
68105
68109
68129
68135
68139
68228
68230
68252
68254
68268
68270
68308
68310
68945
68948
68950
68951
68955
73744
73745
73746
73748
73750
73751
73752
73754
73755
73804
73806
73807
73828
73829
73830
73840
73841
73842
73843
73847
73848
73849
73850
73851
73853
73904
73906
73907
73912
73913
73914
73916
73917
73918
74191
74213
74224
74225
74226
74227
74231
74232
74233
74234
74235
74237
74255
74277
74288
74289
74290
74291
74295
74296
74297
74298
74299
74301
74373
74384
74385
74386
74387
74391
74392
74393
74394
74395
74397
74415
74437
74448
74449
74450
74451
74455
74456
74457
74458
74459
74461
74479
75763
75769
75772
75773
75774
75788
75790
75791
75812
75813
75814
75825
75828
75830
75831
75835
75908
75909
75910
75923
75929
75932
75933
75934
75948
75950
75951
75985
75991
75992
75994
75995
76293
76304
76306
76307
76312
76313
76314
76317
76335
76400
76402
76403
76408
76409
76410
76413
76431
76453
76464
76465
76466
76471
76472
76474
76475
76624
76625
76626
76631
76632
76634
76635
79172
79173
79174
79184
79186
79187
79192
79193
79194
79196
79197
79198
79212
79214
79215
147472
147473
147474
147476
147478
147479
147480
147482
147483
147532
147534
147535
147556
147557
147558
147568
147569
147570
147572
147574
147575
147576
147578
147579
147632
147634
147635
147640
147641
147642
147644
147645
147646
147916
147918
147919
147940
147941
147942
147952
147953
147954
147956
147958
147959
147960
147962
147963
148016
148018
148019
148024
148025
148026
148028
148029
148030
148112
148113
148114
148116
148118
148119
148120
148122
148123
148164
148165
148166
148176
148178
148179
148184
148185
148186
148188
148189
148190
148204
148206
148207
149443
149449
149452
149453
149454
149455
149473
149476
149477
149478
149479
149483
149488
149489
149490
149492
149493
149494
149495
149496
149498
149499
149552
149554
149555
149560
149561
149562
149564
149565
149566
149567
149648
149649
149650
149652
149653
149654
149655
149656
149658
149659
149697
149700
149701
149702
149703
149707
149712
149714
149715
149720
149721
149722
149724
149725
149726
149731
149740
149741
149742
149743
150032
150033
150034
150036
150038
150039
150040
150042
150043
150092
150094
150095
150116
150117
150118
150128
150129
150130
150132
150134
150135
150136
150138
150139
150192
150194
150195
150200
150201
150202
150204
150205
150206
150340
150341
150342
150352
150354
150355
150360
150361
150362
150364
150365
150366
150380
150382
150383
155596
155598
155599
155620
155621
155622
155632
155633
155634
155636
155638
155639
155640
155642
155643
155696
155698
155699
155704
155705
155706
155708
155709
155710
155792
155793
155794
155796
155798
155799
155800
155802
155803
155844
155845
155846
155856
155858
155859
155864
155865
155866
155868
155869
155870
155884
155886
155887
156176
156177
156178
156180
156181
156182
156183
156184
156186
156187
156227
156233
156236
156237
156238
156239
156257
156260
156261
156262
156263
156267
156272
156273
156274
156276
156278
156279
156280
156282
156283
156336
156338
156339
156344
156345
156346
156348
156349
156350
156351
156481
156484
156485
156486
156487
156491
156496
156498
156499
156504
156505
156506
156508
156509
156510
156511
156515
156521
156524
156525
156526
156527
157712
157713
157714
157716
157717
157718
157719
157720
157722
157723
157763
157769
157772
157773
157774
157775
157793
157796
157797
157798
157799
157803
157808
157809
157810
157812
157813
157814
157815
157816
157818
157819
157872
157874
157875
157880
157881
157882
157884
157885
157886
157887
158147
158153
158156
158157
158158
158159
158177
158180
158181
158182
158183
158187
158192
158193
158194
158196
158197
158198
158199
158200
158202
158203
158256
158258
158259
158264
158265
158266
158268
158269
158270
158271
158352
158353
158354
158356
158357
158358
158359
158360
158362
158363
158401
158404
158405
158406
158407
158411
158416
158418
158419
158424
158425
158426
158428
158429
158430
158431
158435
158441
158444
158445
158446
158447
159041
159044
159045
159046
159047
159051
159056
159058
159059
159064
159065
159066
159068
159069
159070
159071
159075
159081
159084
159085
159086
159087
234820
234821
234822
234823
234827
234832
234834
234835
234841
234842
234844
234845
234846
234847
234848
234851
234857
234860
234861
234862
234863
311503
311536
311539
311548
311551
312064
312067
312076
312078
312079
312101
312112
312114
312115
312121
312126
312213
312258
312265
312270
312293
312306
312313
312318
313685
314370
314377
314382
314405
314418
314561
314570
314573
314598
314609
314618
314621
314966
315137
315144
315146
315147
315149
315172
315174
315175
315185
315192
315194
315195
315197
315284
315286
315287
315329
315336
315338
315339
315341
315364
315366
315367
315377
315384
315386
315387
315389
320852
320854
320855
323585
323592
323594
323595
323597
323620
323622
323623
323633
323640
323642
323643
323645
323732
323734
323735
323739
323777
323780
323783
323784
323786
323787
323789
323812
323814
323815
323816
323819
323825
323828
323831
323832
323834
323835
323837
324180
324182
324183
324184
324187
324353
324356
324358
324359
324360
324362
324363
324365
324385
324388
324390
324391
324392
324394
324395
324397
324401
324404
324406
324407
324408
324411
324497
324500
324503
324504
324506
324507
324509
324548
324550
324551
324552
324555
324577
324580
324583
324584
324586
324587
324589
324596
324598
324599
324600
324603
325969
325972
325975
325976
325978
325979
325981
326660
326662
326663
326664
326667
326689
326692
326695
326696
326698
326699
326701
326708
326710
326711
326712
326715
326801
326807
326808
326810
326811
326813
326852
326854
326855
326881
326882
326888
326890
326891
326893
326900
326901
326902
326903
327249
327250
327256
327257
327258
327259
327261
327262
327428
327429
327430
327431
327456
327457
327458
327459
327464
327465
327466
327467
327469
327470
327476
327477
327478
327479
327568
327569
327570
327571
327576
327577
327578
327579
327580
327581
327582
327583
327620
327621
327622
327623
327648
327649
327650
327651
327656
327657
327658
327659
327660
327661
327662
327663
327668
327669
327670
327671
