16534
16587
16628
16989
17187
17196
17198
17285
17315
17324
17326
17327
17362
17373
18763
18785
18792
18795
18804
18806
19476
19478
19479
19584
19586
19587
19593
19596
19598
19621
19633
19640
19642
19645
19988
19990
20095
20099
20108
20110
20111
20133
20144
20146
20147
20153
20157
20158
20289
20296
20298
20299
20301
20324
20327
20331
20340
20342
20343
20347
25861
25872
25875
25881
25884
25886
25887
25900
25903
25988
25989
25990
26016
26018
26019
26025
26029
26030
26037
26065
26072
26074
26075
26077
28752
28754
28755
28761
28764
28766
28767
29184
29185
29186
29192
29193
29194
29195
29197
29220
29222
29223
29227
29233
29236
29239
29240
29242
29243
29329
29335
29336
29338
29339
29341
29380
29382
29383
29408
29409
29410
29416
29417
29418
29419
29421
29422
29429
29430
29524
29525
29526
29527
30804
30806
30807
30811
31039
31168
31170
31171
31177
31180
31182
31183
31205
31216
31218
31219
31225
31226
31228
31229
31230
31231
31280
31283
31289
31292
31294
31295
31381
31424
31426
31427
31433
31434
31436
31437
31438
31439
31460
31461
31462
31463
31472
31473
31474
31475
31480
31481
31482
31483
31485
31486
32001
32004
32006
32007
32008
32010
32011
32013
32033
32034
32036
32039
32040
32042
32043
32045
32052
32053
32054
32055
32059
32144
32145
32146
32147
32152
32153
32154
32155
32156
32157
32158
32159
32175
32197
32198
32208
32210
32211
32217
32220
32221
32222
32223
32224
32227
32233
32236
32238
32239
102724
102725
102726
102736
102737
102738
102739
102743
102744
102745
102746
102747
102748
102749
102750
102764
102766
102767
103439
103461
103472
103473
103474
103475
103479
103480
103481
103482
103483
103484
103485
103486
103568
103569
103570
103572
103574
103575
103576
103577
103578
103579
103581
103599
103620
103621
103622
103632
103634
103635
103640
103641
103642
103644
103645
103646
103660
103662
103663
103956
103957
103958
103959
103963
104000
104003
104009
104012
104013
104014
104015
104033
104036
104037
104038
104039
104043
104048
104049
104050
104052
104053
104054
104055
104056
104058
104059
104112
104115
104121
104124
104125
104126
104127
104256
104257
104258
104260
104262
104263
104264
104266
104267
104269
104288
104289
104290
104291
104295
104296
104297
104298
104299
104301
104302
104308
104309
104310
105420
105422
105423
105444
105445
105446
105456
105457
105458
105459
105460
105462
105463
105464
105465
105466
105467
105469
181253
181264
181265
181266
181267
181268
181270
181271
181272
181273
181274
181275
181277
181295
181324
181326
181327
181348
181349
181350
181360
181361
181362
181364
181366
181367
181368
181370
181371
181391
181424
181425
181426
181427
181431
181432
181433
181434
181436
181437
181438
181708
181710
181711
181732
181733
181734
181739
181744
181745
181746
181748
181749
181750
181751
181752
181754
181755
181808
181810
181811
181816
181817
181818
181820
181821
181822
181904
181905
181906
181908
181910
181911
181912
181914
181915
181956
181957
181958
181968
181970
181971
181976
181977
181978
181980
181981
181982
181996
181998
181999
185283
185289
185292
185293
185294
185295
185313
185316
185317
185318
185319
185323
185328
185329
185330
185332
185333
185334
185335
185336
185338
185339
186689
186692
186693
186694
186695
186699
186704
186706
186707
186712
186713
186714
186716
186717
186718
186719
186723
186729
186732
186733
186734
186735
187408
187409
187410
187412
187413
187414
187415
187416
187418
187419
187459
187468
187470
187471
187492
187493
187494
187504
187505
187506
187508
187510
187511
187512
187514
187515
187568
187570
187571
187576
187577
187578
187580
187581
187582
187583
187855
187877
187888
187890
187891
187896
187897
187898
187900
187901
187902
187916
187918
187919
187940
187941
187942
187952
187953
187954
187955
187959
187960
187961
187962
187963
187965
188037
188048
188049
188050
188051
188055
188056
188057
188058
188059
188061
188079
188100
188101
188102
188112
188113
188114
188115
188119
188120
188121
188122
188123
188124
188125
188126
188140
188142
188143
191536
191538
191539
191544
191545
191546
191548
191549
191550
191551
191632
191633
191634
191636
191637
191638
191639
191640
191642
191643
191681
191684
191685
191686
191687
191691
191696
191698
191699
191704
191705
191706
191708
191709
191710
191711
191715
191721
191724
191725
191726
191727
192016
192017
192018
192020
192021
192022
192023
192024
192026
192027
192067
192073
192076
192077
192078
192079
192097
192100
192101
192102
192103
192107
192112
192113
192114
192116
192117
192118
192119
192120
192122
192123
192176
192178
192179
192184
192185
192186
192188
192189
192190
192191
192321
192324
192325
192326
192327
192331
192336
192338
192339
192344
192345
192346
192348
192349
192350
192351
192355
192361
192364
192365
192366
192367
262157
262198
262319
262360
262362
262769
262844
262846
262977
262987
263008
263010
263016
263018
264273
264279
264283
264496
264499
264505
264509
264596
264598
264599
264644
264646
264675
264681
264944
264946
264954
264957
265476
265478
265500
265503
265507
265513
265516
265518
265601
265608
265610
265611
265633
265634
265640
265642
265643
265653
265685
270661
270672
270674
270675
270681
270682
270684
270685
270686
270700
270703
271423
271509
271552
271554
271555
271560
271561
271562
271565
271585
271588
271590
271591
271595
271604
271606
271607
271941
271952
271954
271955
271961
271964
271965
271966
271980
271983
272144
272145
272146
272152
272154
272157
272252
272254
272255
272259
272268
272270
272271
272292
272293
272294
272305
272311
272312
272314
272315
273215
273344
273346
273347
273352
273353
273354
273356
273357
273358
273377
273380
273382
273383
273387
273393
273396
273398
273399
273403
275472
275473
275474
275475
275480
275481
275482
275483
275485
275503
275571
275580
275582
275583
275584
275586
275587
275593
275596
275597
275598
275599
275620
275621
275622
275623
275633
275636
275638
275639
275640
275642
275643
275969
275972
275973
275974
275975
275979
275987
275993
275996
275998
275999
276000
276002
276003
276009
276012
276013
276014
276015
276096
276097
276098
276103
276104
276105
276106
276107
276109
276128
276129
276130
276135
276136
276137
276138
276139
276141
276148
276149
276150
276180
276181
276182
276305
276308
276309
276310
276311
276312
276314
276315
