49160
49162
49184
49186
49192
49194
49280
49282
49312
49314
49696
49698
49704
49706
49792
49794
49800
49802
49824
49826
49834
51199
51203
51209
51213
51232
51233
51234
51239
51243
51253
51329
51335
51339
51359
51363
51368
51369
51370
51373
51413
51720
51722
51743
51744
51746
51839
51840
51842
51843
51848
51849
51850
51853
51873
51879
51880
51882
51883
51893
57331
57337
57340
57341
57342
57343
57344
57346
57347
57352
57353
57354
57356
57357
57358
57359
57377
57378
57380
57381
57382
57383
57384
57386
57387
57393
57396
57397
57398
57399
57403
57472
57473
57474
57476
57477
57478
57479
57480
57482
57483
57491
57497
57500
57501
57502
57503
57507
57512
57513
57514
57516
57517
57518
57519
57556
57557
57558
57856
57857
57858
57860
57862
57863
57867
57884
57886
57887
57891
57897
57898
57900
57901
57902
57980
57982
57983
57984
57986
57987
57992
57993
57994
57996
57997
57998
58016
58017
58018
58020
58022
58023
58027
58036
58037
58038
58196
58197
58198
59392
59393
59394
59399
59400
59402
59403
59423
59424
59426
59427
59433
59437
59516
59518
59519
59523
59529
59533
59552
59553
59554
59559
59560
59562
59563
59573
59900
59902
59903
59904
59906
59907
59913
59916
59917
59918
59936
59937
59940
59942
59943
59947
59956
59957
59958
60033
60036
60038
60039
60040
60042
60043
60060
60062
60063
60067
60072
60073
60076
60077
60078
60116
60117
60118
60757
131075
131081
131084
131085
131086
131087
131104
131105
131106
131108
131109
131110
131111
131115
131121
131124
131125
131126
131127
131131
131200
131201
131202
131204
131205
131206
131207
131211
131219
131225
131228
131229
131230
131231
131232
131234
131235
131241
131244
131245
131246
131247
131281
131284
131285
131286
131287
131291
131585
131588
131589
131590
131591
131592
131594
131595
131603
131609
131612
131613
131614
131615
131616
131618
131619
131624
131625
131626
131628
131629
131630
131631
131699
131705
131708
131709
131710
131711
131715
131720
131721
131722
131724
131725
131726
131727
131745
131748
131749
131750
131751
131752
131754
131755
131761
131764
131765
131766
131767
131771
131921
131924
131925
131926
131927
131931
133121
133124
133125
133126
133127
133131
133139
133145
133148
133149
133150
133151
133155
133161
133164
133165
133166
133167
133235
133241
133244
133245
133246
133247
133248
133250
133251
133257
133260
133261
133262
133263
133281
133284
133285
133286
133287
133288
133290
133291
133297
133300
133301
133302
133303
133307
133619
133625
133628
133629
133630
133631
133632
133634
133635
133641
133644
133645
133646
133647
133665
133668
133669
133670
133671
133672
133674
133675
133681
133684
133685
133686
133687
133691
133761
133764
133765
133766
133767
133771
133779
133785
133788
133789
133790
133791
133795
133801
133804
133805
133806
133807
133841
133844
133845
133846
133847
133851
134481
134484
134485
134486
134487
134491
139264
139265
139266
139268
139269
139270
139271
139275
139283
139289
139292
139293
139294
139295
139299
139304
139305
139306
139308
139309
139310
139311
139379
139385
139388
139389
139390
139391
139395
139401
139404
139405
139406
139407
139425
139428
139429
139430
139431
139432
139434
139435
139441
139444
139445
139446
139447
139451
139763
139769
139772
139773
139774
139775
139779
139785
139788
139789
139790
139791
139808
139809
139810
139812
139813
139814
139815
139816
139818
139819
139825
139828
139829
139830
139831
139835
139904
139905
139906
139908
139909
139910
139911
139915
139923
139929
139932
139933
139934
139935
139936
139938
139939
139945
139948
139949
139950
139951
139985
139988
139989
139990
139991
139995
141299
141305
141308
141309
141310
141311
141315
141320
141321
141322
141324
141325
141326
141327
141345
141348
141349
141350
141351
141355
141361
141364
141365
141366
141367
141371
141440
141441
141442
141444
141445
141446
141447
141448
141450
141451
141459
141465
141468
141469
141470
141471
141472
141474
141475
141481
141484
141485
141486
141487
141521
141524
141525
141526
141527
141531
141824
141825
141826
141828
141829
141830
141831
141835
141843
141849
141852
141853
141854
141855
141859
141864
141865
141866
141868
141869
141870
141871
141939
141945
141948
141949
141950
141951
141955
141960
141961
141962
141964
141965
141966
141967
141985
141988
141989
141990
141991
141995
142001
142004
142005
142006
142007
142011
142161
142164
142165
142166
142167
142171
144721
144724
144725
144726
144727
144731
212979
212984
212985
212988
212989
212990
212991
278804
278805
278848
278849
278852
278853
278864
278865
278868
278869
279552
279553
279556
279557
279568
279569
279572
279573
279574
279579
279616
279617
279618
279620
279621
279622
279627
279632
279633
279634
279636
279637
279638
279643
279663
279743
279808
279809
279810
279812
279813
279814
279819
279824
279825
279826
279828
279829
279830
279835
279855
279872
279873
279874
279876
279877
279878
279883
279888
279889
279890
279892
279893
279894
279899
279919
279999
280319
282624
282625
282626
282628
282629
282630
282635
282640
282641
282642
282644
282645
282646
282651
282671
282688
282689
282690
282692
282693
282694
282699
282704
282705
282706
282708
282709
282710
282715
282735
282815
282880
282881
282882
282884
282885
282886
282891
282896
282897
282898
282900
282901
282902
282903
282906
282907
282927
282944
282945
282946
282947
282948
282949
282950
282951
282954
282955
282960
282961
282962
282963
282964
282965
282966
282967
282970
282971
282990
282991
283070
283071
283391
283648
283649
283650
283651
283652
283653
283654
283655
283658
283659
283664
283665
283666
283667
283668
283669
283670
283671
283674
283675
283694
283695
283712
283713
283714
283715
283716
283717
283718
283719
283720
283721
283722
283723
283728
283729
283730
283731
283732
283733
283734
283735
283736
283737
283738
283739
283756
283757
283758
283759
283836
283838
283839
283904
283905
283906
283907
283908
283909
283910
283911
283912
283913
283914
283915
283920
283921
283922
283923
283924
283925
283926
283927
283928
283929
283930
283931
283948
283949
283950
283951
283968
283969
283970
283971
283972
283973
283974
283975
283976
283977
283978
283979
283984
283985
283986
283987
283988
283989
283990
283991
283992
283993
283994
283995
284012
284013
284014
284015
284092
284093
284094
284095
284412
284413
284414
284415
285694
285695
290815
