9
152
223
236
583
621
788
791
883
892
894
911
944
946
957
2320
2323
2329
2334
2433
2440
2442
2443
2465
2475
2486
3152
3154
3155
3161
3165
3532
3535
3557
3568
3570
3576
3577
3578
3581
3635
3644
3646
3647
3733
3777
3784
3786
3787
3789
3809
3815
3819
3828
3830
9280
9282
9283
9288
9289
9290
9293
9294
9316
9318
9319
9329
9332
9334
9335
9336
9339
9732
9734
9735
9739
9760
9762
9768
9769
9770
9773
9781
9861
9884
9886
9887
9891
9897
9900
9902
9903
9936
9937
9938
9944
9946
9947
9949
10068
10070
10071
12565
12608
12610
12611
12617
12620
12622
12623
12644
12645
12646
12656
12657
12658
12664
12666
12667
12669
12732
12734
12735
14140
14142
14143
14229
14272
14273
14274
14275
14280
14281
14282
14283
14284
14285
14286
14305
14308
14310
14311
14312
14314
14315
14321
14324
14325
14326
14327
14331
14399
14485
14528
14530
14531
14537
14538
14540
14541
14542
14543
14564
14565
14566
14567
14577
14578
14580
14583
14584
14586
14587
14589
14928
14929
14930
14935
14936
14938
14939
14941
15108
15109
15110
15111
15132
15134
15135
15136
15138
15139
15145
15148
15149
15150
15151
15236
15237
15238
15239
15263
15264
15266
15267
15272
15273
15274
15276
15277
15278
15285
15313
15316
15318
15319
15320
15322
15323
83281
83284
83285
83286
83287
83291
86016
86019
86024
86025
86026
86028
86029
86030
86031
86048
86049
86050
86052
86053
86054
86055
86056
86058
86059
86065
86068
86069
86070
86071
86075
86144
86145
86146
86148
86149
86150
86151
86152
86154
86155
86163
86169
86172
86173
86174
86175
86176
86178
86179
86184
86185
86186
86188
86189
86190
86191
86225
86228
86229
86230
86231
86235
86528
86529
86530
86532
86533
86534
86535
86536
86538
86539
86547
86553
86556
86557
86558
86559
86560
86562
86563
86568
86569
86570
86572
86573
86574
86575
86643
86649
86652
86653
86654
86655
86656
86658
86659
86664
86665
86666
86668
86669
86670
86671
86688
86689
86690
86692
86693
86694
86695
86696
86698
86699
86705
86708
86709
86710
86711
86715
86865
86868
86869
86870
86871
86875
88069
88080
88081
88082
88083
88087
88088
88089
88090
88091
88093
88094
88111
88176
88178
88179
88184
88185
88186
88188
88189
88190
88191
88195
88201
88204
88205
88206
88207
88228
88229
88230
88240
88241
88242
88244
88246
88247
88248
88250
88251
88253
88563
88569
88572
88573
88574
88575
88576
88578
88579
88584
88585
88586
88588
88589
88590
88591
88608
88609
88610
88612
88613
88614
88615
88616
88618
88619
88625
88628
88629
88630
88631
88635
88705
88708
88709
88710
88711
88715
88723
88729
88732
88733
88734
88735
88736
88738
88739
88745
88746
88748
88749
88750
88751
88785
88788
88789
88790
88791
88792
88795
89413
89414
89424
89426
89427
89432
89433
89434
89436
89437
89438
89439
89452
89454
89455
94195
94201
94204
94205
94206
94207
167937
167938
167940
167941
167942
167943
167947
167955
167961
167964
167965
167966
167967
167971
167977
167980
167981
167982
167983
168051
168057
168058
168060
168061
168062
168063
168067
168073
168076
168077
168078
168079
168097
168100
168101
168102
168103
168107
168113
168116
168117
168118
168119
168123
168432
168434
168435
168440
168441
168442
168444
168445
168446
168447
168451
168457
168460
168461
168462
168463
168481
168484
168485
168486
168487
168491
168496
168497
168498
168500
168501
168502
168503
168504
168506
168507
168577
168580
168581
168582
168583
168587
168592
168594
168595
168600
168601
168602
168604
168605
168606
168607
168611
168617
168620
168621
168622
168623
168657
168658
168660
168661
168662
168663
168664
168667
169985
169986
169988
169990
169991
169992
169994
169995
170012
170015
170016
170017
170018
170019
170023
170024
170025
170026
170027
170028
170029
170030
170037
170112
170113
170114
170116
170118
170119
170120
170122
170123
170140
170143
170144
170145
170146
170147
170151
170152
170153
170154
170155
170156
170157
170158
170165
170196
170197
170198
170199
170203
170497
170500
170501
170502
170503
170507
170512
170515
170521
170524
170525
170526
170527
170531
170537
170540
170541
170542
170543
170611
170617
170620
170621
170622
170623
170624
170626
170627
170632
170633
170634
170636
170637
170638
170639
170657
170660
170661
170662
170663
170664
170667
170673
170676
170677
170678
170679
170683
170833
170834
170836
170837
170838
170839
170840
170842
170843
171345
171348
171349
171350
171351
171355
245819
245905
245998
246340
246342
246368
246370
246655
246668
246670
246693
246712
246714
248082
248088
248090
248093
248192
248194
248205
248228
248230
248231
248244
248247
248277
248901
248924
248926
248927
248940
248942
248943
249331
249340
249342
249343
249356
249358
249359
249381
249392
249394
249400
249401
249402
249405
249492
249494
249495
249540
249542
249543
249568
249570
249576
249578
249581
249589
255041
255044
255046
255047
255051
255072
255073
255074
255080
255081
255082
255083
255085
255093
255488
255489
255490
255496
255498
255501
255521
255524
255526
255527
255531
255540
255542
255543
255632
255634
255635
255640
255641
255642
255645
255685
255699
255705
255708
255710
255711
255715
255724
255726
255727
255829
258324
258326
258327
258331
258419
258425
258428
258430
258431
258432
258435
258441
258444
258446
258447
258469
258480
258481
258482
258483
258488
258489
258490
258491
258493
260047
260069
260080
260082
260083
260088
260089
260090
260092
260093
260094
260095
260099
260108
260110
260111
260133
260144
260145
260146
260147
260152
260153
260154
260155
260156
260157
260158
260241
260244
260246
260247
260248
260251
260289
260292
260294
260295
260296
260299
260320
260321
260322
260323
260328
260329
260330
260331
260332
260333
260334
260341
260342
260676
260677
260678
260691
260697
260700
260702
260703
260704
260706
260707
260713
260716
260718
260719
260880
260881
260882
260883
260888
260889
260890
260891
260893
260992
260993
260994
260995
261000
261001
261002
261003
261005
261006
261025
261028
261030
261031
261035
261041
261044
261046
261047
261048
261051
261077
