127
131
137
508
510
524
526
548
550
641
647
651
725
2032
2034
2040
2042
2096
2097
2098
2103
2104
2106
2107
2181
2192
2194
2195
2200
2201
2202
2205
2223
2257
2263
2267
2564
2566
2588
2589
2590
2604
2606
2675
2681
2685
2703
2725
2737
2743
2747
2900
2902
7999
8085
8128
8129
8130
8131
8135
8136
8137
8138
8139
8141
8159
8160
8161
8162
8163
8167
8168
8169
8170
8171
8173
8181
8255
8341
8384
8385
8386
8387
8391
8392
8393
8394
8395
8397
8412
8414
8415
8416
8418
8419
8423
8424
8425
8426
8429
8724
8725
8726
8768
8770
8771
8776
8777
8778
8780
8781
8782
8800
8801
8802
8804
8806
8807
8808
8810
8811
8820
8821
8822
8892
8894
8895
9024
9025
9026
9028
9030
9031
9035
9052
9054
9055
9059
9065
9068
9069
9070
10256
10257
10258
10263
10264
10266
10267
10319
10341
10352
10353
10354
10356
10358
10359
10363
10416
10418
10419
10424
10425
10426
10429
10691
10697
10700
10701
10702
10703
10721
10724
10725
10726
10727
10731
10737
10740
10741
10742
10743
10747
10803
10809
10812
10813
10814
10897
10900
10902
10903
10907
10948
10949
10950
10963
10969
10972
10973
10974
10988
10990
10991
11589
11600
11602
11603
11608
11609
11610
11631
81983
82069
82112
82113
82114
82115
82119
82120
82121
82122
82123
82124
82125
82126
82143
82144
82145
82146
82147
82148
82150
82151
82152
82153
82154
82155
82157
82164
82165
82166
82453
82496
82497
82498
82499
82500
82502
82503
82504
82505
82506
82507
82509
82524
82526
82527
82528
82529
82530
82531
82535
82536
82537
82538
82539
82540
82541
82542
82549
82623
82708
82709
82710
82752
82753
82754
82755
82759
82760
82761
82762
82763
82764
82765
82766
82783
82784
82785
82786
82787
82788
82790
82791
82792
82793
82794
82795
82797
82804
82805
82806
82876
82878
82879
84032
84033
84034
84036
84038
84039
84040
84042
84043
84060
84062
84063
84064
84066
84067
84072
84073
84074
84075
84076
84077
84078
84085
84284
84286
84287
84372
84373
84374
84416
84417
84418
84419
84420
84422
84423
84424
84425
84426
84427
84429
84444
84446
84447
84448
84449
84450
84451
84455
84456
84457
84458
84459
84460
84461
84462
84469
84543
84629
84672
84673
84674
84675
84679
84680
84681
84682
84683
84684
84685
84686
84703
84704
84705
84706
84707
84708
84710
84711
84712
84713
84714
84715
84717
84724
84725
84726
85268
85269
85270
85312
85314
85315
85320
85321
85322
85324
85325
85326
85344
85345
85346
85348
85350
85351
85352
85354
85355
85364
85365
85366
85436
85438
85439
90133
90176
90177
90178
90179
90180
90182
90183
90184
90185
90186
90187
90189
90204
90206
90207
90208
90209
90210
90211
90215
90216
90217
90218
90219
90220
90221
90222
90229
90303
90428
90430
90431
90516
90517
90518
90560
90561
90562
90564
90566
90567
90568
90570
90571
90588
90590
90591
90592
90594
90595
90600
90601
90602
90604
90605
90606
90816
90818
90819
90824
90825
90826
90828
90829
90830
90847
90848
90849
90850
90852
90854
90855
90856
90858
90859
90868
90869
90870
91964
91966
91967
92052
92053
92054
92096
92097
92098
92100
92102
92103
92104
92106
92107
92124
92126
92127
92128
92130
92131
92136
92137
92138
92140
92141
92142
92352
92354
92355
92360
92361
92362
92364
92365
92366
92384
92385
92386
92388
92390
92391
92392
92394
92395
92404
92405
92406
92736
92737
92738
92740
92742
92743
92744
92746
92747
92764
92766
92767
92768
92770
92771
92776
92777
92778
92780
92781
92782
92948
92949
92950
92992
92994
92995
93000
93001
93002
93004
93005
93006
93024
93025
93026
93028
93030
93031
93032
93034
93035
93044
93045
93046
93116
93118
93119
95508
95509
95510
95552
95553
95554
95555
95559
95560
95561
95562
95563
95564
95565
95566
95583
95584
95585
95586
95587
95590
95591
95592
95593
95594
95595
95597
95605
95676
95678
95679
245564
245566
245567
245652
245653
245654
245696
245697
245698
245699
245700
245702
245703
245704
245706
245707
245715
245720
245721
245724
245725
245726
245727
245730
245731
245736
245737
245738
245740
245741
245742
245743
311317
311360
311361
311364
311378
311382
311387
311554
311563
311635
311639
311642
311662
312063
312323
312327
312328
312329
312330
312339
312343
312344
312345
312346
312364
312365
312366
312392
312393
312408
312409
312428
312429
312508
312509
312510
312588
312589
312604
312605
312606
312611
312616
312617
312652
312653
312654
312668
312669
312670
312675
312679
312680
312681
312682
312755
312759
312760
312761
312762
313080
313081
313084
313085
314364
314366
315404
315405
315406
315420
315421
315422
315423
315426
315427
315431
315432
315433
315434
315470
315471
315486
315487
315488
315489
315490
315491
315492
315493
315494
315495
315498
315499
315570
315571
315574
315575
315576
315578
315579
315663
315679
315680
315681
315682
315684
315685
315686
315691
315727
315743
315744
315745
315746
315748
315749
315750
315755
315761
315764
315765
315824
315825
315826
315828
315829
315830
315835
316144
316145
316146
316147
316148
316149
316150
316151
316154
316155
316431
316447
316448
316449
316450
316452
316453
316454
316459
316464
316465
316466
316468
316469
316470
316475
316495
316512
316513
316516
316517
316518
316523
316528
316529
316530
316532
316533
316534
316539
316559
316575
316576
316577
316578
316580
316581
316582
316587
316592
316593
316594
316596
316597
316598
316603
316708
316709
316720
316721
316722
316723
316724
316725
316726
316727
316730
316731
316784
316785
316786
316787
316788
316789
316790
316791
316792
316793
316794
316795
316812
316813
316814
316815
316830
316831
316832
316833
316834
316835
316836
316837
316838
316839
316840
316841
316842
316843
317135
317151
317152
317153
317154
317156
317157
317158
317163
317168
317169
317172
317173
318415
318432
318433
318436
318437
318448
318449
318450
318452
318453
318454
318459
323571
323575
323576
323577
323578
