49324
49326
49367
49681
49691
49789
49840
49842
49989
50012
50014
50031
51268
51270
51295
51299
51305
51308
51310
51651
51657
51661
51687
51700
51702
51904
51906
51912
51914
51937
51944
51947
51957
52500
52502
52503
52507
52559
52581
52592
52594
52600
52602
52605
52656
52659
52665
52669
57616
57617
57618
57620
57622
57623
57624
57626
57627
57679
57712
57714
57715
57720
57721
57722
57724
57725
57726
57743
57765
57776
57777
57778
57779
57784
57785
57786
57787
57789
59136
59138
59139
59145
59148
59149
59150
59169
59172
59174
59175
59179
59188
59190
59191
59269
59283
59289
59292
59293
59294
59308
59310
59311
59345
59346
59351
59352
59354
59355
59647
59989
60160
60161
60162
60168
60169
60170
60171
60173
60192
60193
60194
60199
60200
60202
60203
60212
60213
60214
60292
60293
60294
60295
60316
60318
60319
60323
60329
60332
60333
60334
60335
60369
60372
60374
60375
60379
62532
62533
62534
62547
62553
62556
62557
62558
62559
62563
62569
62572
62574
62575
62780
62782
62783
62869
62912
62913
62914
62915
62919
62920
62921
62922
62923
62925
62944
62945
62946
62947
62951
62952
62953
62954
62955
62957
62964
62965
62966
63039
63125
63168
63170
63171
63176
63177
63178
63180
63181
63182
63201
63204
63206
63207
63208
63210
63211
63220
63221
63222
63223
63227
131393
131396
131397
131398
131399
131403
131411
131417
131420
131421
131422
131423
131427
131433
131436
131437
131438
131439
132147
132153
132156
132157
132158
132159
132241
132244
132245
132246
132247
132251
132289
132292
132293
132294
132295
132299
132304
132307
132313
132314
132316
132317
132318
132319
132323
132329
132332
132333
132334
132335
132624
132625
132626
132628
132629
132630
132631
132632
132634
132635
132675
132681
132684
132685
132686
132687
132705
132708
132709
132710
132711
132715
132720
132721
132722
132724
132725
132726
132727
132728
132730
132731
132784
132786
132787
132792
132793
132794
132796
132797
132798
132799
132929
132932
132933
132934
132935
132939
132944
132946
132947
132952
132953
132954
132956
132957
132958
132959
132963
132969
132972
132973
132974
132975
134083
134089
134092
134093
134094
134095
134113
134116
134117
134118
134119
134123
134129
134132
134133
134134
134135
134139
138288
138290
138291
138296
138297
138298
138300
138301
138302
138303
138384
138385
138386
138388
138389
138390
138391
138392
138394
138395
138433
138436
138437
138438
138439
138443
138448
138450
138451
138456
138457
138458
138460
138461
138462
138463
138467
138473
138476
138477
138478
138479
138769
138772
138773
138774
138775
138779
138816
138819
138825
138828
138829
138830
138831
138849
138852
138853
138854
138855
138859
138865
138868
138869
138870
138871
138875
138931
138937
138940
138941
138942
138943
139072
139073
139074
139076
139078
139079
139080
139082
139083
139100
139102
139103
139104
139106
139107
139112
139113
139114
139116
139117
139118
140227
140233
140236
140237
140238
140239
140257
140260
140261
140262
140263
140267
140272
140273
140274
140276
140277
140278
140279
140280
140282
140283
141636
141637
141638
141648
141650
141651
141656
141657
141658
141660
141661
141662
141667
141676
141677
141678
141679
142352
142353
142354
142356
142358
142359
142360
142362
142363
142412
142414
142415
142436
142437
142438
142448
142449
142450
142452
142453
142454
142455
142456
142458
142459
142512
142514
142515
142520
142521
142522
142524
142525
142526
142787
142793
142796
142797
142798
142799
142817
142820
142821
142822
142823
142827
142832
142833
142834
142836
142837
142838
142839
142840
142842
142843
142896
142898
142899
142904
142905
142906
142908
142909
142910
142911
142992
142993
142994
142996
142997
142998
142999
143000
143002
143003
143041
143044
143045
143046
143051
143056
143058
143059
143064
143065
143066
143068
143069
143070
143075
143084
143085
143086
143087
218129
218132
218133
218134
218135
218139
218179
218185
218188
218189
218190
218191
218209
218212
218213
218214
218215
218219
218225
218226
218228
218229
218230
218231
218232
218235
218291
218297
218300
218301
218302
218303
218572
218575
218597
218608
218610
218611
218616
218617
218618
218620
218621
218622
218623
218627
218636
218638
218639
218661
218662
218672
218673
218674
218675
218679
218680
218681
218682
218683
218684
218685
218686
218768
218769
218770
218772
218774
218775
218776
218778
218779
218781
218820
218821
218822
218823
218827
218832
218834
218835
218840
218841
218842
218844
218845
218846
218847
218851
218857
218860
218861
218862
218863
294962
295117
295140
295163
295684
295687
295713
295720
295722
295734
295826
295877
295904
295907
295913
295916
295918
297311
297324
297327
298000
298002
298003
298009
298012
298014
298116
298118
298146
298154
298157
298165
298193
298200
298202
298203
298205
298561
298568
298570
298571
298596
298599
298603
298612
298615
298772
298774
298775
298880
298882
298883
298889
298892
298894
298917
298918
298929
298936
298938
298939
298941
298965
304405
304460
304463
304496
304498
304499
304505
304508
304510
304511
304527
304560
304563
304569
304572
304574
304575
307264
307266
307267
307273
307276
307278
307279
307301
307302
307312
307313
307314
307320
307321
307322
307323
307325
307326
307729
307732
307735
307736
307738
307739
307741
307841
307848
307850
307851
307853
307876
307878
307879
307883
307889
307892
307894
307895
307896
307898
307899
307924
307926
307927
308036
308038
308039
308065
308066
308072
308074
308075
308077
308084
308085
308086
308087
309509
309520
309522
309523
309529
309532
309534
309535
309536
309539
309545
309548
309550
309551
309637
309638
309663
309664
309666
309667
309673
309676
309677
309678
309679
309685
309712
309713
309714
309715
309720
309721
309722
309724
309725
309726
309727
310341
310352
310354
310355
310361
310364
310365
310366
310367
310371
310380
310383
310784
310785
310786
310788
310791
310792
310793
310794
310795
310797
310817
310820
310822
310823
310824
310826
310827
310829
310833
310836
310838
310839
310840
310842
310843
310928
310929
310930
310935
310936
310937
310938
310939
310941
310942
310980
310981
310982
310983
311008
311009
311010
311011
311016
311017
311018
311019
311020
311021
311022
311023
311029
311030
311124
311125
311126
311127
