16539
16611
16617
16995
17001
17169
17176
17179
17280
17283
17289
17318
17329
17339
18705
18715
18819
18825
18828
18830
18865
18872
18874
18875
19524
19526
19552
19554
19555
19561
19968
19970
19971
19977
19981
20004
20006
20007
20017
20023
20027
20113
20120
20122
20123
20125
20165
20191
20195
20201
20204
20206
20309
25669
25683
25689
25692
25694
25695
25699
25708
25710
25711
26108
26111
26115
26121
26124
26126
26127
26149
26160
26161
26162
26168
26170
26171
26173
26257
26260
26262
26263
26267
26308
26310
26311
26315
26336
26337
26338
26344
26345
26346
26349
26357
28944
28945
28946
28947
28952
28953
28954
28957
28958
29057
29058
29064
29066
29067
29069
29089
29092
29094
29095
29096
29098
29099
29108
29110
29111
29140
29141
29142
30720
30721
30722
30724
30727
30728
30729
30730
30731
30733
30752
30753
30754
30756
30758
30759
30760
30762
30763
30765
30772
30773
30774
30775
30853
30864
30866
30867
30873
30874
30876
30877
30878
30879
30883
30892
30894
30895
30917
30928
30930
30931
30936
30937
30938
30940
30941
30942
30943
30959
31297
31298
31303
31304
31306
31307
31309
31329
31332
31334
31335
31336
31338
31339
31341
31348
31349
31350
31351
31508
31509
31510
31511
31567
31589
31600
31602
31603
31609
31612
31613
31614
31615
31628
31631
31653
31664
31666
31667
31673
31674
31676
31677
31678
31679
32084
32085
32086
32087
102416
102417
102418
102420
102421
102422
102423
102424
102426
102427
102467
102473
102476
102477
102478
102479
102497
102500
102501
102502
102503
102507
102512
102513
102514
102516
102517
102518
102519
102520
102523
102576
102578
102579
102584
102585
102586
102588
102589
102590
102591
102851
102857
102860
102861
102862
102863
102881
102884
102885
102886
102887
102891
102897
102900
102901
102902
102903
102907
102963
102969
102972
102973
102974
102975
103057
103060
103061
103062
103063
103067
103105
103108
103109
103110
103111
103115
103120
103123
103129
103130
103132
103133
103134
103135
103139
103145
103148
103149
103150
103151
104432
104434
104435
104441
104444
104445
104446
104447
104448
104451
104457
104460
104461
104462
104463
104484
104485
104486
104496
104497
104498
104500
104502
104503
104504
104505
104506
104507
104509
104581
104592
104593
104594
104595
104599
104600
104601
104602
104603
104605
104606
104623
104645
104646
104656
104657
104658
104659
104664
104665
104666
104668
104669
104670
104684
104686
104687
104977
104978
104980
104981
104982
104983
104984
104986
104987
105027
105033
105036
105037
105038
105039
105060
105061
105062
105063
105067
105072
105073
105074
105076
105078
105079
105080
105082
105083
105136
105138
105139
105144
105145
105146
105148
105149
105150
105151
105281
105284
105285
105286
105287
105291
105296
105299
105305
105308
105309
105310
105311
105315
105321
105324
105325
105326
105327
181569
181572
181573
181574
181575
181579
181584
181586
181587
181592
181593
181594
181596
181597
181598
181599
181603
181609
181612
181613
181614
181615
184368
184370
184371
184376
184377
184378
184380
184381
184382
184464
184465
184466
184468
184470
184471
184472
184474
184475
184516
184517
184518
184528
184530
184531
184536
184537
184538
184540
184541
184542
184556
184558
184559
184848
184849
184850
184852
184854
184855
184856
184858
184859
184908
184910
184911
184932
184933
184934
184944
184945
184946
184948
184950
184951
184952
184954
184955
185008
185010
185011
185016
185017
185018
185020
185021
185022
185156
185157
185158
185168
185170
185171
185176
185177
185178
185180
185181
185182
185196
185198
185199
186388
186389
186390
186432
186434
186435
186440
186441
186442
186444
186445
186446
186447
186465
186468
186469
186470
186471
186472
186475
186481
186484
186485
186486
186487
186491
186547
186553
186556
186558
186559
186828
186830
186831
186852
186853
186854
186864
186865
186866
186868
186870
186871
186872
186874
186875
186928
186930
186931
186936
186937
186938
186940
186941
186942
187024
187025
187026
187028
187029
187030
187031
187032
187034
187035
187073
187076
187077
187078
187079
187083
187088
187090
187091
187097
187098
187100
187101
187102
187103
187107
187113
187116
187117
187118
187119
187712
187713
187714
187715
187716
187719
187720
187721
187722
187723
187725
187744
187745
187746
187747
187751
187752
187753
187754
187755
187757
187764
187765
187766
192451
192460
192461
192462
192463
192481
192484
192485
192486
192491
192496
192497
192498
192500
192501
192502
192503
192504
192506
192507
262182
262298
262341
262731
262760
262762
262773
262934
263024
263026
263033
263091
263097
264453
264476
264479
264492
264494
264495
264583
264610
264616
264618
264621
264629
264660
264662
265297
265304
265306
265664
265666
265667
265673
265677
265678
265700
265702
265703
265713
265716
265719
265723
265920
265922
265923
265929
265932
265934
265956
265958
265969
265975
265979
271380
271381
271382
271436
271439
271461
271472
271474
271475
271481
271482
271485
271486
271536
271538
271539
271545
271548
271549
271550
271551
271877
271891
271900
271902
271903
271907
271916
271918
271919
272001
272004
272006
272007
272011
272032
272033
272034
272040
272042
272043
272045
272053
272084
272086
272087
272208
272209
272210
272216
272218
272219
272221
274753
274759
274760
274762
274763
274765
274785
274791
274792
274794
274795
274797
274804
274805
274806
274807
276224
276227
276233
276236
276238
276239
276260
276261
276262
276272
276273
276274
276275
276279
276280
276281
276282
276283
276285
276368
276369
276370
276372
276374
276375
276376
276378
276379
276381
276420
276421
276422
276423
276435
276441
276444
276446
276447
276448
276450
276451
276457
276460
276461
276462
276463
276720
276723
276729
276732
276734
276735
277076
277077
277078
277248
277249
277250
277251
277256
277257
277258
277259
277261
277281
277284
277286
277287
277288
277290
277291
277300
277301
277302
277303
277307
277392
277394
277395
277400
277401
277402
277404
277405
277406
277423
277445
277456
277458
277459
277465
277468
277469
277470
277471
277484
277487
