32807
32901
32926
33300
33302
33359
33381
33400
33402
33459
33607
33635
33641
33645
34896
34898
34904
34906
35132
35134
35265
35271
35275
35296
35298
35306
35309
35532
35534
35535
35557
35569
35575
35576
35579
36101
36115
36121
36125
36126
36143
36223
36224
36226
36227
36233
36237
36238
36260
36262
36263
36276
36278
36279
41281
41284
41286
41287
41288
41290
41291
41311
41312
41314
41315
41320
41321
41322
41325
41326
41333
42188
42190
42191
42213
42224
42225
42226
42232
42234
42235
42237
42577
42583
42584
42586
42587
42756
42757
42758
42771
42777
42780
42782
42783
42796
42798
42799
42880
42882
42888
42889
42890
42893
42913
42919
42920
42923
42932
42933
42934
42965
43824
43826
43827
43833
43836
43837
43838
43924
43925
43926
43927
43969
43972
43974
43975
43979
43999
44000
44002
44003
44008
44009
44010
44012
44013
44014
44021
46100
46101
46102
46103
46156
46158
46159
46180
46181
46182
46192
46193
46194
46199
46200
46201
46202
46203
46205
46256
46258
46259
46265
46268
46269
46270
46271
46588
46590
46591
46592
46594
46595
46600
46601
46602
46604
46605
46606
46625
46628
46629
46630
46631
46632
46634
46635
46641
46644
46645
46646
46647
46651
46724
46725
46726
46736
46738
46739
46745
46746
46748
46749
46750
46751
46755
46764
46766
46767
46800
46801
46802
46807
46808
46809
46810
46811
46813
115712
115713
115714
115716
115718
115719
115720
115722
115723
115740
115742
115743
115744
115746
115747
115752
115753
115754
115756
115757
115758
115827
115833
115836
115837
115838
115839
115840
115842
115843
115848
115849
115850
115852
115853
115854
115872
115873
115874
115876
115877
115878
115879
115880
115882
115883
115892
115893
115894
115899
116211
116217
116220
116221
116222
116223
116224
116226
116227
116232
116233
116234
116236
116237
116238
116239
116256
116257
116258
116260
116261
116262
116263
116264
116266
116267
116273
116276
116277
116278
116279
116283
116352
116353
116354
116356
116357
116358
116359
116360
116362
116363
116371
116377
116380
116381
116382
116383
116384
116386
116387
116392
116393
116394
116396
116397
116398
116399
116433
116436
116437
116438
116439
116443
119795
119801
119804
119805
119806
119807
121169
121172
121173
121174
121175
121179
121857
121860
121861
121862
121863
121867
121875
121881
121884
121885
121886
121887
121888
121891
121897
121898
121900
121901
121902
121903
121971
121977
121980
121981
121982
121983
121984
121986
121987
121992
121993
121994
121996
121997
121998
121999
122016
122017
122018
122020
122021
122022
122023
122024
122026
122027
122033
122036
122037
122038
122039
122043
122367
122368
122369
122370
122371
122375
122376
122377
122378
122379
122381
122399
122400
122401
122402
122403
122407
122408
122409
122410
122411
122413
122420
122421
122422
122496
122497
122498
122500
122502
122503
122504
122506
122507
122524
122526
122527
122528
122529
122530
122531
122536
122537
122538
122540
122541
122542
122549
122580
122581
122582
122708
122709
122710
125955
125961
125964
125965
125966
125967
125985
125988
125989
125990
125991
125995
126001
126004
126005
126006
126007
126011
126081
126084
126085
126086
126087
126091
126099
126105
126108
126109
126110
126111
126115
126121
126124
126125
126126
126127
126161
126164
126165
126166
126167
126171
126464
126465
126466
126468
126469
126470
126471
126472
126475
126483
126489
126492
126493
126494
126495
126499
126505
126506
126508
126509
126510
126511
126579
126585
126588
126589
126590
126591
126595
126601
126604
126605
126606
126607
126625
126628
126629
126630
126631
126635
126641
126644
126645
126646
126647
126651
126801
126804
126805
126806
126807
126811
201044
201045
201046
201728
201730
201731
201736
201737
201738
201740
201741
201742
201760
201761
201762
201764
201766
201767
201768
201770
201771
201780
201781
201782
201856
201857
201858
201860
201861
201862
201863
201864
201866
201867
201875
201884
201886
201887
201888
201890
201891
201896
201897
201898
201900
201901
201902
201937
201940
201941
201942
201943
201947
202245
202256
202257
202258
202259
202264
202265
202266
202268
202269
202270
202284
202286
202287
202355
202361
202364
202365
202366
202367
202368
202370
202371
202377
202378
202380
202381
202382
202383
202401
202404
202405
202406
202407
202411
202417
202418
202420
202421
202422
202423
202424
202426
202427
202565
202576
202577
202578
202579
202584
202585
202586
202587
202588
202589
202590
202591
202604
202607
203772
203774
203775
278565
278728
278775
279121
279128
279130
279328
279330
279337
279349
279452
279455
279504
279507
279513
279516
279518
280900
280902
280903
280938
280941
280949
281617
281624
281627
281729
281736
281738
281741
281764
281766
281767
281787
281813
282133
282179
282188
282191
282213
282224
282226
282227
282233
282236
282238
282300
282303
282432
282434
282435
282441
282444
282446
282447
282469
282470
282481
282482
282488
282490
282493
288017
288018
288024
288026
288027
288029
288129
288135
288136
288138
288139
288161
288164
288167
288168
288170
288171
288180
288182
288183
288212
288214
288215
290884
290885
290886
290912
290914
290915
290921
290924
290925
290926
290927
290933
291332
291333
291334
291335
291360
291361
291362
291363
291368
291369
291370
291372
291373
291374
291381
291382
291472
291474
291475
291481
291484
291486
291487
291503
291525
291536
291538
291539
291545
291548
291550
291551
291555
291564
291567
291665
291672
291674
291675
291677
292949
293120
293122
293123
293129
293132
293133
293134
293135
293156
293157
293158
293168
293169
293170
293171
293176
293177
293178
293179
293180
293181
293182
293268
293269
293270
293271
293313
293319
293320
293322
293323
293325
293345
293348
293350
293351
293352
293354
293355
293361
293364
293366
293367
293368
293371
293628
293631
293973
294144
294146
294147
294153
294156
294158
294159
294181
294182
294192
294193
294194
294195
294200
294201
294202
294204
294205
294206
294207
294292
294293
294294
294295
294336
294337
294338
294340
294343
294344
294345
294346
294347
294349
294369
294370
294372
294374
294375
294376
294378
294379
294381
294385
294388
294389
294390
294391
294392
294395
294607
294640
294643
294649
294652
294654
294655
