65597
65684
65761
65771
65782
66130
66309
66335
66351
66464
66466
66473
66513
66520
66522
67905
67912
67914
67917
67940
67943
67959
68723
68732
68734
68735
68751
68784
68786
68787
68793
68798
69137
69143
69144
69147
69248
69250
69257
69261
69284
69286
69297
69304
69306
69307
69333
69444
69446
69447
69473
69474
69480
69482
69485
69493
75012
75014
75015
75040
75041
75042
75043
75048
75049
75050
75053
75054
75061
75152
75155
75161
75164
75166
75167
75180
75183
75216
75218
75219
75225
75228
75230
75231
77905
77911
77912
77914
77915
77917
78287
78320
78322
78323
78329
78332
78334
78335
78339
78348
78350
78351
78373
78384
78386
78387
78393
78396
78397
78398
78399
78484
78485
78486
78528
78529
78530
78536
78537
78538
78539
78541
78564
78566
78567
78577
78580
78583
78584
78586
78587
79952
79953
79954
79955
79960
79961
79962
79964
79965
79966
79967
79983
80384
80385
80386
80387
80392
80393
80394
80396
80397
80398
80399
80420
80421
80422
80423
80433
80434
80439
80440
80442
80443
80445
80529
80532
80534
80535
80536
80538
80539
80577
80580
80582
80583
80584
80587
80608
80609
80610
80616
80617
80618
80619
80621
80628
80629
80630
80631
80725
81157
81168
81170
81171
81177
81180
81182
81183
81184
81187
81193
81196
81198
81199
81281
81284
81285
81286
81287
81288
81291
81312
81313
81314
81315
81320
81321
81322
81323
81324
81325
81326
81332
81333
81334
81361
81364
81366
81367
81368
81370
81371
151829
151830
151872
151873
151874
151875
151879
151880
151881
151882
151883
151885
151886
151903
151904
151905
151906
151907
151908
151911
151912
151913
151914
151915
151917
151925
151926
151996
151999
152639
152725
152768
152769
152770
152771
152775
152776
152777
152778
152779
152780
152781
152782
152799
152800
152801
152802
152803
152804
152806
152807
152808
152809
152810
152811
152813
152820
152821
152822
153153
153154
153156
153157
153158
153159
153160
153162
153163
153171
153180
153182
153183
153184
153186
153187
153192
153193
153194
153196
153197
153198
153199
153361
153364
153365
153366
153367
153371
153411
153417
153420
153422
153423
153444
153445
153446
153456
153457
153458
153459
153463
153464
153465
153466
153467
153468
153469
153470
153487
153520
153522
153523
153528
153529
153530
153532
153533
153534
153535
154428
154430
154431
154517
154518
154560
154561
154562
154563
154564
154567
154568
154569
154570
154571
154573
154588
154591
154592
154593
154594
154595
154599
154600
154601
154602
154603
154605
154606
154613
230421
230464
230465
230466
230467
230468
230470
230471
230472
230473
230474
230475
230477
230492
230494
230495
230496
230497
230498
230499
230503
230504
230505
230506
230507
230508
230509
230510
230517
230591
230716
230718
230719
230804
230805
230806
230848
230849
230850
230851
230852
230854
230855
230856
230857
230858
230859
230861
230876
230878
230879
230880
230881
230882
230883
230887
230888
230889
230890
230892
230893
230894
230975
231061
231104
231105
231106
231107
231111
231112
231113
231114
231115
231116
231117
231118
231135
231136
231137
231138
231139
231140
231142
231143
231144
231145
231146
231147
231149
231156
231157
231158
234291
234300
234301
234302
234303
234388
234389
234390
234395
234432
234433
234434
234436
234437
234438
234439
234440
234442
234443
234460
234462
234463
234464
234466
234467
234472
234473
234474
234476
234477
234478
235796
235797
235798
235840
235842
235843
235848
235849
235850
235852
235853
235854
235872
235873
235874
235876
235878
235879
235880
235882
235883
235892
235893
235894
235964
235966
235967
236608
236609
236610
236612
236614
236615
236616
236617
236618
236619
236621
236636
236638
236639
236640
236641
236642
236643
236647
236648
236649
236650
236651
236652
236653
236654
236661
236863
236949
236992
236994
236995
237000
237001
237002
237004
237005
237006
237025
237026
237028
237030
237031
237032
237034
237035
237041
237044
237045
237046
237047
237051
237116
237118
237119
237204
237205
237206
237248
237249
237250
237251
237255
237256
237257
237258
237259
237261
237279
237280
237281
237282
237283
237287
237288
237289
237290
237291
237293
237301
237302
240832
240834
240835
240840
240841
240842
240844
240845
240846
240864
240865
240866
240868
240870
240871
240872
240874
240875
240884
240885
240886
241216
241217
241218
241220
241222
241223
241224
241226
241227
241244
241246
241247
241248
241250
241251
241256
241257
241258
241260
241261
241262
241428
241429
241430
241472
241474
241475
241480
241481
241482
241484
241485
241486
241504
241505
241506
241508
241510
241511
241512
241514
241515
241524
241525
241526
241596
241598
241599
311348
311443
311506
311829
311884
311886
311931
311999
312136
312138
312161
312171
312181
313428
313430
313615
313637
313650
313656
313658
313745
313755
313797
313820
313823
313836
313838
314099
314105
314108
314110
314625
314631
314635
314656
314658
314664
314666
314669
314677
314756
314758
314759
314783
314784
314787
314793
314796
314797
314798
314833
314836
314838
314839
314843
319825
319828
319830
319831
319832
319835
320527
320560
320562
320563
320569
320570
320572
320573
320574
320660
320662
320663
320667
320705
320708
320710
320711
320715
320735
320736
320738
320739
320744
320745
320746
320749
320750
320757
321092
321094
321095
321099
321119
321120
321122
321123
321129
321130
321133
321134
321300
321302
321303
321307
321359
321392
321394
321395
321401
321402
321405
321456
321458
321459
321465
321469
321470
322511
322533
322544
322546
322547
322552
322553
322554
322557
322558
324612
324613
324614
324615
324619
324636
324638
324639
324640
324642
324643
324649
324650
324652
324653
324654
324737
324740
324742
324743
324744
324746
324747
324767
324768
324769
324770
324771
324776
324777
324778
324779
324781
324789
324820
324821
324822
324823
325136
325137
325138
325140
325143
325144
325146
325147
325149
325232
325234
325235
325241
325244
325245
325246
325247
325251
325260
325262
325263
325284
325285
325286
325296
325297
325298
325299
325303
325304
325305
325306
325307
325309
325444
325445
325446
325456
325458
325459
325465
325468
325469
325470
325471
325475
325481
325484
325486
325487
