32903
32937
32941
33308
33310
33444
33446
33460
33462
33623
33627
34833
34839
34843
34895
34917
34928
34929
34930
34936
34938
34939
34995
35001
35005
35315
35321
35325
35343
35365
35377
35387
35472
35474
35480
35482
35536
35538
35544
35546
36165
36166
36179
36185
36188
36189
36190
36204
36206
36207
41028
41029
41030
41040
41042
41043
41049
41052
41053
41054
41055
41059
41065
41068
41070
41071
41267
41273
41276
41278
41279
41364
41365
41366
41409
41412
41414
41415
41416
41418
41419
41436
41438
41439
41440
41442
41443
41448
41449
41450
41452
41453
41454
41667
41673
41676
41677
41678
41679
41697
41700
41701
41702
41703
41707
41713
41716
41717
41718
41719
41723
42947
42953
42956
42958
42980
42982
42996
42998
42999
43068
43070
43071
43156
43157
43158
43201
43204
43206
43207
43211
43231
43232
43234
43235
43241
43244
43245
43246
43541
43584
43586
43587
43592
43593
43594
43597
43616
43617
43618
43623
43624
43626
43627
43637
43711
43797
43840
43842
43843
43848
43849
43850
43853
43872
43873
43874
43879
43880
43882
43883
43893
43967
46352
46353
46354
46356
46358
46359
46360
46362
46363
46412
46414
46415
46436
46437
46438
46448
46449
46450
46452
46454
46455
46456
46457
46458
46459
46461
46512
46514
46515
46520
46521
46522
46524
46525
46526
114757
114768
114769
114770
114771
114775
114776
114777
114778
114779
114781
114799
114959
114981
114992
114993
114994
114995
114999
115000
115001
115002
115003
115005
115077
115088
115089
115090
115091
115095
115096
115097
115098
115099
115101
115119
115141
115152
115153
115154
115155
115159
115160
115161
115162
115163
115165
115183
115407
115429
115440
115441
115442
115443
115447
115448
115449
115450
115451
115453
116492
116494
116495
116516
116517
116518
116528
116529
116530
116531
116532
116534
116535
116536
116537
116538
116539
116541
116612
116613
116614
116624
116625
116626
116627
116631
116632
116633
116634
116635
116636
116637
116638
116652
116654
116655
116677
116688
116689
116690
116691
116692
116694
116695
116696
116697
116698
116699
116701
116719
116943
116965
116976
116977
116978
116979
116983
116984
116985
116986
116987
116989
116990
117317
117328
117329
117330
117331
117335
117336
117337
117338
117339
117341
117359
117509
117520
117521
117522
117523
117527
117528
117529
117530
117531
117533
117551
117583
117605
117616
117617
117618
117619
117623
117624
117625
117626
117627
117629
117647
117669
117680
117681
117682
117683
117687
117688
117689
117690
117691
117693
122639
122661
122672
122673
122674
122675
122679
122680
122681
122682
122683
122685
122757
122768
122769
122770
122771
122775
122776
122777
122778
122779
122781
122799
122821
122832
122833
122834
122835
122839
122840
122841
122842
122843
122844
122845
122846
122860
122863
123087
123109
123120
123121
123122
123123
123127
123128
123129
123130
123131
123133
123461
123472
123473
123474
123475
123476
123479
123480
123481
123482
123483
123485
123503
123652
123653
123654
123664
123665
123666
123667
123671
123672
123673
123674
123675
123676
123677
123678
123692
123694
123695
123727
123749
123760
123761
123762
123763
123767
123768
123769
123770
123771
123772
123773
123774
123788
123790
123791
123812
123813
123814
123824
123825
123826
123827
123828
123830
123831
123832
123833
123834
123835
123837
124997
125008
125009
125010
125011
125012
125014
125015
125016
125017
125018
125019
125021
125039
125196
125198
125199
125220
125221
125222
125232
125233
125234
125235
125236
125238
125239
125240
125241
125242
125243
125245
125316
125317
125318
125328
125329
125330
125331
125335
125336
125337
125338
125339
125340
125341
125342
125356
125358
125359
125381
125392
125393
125394
125395
125396
125398
125399
125400
125401
125402
125403
125405
125423
125647
125669
125680
125681
125682
125683
125687
125688
125689
125690
125691
125692
125693
125694
126212
126213
126214
126224
126225
126226
126227
126231
126232
126233
126234
126235
126236
126237
126238
126252
126254
126255
126287
126309
126320
126321
126322
126323
126327
126328
126329
126330
126331
126332
126333
126334
126348
126350
126351
126372
126373
126374
126384
126385
126386
126387
126388
126390
126391
126392
126393
126394
126395
126397
201989
202000
202001
202002
202003
202007
202008
202009
202010
202011
202013
202014
202028
202031
202063
202096
202098
202099
202105
202106
202108
202109
202110
202111
202112
202115
202121
202124
202125
202126
202127
202148
202149
202150
202160
202161
202162
202163
202164
202166
202167
202168
202169
202170
202171
202173
278588
278729
278734
278757
279345
279354
279357
279444
279446
279489
279496
279498
279499
279501
279524
279527
279544
279547
280919
281640
281643
281652
281655
281745
281752
281754
281755
281796
281798
281799
281825
281832
281834
281835
281837
281844
281846
281847
282193
282202
282205
282374
282402
282409
282410
282413
282414
282421
282512
282514
282515
282521
282524
282526
282565
282592
282594
282595
282601
282604
282606
282607
282613
288080
288082
288083
288089
288092
288094
288095
290821
290832
290835
290844
290847
290848
290851
290857
290860
290862
290863
290949
290960
290963
290972
290975
290976
290978
290979
290985
290988
290990
290991
291024
291026
291027
291033
291036
291038
291039
291397
291424
291426
291427
291433
291436
291438
291439
291445
291600
291602
291603
291609
291610
291612
291613
291614
291615
291716
291717
291718
291719
291744
291745
291746
291747
291752
291753
291754
291756
291757
291758
291759
291765
291766
291792
291793
291794
291800
291801
291802
291803
291805
291806
293188
293190
293191
293217
293218
293224
293225
293226
293227
293229
293230
293236
293237
293238
293239
293905
293912
293914
293915
293917
294017
294020
294022
294023
294024
294026
294027
294049
294052
294055
294056
294058
294059
294061
294068
294070
294071
294072
294075
294097
294100
294102
294103
294104
294106
294107
294109
294465
294468
294470
294471
294472
294474
294475
294477
294497
294500
294502
294503
294504
294506
294507
294509
294513
294516
294518
294519
294520
294522
294523
294525
294676
294678
294679
294680
294683
294784
294785
294786
294787
294792
294793
294794
294795
294796
294797
294798
294799
294820
294821
294822
294823
294833
294834
294836
294839
294840
294841
294842
294843
294845
294846
294868
294869
294870
294871
