16388
16451
16458
16493
16654
16679
16741
16757
16816
16817
16822
16827
17145
17463
17466
17532
17533
17534
17545
17549
17564
17565
17566
17571
17576
17577
17727
17797
17808
17809
17810
17812
17813
17814
17819
17872
17873
17876
17877
17878
17883
18112
18114
18118
18119
18123
18131
18135
18136
18137
18138
18158
19407
19424
19425
19426
19430
19435
20675
20679
20680
20681
20682
20685
20700
20701
20702
20707
20712
20713
20714
20716
20717
20943
20960
20961
20964
20965
20966
20971
20976
20977
20978
20980
20981
20982
20987
21029
21040
21041
21042
21044
21045
21046
21051
21107
21111
21112
21113
21114
21132
21133
21134
21135
21151
21152
21153
21154
21155
21156
21158
21159
21160
21162
21163
21747
21752
21753
21754
21756
21757
21758
22017
22020
22021
22022
22032
22033
22034
22036
22037
22038
22039
22043
22063
22080
22081
22082
22083
22084
22086
22087
22088
22089
22090
22091
22098
22099
22103
22104
22105
22106
22108
22109
22124
22125
22126
22127
22204
22206
22207
22337
22340
22341
22342
22352
22353
22354
22356
22357
22358
22359
22362
22363
22383
23299
23304
23305
23306
23308
23309
23310
23324
23325
23326
23327
23330
23331
23335
23336
23337
23338
23341
23372
23374
23375
23391
23392
23393
23394
23396
23397
23398
23399
23403
23472
23473
23474
23475
23476
23478
23479
23480
23481
23482
23483
28476
28477
28478
28543
28544
28545
28546
28548
28550
28551
28555
28562
28563
28567
28568
28569
28570
28590
28591
113667
113673
113676
113677
113678
113679
113697
113700
113701
113702
113703
113707
113712
113713
113714
113716
113717
113718
113719
113720
113722
113723
113793
113796
113797
113798
113799
113803
113808
113810
113811
113816
113817
113818
113820
113821
113822
113823
113827
113833
113836
113837
113838
113839
113872
113873
113876
113877
113878
113879
113882
113883
114172
114173
114174
114175
114176
114178
114179
114183
114184
114185
114186
114187
114188
114189
114190
114204
114206
114207
114208
114209
114210
114211
114215
114216
114217
114218
114219
114220
114221
114229
114291
114297
114300
114301
114302
114303
114307
114312
114313
114316
114317
114318
114319
114336
114337
114338
114340
114341
114342
114343
114344
114346
114347
114353
114356
114357
114358
114363
164848
164850
164851
164856
164857
164858
164860
164861
164862
164863
166224
166225
166226
166228
166229
166230
166231
166232
166234
166235
166913
166916
166917
166918
166919
166923
166928
166930
166931
166936
166937
166938
166940
166941
166942
166943
166947
166953
166956
166957
166958
166959
167026
167027
167032
167033
167036
167037
167038
167039
167043
167049
167052
167053
167054
167055
167073
167076
167077
167078
167079
167083
167088
167089
167090
167092
167093
167094
167095
167096
167098
167099
167411
167417
167420
167421
167422
167423
167427
167433
167436
167437
167438
167439
167457
167460
167461
167462
167463
167467
167473
167476
167477
167478
167479
167483
167553
167556
167557
167558
167559
167563
167571
167577
167580
167581
167582
167583
167587
167593
167596
167597
167598
167599
167633
167636
167637
167638
167639
167643
172369
172372
172373
172374
172375
172379
173056
173058
173059
173064
173065
173066
173068
173069
173070
173071
173088
173089
173090
173092
173093
173094
173095
173096
173098
173099
173105
173108
173109
173110
173111
173115
173184
173185
173186
173188
173189
173190
173191
173192
173194
173195
173203
173209
173212
173213
173214
173215
173216
173218
173219
173224
173225
173226
173228
173229
173230
173231
173265
173268
173269
173270
173271
173275
173569
173572
173573
173574
173575
173578
173579
173587
173593
173596
173597
173598
173599
173600
173602
173603
173608
173609
173612
173613
173614
173615
173683
173689
173692
173693
173694
173695
173696
173698
173699
173704
173705
173706
173708
173709
173710
173711
173728
173729
173730
173732
173733
173734
173735
173736
173738
173739
173745
173748
173749
173750
173751
173755
173905
173908
173909
173910
173911
173915
175091
175097
175100
175101
175102
175103
177152
177153
177154
177156
177157
177158
177159
177160
177162
177163
177171
177177
177180
177181
177182
177183
177186
177187
177192
177193
177196
177197
177198
177199
177267
177273
177276
177277
177278
177279
177283
177289
177292
177293
177294
177295
177313
177316
177317
177318
177319
177323
177329
177332
177333
177334
177335
177339
177615
177637
177648
177649
177650
177651
177655
177656
177657
177658
177659
177661
177676
177678
177679
177700
177701
177702
177712
177713
177714
177716
177718
177719
177720
177722
177723
177793
177796
177797
177798
177799
177803
177808
177810
177811
177816
177817
177818
177820
177821
177822
177833
177836
177837
177838
177839
177872
177873
177874
177876
177877
177878
177879
177880
177882
177883
245875
245881
245940
246220
246222
246244
246246
246261
246333
246423
246427
246480
246482
247600
247602
247603
247608
247610
247684
247685
247698
247699
247704
247705
247706
247727
247761
247764
247766
247771
248015
248037
248049
248052
248054
248055
248059
248385
248391
248395
248412
248414
248428
248429
248430
248597
248640
248642
248648
248650
248671
248675
248680
248681
248767
253120
253121
253122
253123
253127
253128
253129
253130
253131
253133
253148
253150
253151
253152
253154
253155
253159
253160
253161
253162
253165
253445
253456
253457
253458
253460
253462
253463
253464
253466
253467
253507
253513
253516
253517
253518
253519
253536
253537
253538
253540
253541
253542
253543
253547
253553
253556
253557
253558
253619
253624
253625
253628
253629
253630
253764
253765
253766
253776
253777
253778
253779
253783
253784
253785
253786
253787
253789
253804
253806
253807
254783
254868
254869
254870
254912
254913
254914
254916
254918
254919
254923
254931
254937
254940
254941
254942
254947
254953
254956
254957
254958
254959
256257
256260
256261
256262
256275
256280
256281
256282
256285
256300
256302
256303
256335
256357
256368
256369
256370
256372
256374
256375
256376
256378
256379
256432
256433
256434
256435
256439
256440
256441
256442
256443
257105
257108
257109
257110
257115
257283
257288
257289
257290
257293
257311
257312
257313
257314
257319
257320
257322
257323
257404
257406
257411
257417
257420
257421
257422
257440
257441
257442
257447
257450
257451
257461
257788
257790
257791
