49161
49304
49375
49388
49735
49773
49940
49943
50035
50044
50046
50063
50096
50098
50109
51472
51475
51481
51486
51585
51592
51594
51595
51617
51627
51638
52304
52306
52307
52313
52317
52684
52687
52709
52720
52722
52728
52729
52730
52733
52787
52796
52798
52799
52885
52929
52936
52938
52939
52941
52961
52967
52971
52980
52982
58432
58434
58435
58440
58441
58442
58445
58446
58468
58470
58471
58481
58484
58486
58487
58488
58491
58884
58886
58887
58891
58912
58914
58920
58921
58922
58925
58933
59013
59036
59038
59039
59043
59049
59052
59054
59055
59088
59089
59090
59096
59098
59099
59101
59220
59222
59223
61717
61760
61762
61763
61769
61772
61774
61775
61796
61797
61798
61808
61809
61810
61816
61818
61819
61821
61884
61886
61887
63292
63294
63295
63381
63424
63425
63426
63427
63432
63433
63434
63435
63436
63437
63438
63457
63460
63462
63463
63464
63466
63467
63473
63476
63477
63478
63479
63483
63551
63637
63680
63682
63683
63689
63690
63692
63693
63694
63695
63716
63717
63718
63719
63729
63730
63732
63735
63736
63738
63739
63741
64080
64081
64082
64087
64088
64090
64091
64093
64260
64261
64262
64263
64284
64286
64287
64288
64290
64291
64297
64300
64301
64302
64303
64388
64389
64390
64391
64415
64416
64418
64419
64424
64425
64426
64428
64429
64430
64437
64465
64468
64470
64471
64472
64474
64475
132433
132436
132437
132438
132439
132443
135168
135171
135176
135177
135178
135180
135181
135182
135183
135200
135201
135202
135204
135205
135206
135207
135208
135210
135211
135217
135220
135221
135222
135223
135227
135296
135297
135298
135300
135301
135302
135303
135304
135306
135307
135315
135321
135324
135325
135326
135327
135328
135330
135331
135336
135337
135338
135340
135341
135342
135343
135377
135380
135381
135382
135383
135387
135680
135681
135682
135684
135685
135686
135687
135688
135690
135691
135699
135705
135708
135709
135710
135711
135712
135714
135715
135720
135721
135722
135724
135725
135726
135727
135795
135801
135804
135805
135806
135807
135808
135810
135811
135816
135817
135818
135820
135821
135822
135823
135840
135841
135842
135844
135845
135846
135847
135848
135850
135851
135857
135860
135861
135862
135863
135867
136017
136020
136021
136022
136023
136027
137221
137232
137233
137234
137235
137239
137240
137241
137242
137243
137245
137246
137263
137328
137330
137331
137336
137337
137338
137340
137341
137342
137343
137347
137353
137356
137357
137358
137359
137380
137381
137382
137392
137393
137394
137396
137398
137399
137400
137402
137403
137405
137715
137721
137724
137725
137726
137727
137728
137730
137731
137736
137737
137738
137740
137741
137742
137743
137760
137761
137762
137764
137765
137766
137767
137768
137770
137771
137777
137780
137781
137782
137783
137787
137857
137860
137861
137862
137863
137867
137875
137881
137884
137885
137886
137887
137888
137890
137891
137897
137898
137900
137901
137902
137903
137937
137940
137941
137942
137943
137944
137947
138565
138566
138576
138578
138579
138584
138585
138586
138588
138589
138590
138591
138604
138606
138607
143347
143353
143356
143357
143358
143359
217089
217090
217092
217093
217094
217095
217099
217107
217113
217116
217117
217118
217119
217123
217129
217132
217133
217134
217135
217203
217209
217210
217212
217213
217214
217215
217219
217225
217228
217229
217230
217231
217249
217252
217253
217254
217255
217259
217265
217268
217269
217270
217271
217275
217584
217586
217587
217592
217593
217594
217596
217597
217598
217599
217603
217609
217612
217613
217614
217615
217633
217636
217637
217638
217639
217643
217648
217649
217650
217652
217653
217654
217655
217656
217658
217659
217729
217732
217733
217734
217735
217739
217744
217746
217747
217752
217753
217754
217756
217757
217758
217759
217763
217769
217772
217773
217774
217775
217809
217810
217812
217813
217814
217815
217816
217819
219137
219138
219140
219142
219143
219144
219146
219147
219164
219167
219168
219169
219170
219171
219175
219176
219177
219178
219179
219180
219181
219182
219189
219264
219265
219266
219268
219270
219271
219272
219274
219275
219292
219295
219296
219297
219298
219299
219303
219304
219305
219306
219307
219308
219309
219310
219317
219348
219349
219350
219351
219355
219649
219652
219653
219654
219655
219659
219664
219667
219673
219676
219677
219678
219679
219683
219689
219692
219693
219694
219695
219763
219769
219772
219773
219774
219775
219776
219778
219779
219784
219785
219786
219788
219789
219790
219791
219809
219812
219813
219814
219815
219816
219819
219825
219828
219829
219830
219831
219835
219985
219986
219988
219989
219990
219991
219992
219994
219995
220497
220500
220501
220502
220503
220507
294971
295057
295150
295492
295494
295520
295522
295807
295820
295822
295845
295864
295866
297234
297240
297242
297245
297344
297346
297357
297380
297382
297383
297396
297399
297429
298053
298076
298078
298079
298092
298094
298095
298483
298492
298494
298495
298508
298510
298511
298533
298544
298546
298552
298553
298554
298557
298644
298646
298647
298692
298694
298695
298720
298722
298728
298730
298733
298741
304193
304196
304198
304199
304203
304224
304225
304226
304232
304233
304234
304235
304237
304245
304640
304641
304642
304648
304650
304653
304673
304676
304678
304679
304683
304692
304694
304695
304784
304786
304787
304792
304793
304794
304797
304837
304851
304857
304860
304862
304863
304867
304876
304878
304879
304981
307476
307478
307479
307483
307571
307577
307580
307582
307583
307584
307587
307593
307596
307598
307599
307621
307632
307633
307634
307635
307640
307641
307642
307643
307645
309199
309221
309232
309234
309235
309240
309241
309242
309244
309245
309246
309247
309251
309260
309262
309263
309285
309296
309297
309298
309299
309304
309305
309306
309307
309308
309309
309310
309393
309396
309398
309399
309400
309403
309441
309444
309446
309447
309448
309451
309472
309473
309474
309475
309480
309481
309482
309483
309484
309485
309486
309493
309494
309828
309829
309830
309843
309849
309852
309854
309855
309856
309858
309859
309865
309868
309870
309871
310032
310033
310034
310035
310040
310041
310042
310043
310045
310144
310145
310146
310147
310152
310153
310154
310155
310157
310158
310177
310180
310182
310183
310187
310193
310196
310198
310199
310200
310203
310229
