16430
16463
16570
16702
16785
16795
16848
16850
16859
17097
17119
17128
17130
17651
17656
17658
17984
17985
17986
17988
17990
17995
18003
18009
18013
18028
18030
18240
18241
18242
18246
18247
18251
18259
18265
18268
18269
18284
18285
18286
19215
19236
19237
19238
19252
19253
19324
19326
19341
19359
19362
19367
19368
19370
21443
21447
21448
21449
21450
21453
21468
21469
21470
21471
21475
21479
21480
21481
21482
21485
22608
22609
22612
22613
22614
22619
22784
22785
22786
22787
22791
22792
22793
22794
22795
22809
22812
22813
22814
22815
22819
22824
22825
22826
22828
22829
22830
22863
22884
22885
22896
22897
22898
22900
22901
22902
22903
22907
22949
22960
22961
22962
22964
22966
22967
22968
22970
22971
23292
23294
23295
23808
23809
23812
23813
23814
23819
23824
23825
23826
23827
23831
23832
23833
23834
23835
23837
23852
23854
23855
23884
23885
23886
23887
23904
23905
23906
23908
23909
23910
23911
23915
23921
23924
23925
23926
23931
23984
23986
23987
23991
23992
23993
23994
23996
23997
23998
27708
27710
27711
27792
27793
27794
27796
27797
27798
27799
27803
27844
27845
27856
27857
27858
27862
27863
27866
27867
27887
28144
28146
28147
28151
28152
28153
28154
28175
28193
28196
28197
28198
28209
28212
28213
28214
28284
28285
28286
28291
28297
28300
28301
28302
28319
28320
28322
28323
28327
28328
28329
28330
102339
102345
102348
102349
102350
102351
102369
102372
102373
102374
102375
102379
102384
102385
102386
102388
102389
102390
102391
102392
102394
102395
107841
107844
107845
107846
107847
107856
107858
107859
107864
107865
107866
107868
107869
107870
107871
107875
107881
107884
107886
107887
110608
110609
110610
110612
110614
110615
110616
110618
110619
110668
110670
110671
110692
110693
110694
110704
110705
110706
110708
110710
110711
110712
110714
110715
110768
110770
110771
110776
110777
110778
110780
110781
110782
111052
111054
111055
111076
111077
111078
111088
111089
111090
111092
111094
111095
111096
111098
111099
111152
111154
111155
111160
111161
111162
111164
111165
111166
111248
111249
111250
111252
111254
111255
111256
111258
111259
111300
111301
111302
111312
111314
111315
111320
111321
111322
111324
111325
111326
111340
111342
111343
112576
112577
112578
112579
112583
112584
112585
112586
112587
112588
112589
112604
112606
112607
112608
112609
112610
112611
112615
112616
112617
112618
112619
112621
112700
112702
112703
112785
112788
112789
112790
112795
112832
112833
112834
112836
112837
112838
112839
112840
112842
112843
112851
112857
112860
112861
112862
112863
112867
112872
112873
112876
112877
112878
112879
113168
113169
113170
113172
113174
113175
113176
113178
113179
113219
113225
113228
113229
113230
113231
113249
113252
113253
113254
113255
113259
113264
113265
113266
113268
113269
113270
113271
113274
113275
113328
113330
113331
113336
113337
113338
113340
113341
113342
113343
113476
113477
113478
113488
113490
113491
113496
113497
113498
113500
113501
113502
113516
113518
113519
176176
176178
176179
176184
176185
176186
176188
176189
176190
176191
176272
176273
176274
176276
176277
176278
176279
176280
176282
176283
176321
176324
176325
176326
176327
176331
176336
176338
176339
176344
176345
176348
176349
176350
176351
176355
176361
176364
176365
176366
176367
176657
176660
176661
176662
176663
176667
176707
176713
176716
176717
176718
176719
176737
176740
176741
176742
176743
176747
176752
176753
176756
176757
176758
176759
176762
176763
176819
176825
176828
176829
176830
176831
176961
176964
176965
176966
176967
176971
176979
176985
176988
176989
176990
176991
176995
177001
177004
177005
177006
177007
178176
178177
178180
178181
178182
178183
178187
178192
178194
178195
178199
178200
178201
178202
178203
178204
178205
178206
178220
178222
178223
178254
178255
178276
178277
178278
178288
178289
178290
178291
178292
178294
178295
178296
178298
178299
178319
178341
178352
178353
178354
178355
178358
178359
178360
178361
178362
178363
178365
178627
178633
178636
178637
178638
178639
178657
178660
178661
178662
178663
178667
178672
178673
178676
178677
178678
178679
178683
178738
178739
178744
178745
178746
178748
178749
178750
178751
178832
178833
178834
178836
178837
178838
178839
178840
178842
178843
178881
178884
178885
178886
178887
178891
178896
178898
178899
178904
178905
178906
178908
178909
178910
178921
178924
178925
178926
178927
179536
179537
179538
179540
179541
179542
179543
179547
245857
245867
245945
246067
246072
246073
246144
246145
246155
246163
246169
246190
246497
246507
246988
246990
247008
247009
247010
247019
247295
247296
247297
247298
247303
247307
247315
247321
247325
247340
247341
247342
247375
247393
247396
247398
247403
247413
247475
247479
247480
247481
247482
248627
248633
248705
248708
248710
248715
248723
248728
248729
248730
250672
250673
250674
250675
250678
250679
250680
250682
250683
250748
250750
250751
250754
250755
250759
250760
250761
250762
250780
250781
250782
250787
250792
250793
250794
250796
250797
250798
251900
251901
251902
251903
251904
251906
251907
251911
251912
251913
251914
251915
251916
251917
251932
251933
251934
251935
251936
251938
251939
251943
251944
251945
251946
251948
251949
251950
251983
252005
252016
252017
252018
252020
252021
252022
252023
252024
252026
252027
252047
252065
252068
252069
252070
252080
252081
252082
252084
252085
252086
252087
252090
252091
252220
252221
252222
252223
252292
252293
252304
252305
252306
252308
252309
252310
252311
252314
252315
252335
252357
252368
252369
252370
252372
252373
252374
252375
252379
252399
252610
252611
252615
252616
252617
252618
252621
252636
252637
252638
252639
252643
252647
252648
252649
252650
252652
252653
252654
257231
257249
257252
257253
257254
257265
257268
257269
257270
257275
257537
257540
257541
257542
257547
257552
257554
257555
257559
257560
257561
257562
257583
257609
257612
257613
257614
257631
257632
257634
257635
257639
257640
257642
257643
257715
257721
257724
257725
257726
257876
257877
