49183
49276
49278
49648
49650
49656
49658
49712
49714
49811
49817
49821
49839
51136
51138
51143
51144
51146
51167
51170
51171
51176
51177
51178
51181
51392
51393
51394
51399
51400
51402
51403
51423
51427
51433
51437
51729
51739
51788
51790
51809
51812
51814
51828
51829
51830
51900
51902
52037
52051
52057
52079
56575
56917
57088
57089
57090
57091
57092
57094
57095
57096
57097
57098
57099
57116
57118
57119
57120
57122
57123
57128
57129
57130
57132
57133
57134
57203
57209
57212
57213
57214
57215
57219
57225
57228
57229
57230
57231
57248
57249
57250
57252
57253
57254
57255
57258
57259
57265
57268
57269
57270
57275
57599
57941
58112
58113
58114
58115
58119
58120
58121
58122
58123
58125
58140
58142
58143
58144
58146
58147
58152
58153
58154
58157
58227
58233
58236
58237
58238
58239
58243
58249
58252
58253
58254
58272
58273
58274
58276
58278
58279
58283
58292
58293
58294
59460
59461
59462
59475
59480
59481
59482
59485
59500
59502
59503
59663
59685
59696
59697
59698
59703
59704
59706
59707
59780
59781
59782
59792
59794
59795
59800
59801
59802
59805
59820
59822
59823
59857
59860
59861
59862
59863
59867
60111
60133
60144
60145
60146
60151
60152
60154
60155
60689
60692
60694
60695
60699
60739
60745
60748
60749
60750
60769
60772
60774
60775
60779
60788
60789
60860
60861
60862
131852
131854
131855
131876
131877
131878
131888
131889
131890
131892
131894
131895
131896
131898
131899
131972
131973
131974
131984
131986
131987
131992
131993
131994
131996
131997
131998
132012
132014
132015
132048
132049
132050
132052
132054
132055
132056
132058
132059
133380
133381
133382
133392
133394
133395
133400
133401
133402
133404
133405
133406
133420
133422
133423
133488
133490
133491
133496
133497
133498
133500
133501
133502
133516
133518
133519
133540
133541
133542
133552
133553
133554
133556
133558
133559
133560
133562
133563
134224
134225
134226
134228
134230
134231
134232
134234
134235
134237
134412
134414
134415
134436
134437
134438
134448
134449
134450
134451
134452
134454
134455
134456
134457
134458
134459
134461
134532
134533
134534
134544
134545
134546
134547
134551
134552
134553
134554
134555
134556
134557
134558
134572
134574
134575
134597
134608
134609
134610
134611
134612
134614
134615
134616
134617
134618
134619
134621
134639
134863
134885
134896
134897
134898
134899
134904
134905
134906
134907
134908
134909
134910
139524
139525
139526
139536
139537
139538
139539
139543
139544
139545
139546
139547
139548
139549
139550
139564
139566
139567
139599
139621
139632
139633
139634
139635
139639
139640
139641
139642
139643
139644
139645
139646
139660
139662
139663
139684
139685
139686
139696
139697
139698
139699
139700
139702
139703
139704
139705
139706
139707
139709
140495
140517
140528
140529
140530
140531
140535
140536
140537
140538
140539
140540
140541
140542
140869
140880
140881
140882
140883
140884
140886
140887
140888
140889
140890
140891
140893
140911
141060
141061
141062
141072
141073
141074
141075
141079
141080
141081
141082
141083
141084
141085
141086
141100
141102
141103
141135
141157
141168
141169
141170
141171
141175
141176
141177
141178
141179
141180
141181
141182
141196
141198
141199
141220
141221
141222
141232
141233
141234
141235
141236
141238
141239
141240
141241
141242
141243
141245
142092
142094
142095
142116
142117
142118
142128
142129
142130
142131
142132
142134
142135
142136
142137
142138
142139
142141
142212
142213
142214
142224
142225
142226
142227
142231
142232
142233
142234
142235
142236
142237
142238
142252
142254
142255
142277
142288
142289
142290
142291
142292
142294
142295
142296
142297
142298
142299
142301
142319
144453
144464
144465
144466
144467
144468
144470
144471
144472
144473
144474
144475
144477
144495
144652
144654
144655
144676
144677
144678
144688
144689
144690
144692
144694
144695
144696
144698
144699
144769
144772
144773
144774
144775
144779
144784
144786
144787
144792
144793
144794
144796
144797
144798
144803
144809
144812
144813
144814
144815
144848
144849
144850
144852
144853
144854
144855
144859
145136
145138
145139
145144
145145
145146
145148
145149
145150
212208
212210
212211
212216
212217
212218
212220
212221
212222
212549
212560
212561
212562
212563
212564
212566
212567
212568
212570
212571
212591
212740
212741
212742
212752
212753
212754
212755
212759
212760
212761
212762
212763
212764
212765
212766
212780
212782
212783
212812
212814
212815
212832
212833
212836
212837
212838
212843
212848
212849
212850
212852
212853
212854
212855
212858
212859
212879
212901
212912
212913
212914
212915
212918
212919
212920
212921
212922
212923
212924
212925
278550
278615
278618
278792
278793
278860
278861
278862
278878
278883
278887
278888
278890
278968
278969
279292
279294
279567
279583
279584
279585
279586
279590
279595
279653
279665
279668
279669
279728
279729
279732
279733
279734
279739
279856
279857
279858
279862
279867
279923
279927
279928
279929
279930
279948
279949
279950
279966
279967
279970
279971
279975
279976
279978
280271
280288
280289
280290
280292
280293
280294
280299
281591
282680
282681
282684
282685
282686
282748
282749
282750
282751
282755
282759
282760
282761
282762
282771
282775
282776
282777
282778
282796
282797
282798
282943
283007
283008
283009
283010
283012
283013
283014
283019
283024
283025
283026
283028
283029
283030
283035
283055
283077
283088
283089
283092
283093
283094
283099
283328
283329
283330
283332
283333
283334
283335
283338
283339
283344
283345
283346
283347
283350
283351
283352
283354
283355
283374
283375
283840
283841
283842
283843
283844
283845
283846
283847
283848
283849
283850
283851
283856
283857
283858
283859
283862
283863
283864
283865
283866
283867
283884
283885
283886
283887
284099
284104
284105
284108
284109
284110
284111
284124
284125
284126
284127
284128
284129
284130
284131
284134
284135
284136
284137
284138
284139
284141
284211
284215
284216
284217
284218
284220
284221
284222
284284
284285
284286
284287
284290
284291
284295
284296
284297
284298
284300
284301
284307
284311
284312
284313
284314
284316
284317
284318
284323
284328
284329
284332
284333
284334
285502
285503
285567
285568
285569
285570
285572
285573
285574
285579
285584
285585
285586
285588
285589
285590
285591
285595
285615
285648
285649
285652
285653
290760
290761
290764
290765
290780
290781
290782
290787
290791
290792
290793
290794
290797
