49307
49379
49385
49763
49769
49937
49944
49947
50048
50051
50057
50086
50097
50107
51473
51483
51587
51593
51596
51598
51633
51640
51642
51643
52292
52294
52320
52322
52323
52329
52736
52738
52739
52745
52749
52772
52774
52775
52785
52791
52795
52881
52888
52890
52891
52893
52933
52959
52963
52969
52972
52974
53077
58437
58451
58457
58460
58462
58463
58467
58476
58478
58479
58876
58879
58883
58889
58892
58894
58895
58917
58928
58929
58930
58936
58938
58939
58941
59025
59028
59030
59031
59035
59076
59078
59079
59083
59104
59105
59106
59112
59113
59114
59117
59125
61712
61713
61714
61715
61720
61721
61722
61725
61726
61825
61826
61832
61834
61835
61837
61857
61860
61862
61863
61864
61866
61867
61876
61878
61879
61908
61909
61910
63488
63489
63490
63492
63495
63496
63497
63498
63499
63501
63520
63521
63522
63524
63526
63527
63528
63530
63531
63533
63540
63541
63542
63543
63621
63632
63634
63635
63641
63642
63644
63645
63646
63647
63651
63660
63662
63663
63685
63696
63698
63699
63704
63705
63706
63708
63709
63710
63711
63727
64065
64066
64071
64072
64074
64075
64077
64097
64100
64102
64103
64104
64106
64107
64109
64116
64117
64118
64119
64276
64277
64278
64279
64335
64357
64368
64370
64371
64377
64380
64381
64382
64383
64396
64399
64421
64432
64434
64435
64441
64442
64444
64445
64446
64447
64852
64853
64854
64855
135184
135185
135186
135188
135189
135190
135191
135192
135194
135195
135235
135241
135244
135245
135246
135247
135265
135268
135269
135270
135271
135275
135280
135281
135282
135284
135285
135286
135287
135288
135291
135344
135346
135347
135352
135353
135354
135356
135357
135358
135359
135619
135625
135628
135629
135630
135631
135649
135652
135653
135654
135655
135659
135665
135668
135669
135670
135671
135675
135731
135737
135740
135741
135742
135743
135825
135828
135829
135830
135831
135835
135873
135876
135877
135878
135879
135883
135888
135891
135897
135898
135900
135901
135902
135903
135907
135913
135916
135917
135918
135919
137200
137202
137203
137209
137212
137213
137214
137215
137216
137219
137225
137228
137229
137230
137231
137252
137253
137254
137264
137265
137266
137268
137270
137271
137272
137273
137274
137275
137277
137349
137360
137361
137362
137363
137367
137368
137369
137370
137371
137373
137374
137391
137413
137414
137424
137425
137426
137427
137432
137433
137434
137436
137437
137438
137452
137454
137455
137745
137746
137748
137749
137750
137751
137752
137754
137755
137795
137801
137804
137805
137806
137807
137828
137829
137830
137831
137835
137840
137841
137842
137844
137846
137847
137848
137850
137851
137904
137906
137907
137912
137913
137914
137916
137917
137918
137919
138049
138052
138053
138054
138055
138059
138064
138067
138073
138076
138077
138078
138079
138083
138089
138092
138093
138094
138095
214337
214340
214341
214342
214343
214347
214352
214354
214355
214360
214361
214362
214364
214365
214366
214367
214371
214377
214380
214381
214382
214383
217136
217138
217139
217144
217145
217146
217148
217149
217150
217232
217233
217234
217236
217238
217239
217240
217242
217243
217284
217285
217286
217296
217298
217299
217304
217305
217306
217308
217309
217310
217324
217326
217327
217616
217617
217618
217620
217622
217623
217624
217626
217627
217676
217678
217679
217700
217701
217702
217712
217713
217714
217716
217718
217719
217720
217722
217723
217776
217778
217779
217784
217785
217786
217788
217789
217790
217924
217925
217926
217936
217938
217939
217944
217945
217946
217948
217949
217950
217964
217966
217967
219156
219157
219158
219200
219202
219203
219208
219209
219210
219212
219213
219214
219215
219233
219236
219237
219238
219239
219240
219243
219249
219252
219253
219254
219255
219259
219315
219321
219324
219326
219327
219596
219598
219599
219620
219621
219622
219632
219633
219634
219636
219638
219639
219640
219642
219643
219696
219698
219699
219704
219705
219706
219708
219709
219710
219792
219793
219794
219796
219797
219798
219799
219800
219802
219803
219841
219844
219845
219846
219847
219851
219856
219858
219859
219865
219866
219868
219869
219870
219871
219875
219881
219884
219885
219886
219887
220480
220481
220482
220483
220484
220487
220488
220489
220490
220491
220493
220512
220513
220514
220515
220519
220520
220521
220522
220523
220525
220532
220533
220534
225219
225228
225229
225230
225231
225249
225252
225253
225254
225259
225264
225265
225266
225268
225269
225270
225271
225272
225274
225275
294950
295066
295109
295499
295528
295530
295541
295702
295792
295794
295801
295859
295865
297221
297244
297247
297260
297262
297263
297351
297378
297384
297386
297389
297397
297428
297430
298065
298072
298074
298432
298434
298435
298441
298445
298446
298468
298470
298471
298481
298484
298487
298491
298688
298690
298691
298697
298700
298702
298724
298726
298737
298743
298747
304148
304149
304150
304204
304207
304229
304240
304242
304243
304249
304250
304253
304254
304304
304306
304307
304313
304316
304317
304318
304319
304645
304659
304668
304670
304671
304675
304684
304686
304687
304769
304772
304774
304775
304779
304800
304801
304802
304808
304810
304811
304813
304821
304852
304854
304855
304976
304977
304978
304984
304986
304987
304989
307521
307527
307528
307530
307531
307533
307553
307559
307560
307562
307563
307565
307572
307573
307574
307575
308992
308995
309001
309004
309006
309007
309028
309029
309030
309040
309041
309042
309043
309047
309048
309049
309050
309051
309053
309136
309137
309138
309140
309142
309143
309144
309146
309147
309149
309188
309189
309190
309191
309203
309209
309212
309214
309215
309216
309218
309219
309225
309228
309229
309230
309231
309488
309491
309497
309500
309502
309503
309844
309845
309846
310016
310017
310018
310019
310024
310025
310026
310027
310029
310049
310052
310054
310055
310056
310058
310059
310068
310069
310070
310071
310075
310160
310162
310163
310168
310169
310170
310172
310173
310174
310191
310213
310224
310226
310227
310233
310236
310237
310238
310239
310252
310255
