49173
49216
49217
49220
49234
49238
49243
49410
49419
49491
49495
49498
49518
49919
50179
50183
50184
50185
50186
50195
50199
50200
50201
50202
50220
50221
50222
50248
50249
50264
50265
50284
50285
50364
50365
50366
50444
50445
50460
50461
50462
50467
50472
50473
50508
50509
50510
50524
50525
50526
50531
50535
50536
50537
50538
50611
50615
50616
50617
50618
50936
50937
50940
50941
52220
52222
53260
53261
53262
53276
53277
53278
53279
53282
53283
53287
53288
53289
53290
53326
53327
53342
53343
53344
53345
53346
53347
53348
53349
53350
53351
53354
53355
53426
53427
53430
53431
53432
53434
53435
53519
53535
53536
53537
53538
53540
53541
53542
53547
53583
53599
53600
53601
53602
53604
53605
53606
53611
53617
53620
53621
53680
53681
53682
53684
53685
53686
53691
54000
54001
54002
54003
54004
54005
54006
54007
54010
54011
54287
54303
54304
54305
54306
54308
54309
54310
54315
54320
54321
54322
54324
54325
54326
54331
54351
54368
54369
54372
54373
54374
54379
54384
54385
54386
54388
54389
54390
54395
54415
54431
54432
54433
54434
54436
54437
54438
54443
54448
54449
54450
54452
54453
54454
54459
54564
54565
54576
54577
54578
54579
54580
54581
54582
54583
54586
54587
54640
54641
54642
54643
54644
54645
54646
54647
54648
54649
54650
54651
54668
54669
54670
54671
54686
54687
54688
54689
54690
54691
54692
54693
54694
54695
54696
54697
54698
54699
54991
55007
55008
55009
55010
55012
55013
55014
55019
55024
55025
55028
55029
56271
56288
56289
56292
56293
56304
56305
56306
56308
56309
56310
56315
61427
61431
61432
61433
61434
147260
147262
147263
147348
147349
147350
147392
147393
147394
147395
147396
147398
147399
147400
147402
147403
147411
147416
147417
147420
147421
147422
147423
147426
147427
147432
147433
147434
147436
147437
147438
147439
196671
196757
196800
196801
196802
196803
196807
196808
196809
196810
196811
196812
196813
196814
196831
196832
196833
196834
196835
196836
196838
196839
196840
196841
196842
196843
196845
196852
196853
196854
197141
197184
197185
197186
197187
197188
197190
197191
197192
197193
197194
197195
197197
197212
197214
197215
197216
197217
197218
197219
197223
197224
197225
197226
197227
197228
197229
197230
197237
197311
197396
197397
197398
197440
197441
197442
197443
197447
197448
197449
197450
197451
197452
197453
197454
197471
197472
197473
197474
197475
197476
197478
197479
197480
197481
197482
197483
197485
197492
197493
197494
197564
197566
197567
198720
198721
198722
198724
198726
198727
198728
198730
198731
198748
198750
198751
198752
198754
198755
198760
198761
198762
198763
198764
198765
198766
198773
198972
198974
198975
199060
199061
199062
199104
199105
199106
199107
199108
199110
199111
199112
199113
199114
199115
199117
199132
199134
199135
199136
199137
199138
199139
199143
199144
199145
199146
199147
199148
199149
199150
199157
199231
199317
199360
199361
199362
199363
199367
199368
199369
199370
199371
199372
199373
199374
199391
199392
199393
199394
199395
199396
199398
199399
199400
199401
199402
199403
199405
199412
199413
199414
199956
199957
199958
200000
200002
200003
200008
200009
200010
200012
200013
200014
200032
200033
200034
200036
200038
200039
200040
200042
200043
200052
200053
200054
200124
200126
200127
204821
204864
204865
204866
204867
204868
204870
204871
204872
204873
204874
204875
204877
204892
204894
204895
204896
204897
204898
204899
204903
204904
204905
204906
204907
204908
204909
204910
204917
204991
205116
205118
205119
205204
205205
205206
205248
205249
205250
205252
205254
205255
205256
205258
205259
205276
205278
205279
205280
205282
205283
205288
205289
205290
205292
205293
205294
205504
205506
205507
205512
205513
205514
205516
205517
205518
205535
205536
205537
205538
205540
205542
205543
205544
205546
205547
205556
205557
205558
206652
206654
206655
206740
206741
206742
206784
206785
206786
206788
206790
206791
206792
206794
206795
206812
206814
206815
206816
206818
206819
206824
206825
206826
206828
206829
206830
207040
207042
207043
207048
207049
207050
207052
207053
207054
207072
207073
207074
207076
207078
207079
207080
207082
207083
207092
207093
207094
207424
207425
207426
207428
207430
207431
207432
207434
207435
207452
207454
207455
207456
207458
207459
207464
207465
207466
207468
207469
207470
207636
207637
207638
207680
207682
207683
207688
207689
207690
207692
207693
207694
207712
207713
207714
207716
207718
207719
207720
207722
207723
207732
207733
207734
207804
207806
207807
210196
210197
210198
210240
210241
210242
210243
210247
210248
210249
210250
210251
210252
210253
210254
210271
210272
210273
210274
210275
210278
210279
210280
210281
210282
210283
210285
210293
210364
210366
210367
278655
278659
278665
279036
279038
279052
279054
279076
279078
279169
279175
279179
279253
280560
280562
280568
280570
280624
280625
280626
280631
280632
280634
280635
280709
280720
280722
280723
280728
280729
280730
280733
280751
280785
280791
280795
281092
281094
281116
281117
281118
281132
281134
281203
281209
281213
281231
281253
281265
281271
281275
281428
281430
286527
286613
286656
286657
286658
286659
286663
286664
286665
286666
286667
286669
286687
286688
286689
286690
286691
286695
286696
286697
286698
286699
286701
286709
286783
286869
286912
286913
286914
286915
286919
286920
286921
286922
286923
286925
286940
286942
286943
286944
286946
286947
286951
286952
286953
286954
286957
287252
287253
287254
287296
287298
287299
287304
287305
287306
287308
287309
287310
287328
287329
287330
287332
287334
287335
287336
287338
287339
287348
287349
287350
287420
287422
287423
287552
287553
287554
287556
287558
287559
287563
287580
287582
287583
287587
287593
287596
287597
287598
288784
288785
288786
288791
288792
288794
288795
288847
288869
288880
288881
288882
288884
288886
288887
288891
288944
288946
288947
288952
288953
288954
288957
289219
289225
289228
289229
289230
289231
289249
289252
289253
289254
289255
289259
289265
289268
289269
289270
289271
289275
289331
289337
289340
289341
289342
289425
289428
289430
289431
289435
289476
289477
289478
289491
289497
289500
289501
289502
289516
289518
289519
290117
290128
290130
290131
290136
290137
290138
290159
