49281
49291
49365
49668
49670
49708
49710
49791
49795
49801
49805
50004
50006
51216
51218
51219
51224
51225
51226
51229
51315
51321
51325
51343
51365
51376
51377
51378
51383
51384
51386
51387
51708
51710
51724
51726
51748
51750
51764
51766
51767
51845
51859
51865
51869
51887
51921
51927
51931
52560
52562
52568
52570
57365
57408
57409
57410
57411
57415
57416
57417
57418
57419
57421
57440
57441
57442
57447
57448
57450
57451
57453
57460
57461
57462
57535
57792
57794
57795
57801
57804
57805
57806
57825
57828
57830
57831
57835
57844
57845
57846
57916
57918
57919
58004
58005
58006
58048
58049
58050
58052
58054
58055
58056
58058
58059
58076
58078
58079
58080
58082
58083
58088
58089
58090
58092
58093
58094
59343
59365
59376
59377
59378
59384
59386
59387
59440
59442
59443
59448
59449
59450
59453
59536
59537
59538
59543
59544
59546
59547
59589
59600
59602
59603
59609
59612
59613
59614
59631
59921
59924
59926
59927
59931
59980
59982
59983
60004
60005
60006
60017
60020
60022
60023
60027
60083
60089
60092
60093
60094
60225
60228
60229
60230
60231
60235
60243
60249
60252
60253
60254
60255
60259
60265
60268
60269
60270
60271
62741
62784
62785
62786
62787
62791
62792
62793
62794
62795
62797
62815
62816
62817
62818
62819
62823
62824
62825
62826
62827
62829
62837
62911
131093
131136
131137
131138
131139
131140
131142
131143
131144
131145
131146
131147
131149
131164
131166
131167
131168
131169
131170
131171
131175
131176
131177
131178
131179
131180
131181
131182
131189
131263
131388
131390
131391
131476
131477
131478
131520
131521
131522
131523
131524
131526
131527
131528
131529
131530
131531
131533
131548
131550
131551
131552
131553
131554
131555
131559
131560
131561
131562
131563
131564
131565
131566
131573
131647
131733
131776
131777
131778
131779
131783
131784
131785
131786
131787
131788
131789
131790
131807
131808
131809
131810
131811
131812
131814
131815
131816
131817
131818
131819
131821
131828
131829
131830
132924
132926
132927
133012
133013
133014
133056
133057
133058
133060
133062
133063
133064
133066
133067
133084
133086
133087
133088
133090
133091
133096
133097
133098
133100
133101
133102
133312
133314
133315
133320
133321
133322
133324
133325
133326
133343
133344
133345
133346
133348
133350
133351
133352
133353
133354
133355
133364
133365
133366
133653
133696
133697
133698
133699
133700
133702
133703
133704
133705
133706
133707
133709
133724
133726
133727
133728
133729
133730
133731
133735
133736
133737
133738
133739
133740
133741
133742
133749
133823
133908
133909
133910
133952
133953
133954
133955
133959
133960
133961
133962
133963
133964
133965
133966
133983
133984
133985
133986
133987
133988
133990
133991
133992
133993
133994
133995
133997
134004
134005
134006
134076
134078
134079
139068
139070
139071
139156
139157
139158
139200
139201
139202
139203
139204
139206
139207
139208
139209
139210
139211
139213
139231
139232
139233
139234
139235
139239
139240
139241
139242
139243
139245
139246
139253
139327
139413
139456
139457
139458
139459
139463
139464
139465
139466
139467
139468
139469
139470
139487
139488
139489
139490
139491
139492
139494
139495
139496
139497
139498
139499
139501
139508
139509
139510
139840
139841
139842
139844
139846
139847
139848
139850
139851
139868
139870
139871
139872
139874
139875
139880
139881
139882
139884
139885
139886
139893
140052
140053
140054
140096
140098
140099
140104
140105
140106
140108
140109
140110
140128
140129
140130
140132
140134
140135
140136
140138
140139
140148
140149
140150
140220
140222
140223
141376
141377
141378
141380
141382
141383
141384
141386
141387
141404
141406
141407
141408
141410
141411
141416
141417
141418
141420
141421
141422
141628
141630
141631
141716
141717
141718
141760
141761
141762
141764
141766
141767
141768
141770
141771
141788
141790
141791
141792
141794
141795
141800
141801
141802
141804
141805
141806
142016
142018
142019
142024
142025
142026
142028
142029
142030
142048
142049
142050
142052
142054
142055
142056
142058
142059
142068
142069
142070
142612
142613
142614
142656
142658
142659
142664
142665
142666
142668
142669
142670
142688
142689
142690
142692
142694
142695
142696
142698
142699
142708
142709
142710
142780
142782
142783
218388
218389
218390
218432
218433
218434
218435
218440
218441
218442
218444
218445
218446
218465
218466
218468
218469
218470
218471
218472
218474
218475
218481
218484
218485
218486
218487
218488
218491
218556
218558
218559
294975
295104
295107
295116
295154
295161
295166
295509
295682
295689
295910
295921
295930
295933
297300
297302
297985
297992
297994
297995
297997
298020
298022
298023
298033
298040
298042
298043
298045
298132
298134
298135
298184
298187
298212
298215
298232
298235
298580
298583
298584
298587
298756
298759
298785
298792
298795
298804
298806
298807
298897
298904
298906
298907
298909
298948
298950
298951
298977
298984
298986
298987
298989
298996
298998
298999
304465
304472
304474
304475
304477
307204
307206
307207
307233
307234
307240
307242
307243
307245
307252
307253
307254
307255
307345
307346
307352
307353
307354
307357
307358
307397
307398
307424
307425
307426
307427
307433
307434
307436
307437
307438
307439
307445
307446
307792
307793
307794
307795
307801
307802
307804
307805
307806
307807
307973
308000
308002
308003
308009
308012
308014
308015
308021
308112
308114
308115
308121
308124
308126
308127
308165
308179
308188
308191
308192
308194
308195
308201
308204
308206
308207
308213
309573
309584
309586
309587
309593
309596
309598
309599
309600
309603
309612
309615
310277
310288
310290
310291
310297
310300
310302
310303
310304
310306
310307
310313
310316
310318
310319
310325
310405
310416
310418
310419
310425
310428
310430
310431
310432
310434
310435
310441
310444
310446
310447
310453
310469
310480
310482
310483
310489
310492
310494
310495
310496
310499
310505
310508
310510
310511
310853
310864
310867
310876
310879
310880
310882
310883
310889
310892
310894
310895
310901
311056
311057
311058
311059
311065
311066
311068
311069
311070
311071
311084
311087
311172
311173
311174
311175
311200
311201
311202
311203
311208
311209
311210
311211
311212
311213
311214
311215
311221
311222
311248
311249
311250
311251
311256
311257
311258
311259
311260
311261
311262
311263
