146
157
211
586
630
789
844
846
881
891
959
2305
2311
2315
2337
2344
2346
2357
2437
2460
2463
2476
2478
2479
2513
2520
2522
3158
3343
3365
3376
3378
3384
3386
3389
3473
3476
3479
3483
3524
3526
3527
3552
3554
3555
3561
3565
3566
3827
3833
3836
3838
9221
9235
9241
9244
9246
9247
9251
9260
9262
9263
9345
9351
9352
9354
9355
9376
9377
9378
9383
9384
9386
9387
9389
9396
9397
9398
9428
9429
9430
9745
9748
9750
9751
9755
9840
9843
9849
9852
9854
9855
9868
9871
9893
9904
9906
9907
9912
9913
9914
9917
10052
10054
10055
10080
10082
10083
10089
10093
10094
12624
12625
12626
12627
12632
12633
12634
12635
12637
13375
13461
13504
13506
13507
13512
13513
13514
13516
13517
13518
13537
13540
13541
13542
13543
13547
13553
13556
13558
13559
13560
13562
13563
13893
13904
13905
13906
13907
13912
13913
13914
13915
13916
13917
13918
13935
14085
14096
14098
14099
14104
14105
14106
14108
14109
14110
14111
14124
14126
14127
14207
14208
14209
14210
14211
14216
14217
14218
14219
14220
14221
14222
14241
14244
14246
14247
14248
14250
14251
14257
14260
14261
14262
14263
14267
14293
15167
15253
15296
15298
15299
15305
15306
15308
15309
15310
15332
15333
15334
15335
15345
15348
15350
15351
15352
15354
15355
83204
83205
83206
83216
83217
83218
83219
83223
83224
83225
83226
83228
83229
83230
83244
83246
83247
83279
83301
83312
83313
83314
83315
83319
83320
83321
83322
83323
83324
83325
83326
83340
83342
83343
83364
83365
83366
83376
83377
83378
83379
83380
83382
83383
83384
83385
83386
83387
83389
86223
86245
86256
86257
86258
86259
86263
86264
86265
86266
86267
86269
86597
86608
86609
86610
86611
86615
86616
86617
86618
86619
86621
86639
86789
86800
86801
86802
86803
86807
86808
86809
86810
86811
86813
86831
86863
86885
86896
86897
86898
86899
86903
86904
86905
86906
86907
86909
86927
86949
86960
86961
86962
86963
86967
86968
86969
86970
86971
86973
88144
88145
88146
88148
88150
88151
88152
88154
88155
88332
88334
88335
88356
88357
88358
88368
88369
88370
88371
88372
88374
88375
88376
88377
88378
88379
88381
88453
88454
88464
88465
88466
88467
88471
88472
88473
88474
88475
88476
88477
88478
88492
88495
88517
88528
88529
88530
88531
88535
88536
88537
88538
88539
88541
88559
88783
88805
88816
88817
88818
88819
88824
88825
88826
88828
88829
88830
89348
89349
89350
89351
89355
89360
89362
89363
89369
89372
89373
89374
89375
89379
89385
89388
89389
89390
89391
89468
89470
89471
89472
89473
89474
89475
89480
89481
89482
89484
89485
89486
89505
89506
89508
89510
89511
89512
89514
89515
89521
89524
89525
89526
89527
89531
89557
93964
93967
93989
93990
94000
94001
94002
94003
94004
94006
94007
94008
94009
94010
94011
94013
94084
94085
94086
94096
94097
94098
94099
94103
94104
94105
94106
94107
94108
94109
94110
94124
94126
94127
94149
94160
94161
94162
94163
94164
94166
94167
94168
94169
94170
94171
94173
94191
168016
168017
168018
168020
168022
168023
168024
168026
168027
168047
168204
168206
168207
168228
168229
168230
168240
168241
168242
168244
168246
168247
168248
168250
168251
168324
168325
168326
168336
168338
168339
168344
168345
168346
168348
168349
168350
168364
168366
168367
168400
168401
168402
168404
168406
168407
168408
168410
168411
168688
168690
168691
168696
168697
168698
168700
168701
168702
169743
169765
169776
169777
169778
169779
169784
169785
169786
169788
169789
169790
169873
169874
169876
169877
169878
169879
169880
169882
169883
169921
169924
169925
169926
169927
169931
169939
169948
169950
169951
169952
169954
169955
169960
169961
169962
169964
169965
169966
169967
169973
170188
170190
170191
170213
170214
170224
170225
170226
170227
170231
170232
170233
170234
170235
170237
170238
170565
170576
170577
170578
170579
170580
170582
170583
170584
170585
170586
170587
170589
170607
170756
170757
170758
170768
170769
170770
170771
170775
170776
170777
170778
170780
170781
170782
170796
170798
170799
170864
170866
170867
170872
170873
170874
170876
170877
170878
170892
170894
170895
170916
170917
170918
170928
170929
170930
170932
170934
170935
170936
170938
170939
245763
245816
245956
245997
246005
246367
246383
246546
246557
246657
246664
246666
246667
246699
246708
246710
248085
248176
248179
248185
248190
248243
248249
248252
248254
248897
248904
248906
248909
248932
248935
248948
248950
248951
249348
249350
249376
249378
249379
249385
249389
249390
249397
249477
249503
249507
249516
249518
249519
249554
249560
249562
249565
249681
249688
249690
249691
255060
255062
255063
255283
255292
255294
255295
255381
255424
255426
255427
255433
255434
255437
255438
255460
255462
255463
255473
255479
255480
255482
255483
255683
255692
255694
255695
255717
255728
255730
255731
255736
255737
255738
255741
255742
258305
258308
258311
258312
258314
258315
258337
258343
258344
258346
258347
258349
258356
258357
258358
258359
258448
258450
258451
258457
258458
258460
258461
258462
258501
258512
258515
258521
258524
258526
258527
258531
258540
258542
258543
260113
260116
260118
260119
260120
260122
260123
260211
260217
260220
260222
260223
260224
260226
260227
260233
260236
260237
260238
260239
260260
260261
260262
260272
260273
260274
260275
260280
260281
260282
260283
260285
260286
260625
260628
260630
260631
260632
260634
260635
260637
260735
260736
260737
260738
260739
260744
260745
260746
260748
260749
260750
260751
260772
260773
260774
260775
260785
260786
260788
260791
260792
260794
260795
260797
260821
260932
260934
260935
260960
260961
260962
260963
260968
260969
260970
260972
260973
260974
260981
261441
261444
261445
261446
261447
261448
261451
261471
261472
261473
261474
261475
261480
261481
261482
261483
261484
261485
261486
261493
