13
54
175
216
218
625
700
702
833
843
864
866
872
874
2129
2135
2139
2352
2355
2361
2365
2452
2454
2455
2500
2502
2531
2537
2800
2802
2810
2813
3332
3334
3356
3359
3363
3369
3372
3374
3457
3464
3466
3467
3489
3490
3496
3498
3499
3509
3541
8517
8528
8530
8531
8537
8538
8540
8541
8542
8556
8559
9279
9365
9408
9410
9411
9416
9417
9418
9421
9441
9444
9446
9447
9451
9460
9462
9463
9797
9808
9810
9811
9817
9820
9821
9822
9836
9839
10000
10001
10002
10008
10010
10013
10108
10110
10111
10115
10124
10126
10127
10148
10149
10150
10161
10167
10168
10170
10171
11071
11200
11202
11203
11208
11209
11210
11212
11213
11214
11233
11236
11238
11239
11243
11249
11252
11254
11255
11259
13328
13329
13330
13331
13336
13337
13338
13339
13341
13359
13427
13436
13438
13439
13440
13442
13443
13449
13452
13453
13454
13455
13476
13477
13478
13479
13489
13492
13494
13495
13496
13498
13499
13825
13828
13829
13830
13831
13835
13843
13849
13852
13854
13855
13856
13858
13859
13865
13868
13869
13870
13871
13952
13953
13954
13959
13960
13961
13962
13963
13965
13984
13985
13986
13991
13992
13993
13994
13995
13997
14004
14005
14006
14036
14037
14038
14161
14164
14165
14166
14167
14168
14170
14171
82949
82960
82961
82962
82963
82964
82966
82967
82968
82969
82970
82971
82973
82991
83020
83022
83023
83044
83045
83046
83056
83057
83058
83060
83062
83063
83064
83066
83067
83087
83120
83121
83122
83123
83127
83128
83129
83130
83132
83133
83134
83404
83406
83407
83428
83429
83430
83435
83440
83441
83442
83444
83445
83446
83447
83448
83450
83451
83504
83506
83507
83512
83513
83514
83516
83517
83518
83600
83601
83602
83604
83606
83607
83608
83610
83611
83652
83653
83654
83664
83666
83667
83672
83673
83674
83676
83677
83678
83692
83694
83695
86979
86985
86988
86989
86990
86991
87009
87012
87013
87014
87015
87019
87024
87025
87026
87028
87029
87030
87031
87032
87034
87035
88385
88388
88389
88390
88391
88395
88400
88402
88403
88408
88409
88410
88412
88413
88414
88415
88419
88425
88428
88429
88430
88431
89104
89105
89106
89108
89109
89110
89111
89112
89114
89115
89155
89164
89166
89167
89188
89189
89190
89200
89201
89202
89204
89206
89207
89208
89210
89211
89264
89266
89267
89272
89273
89274
89276
89277
89278
89279
89551
89573
89584
89586
89587
89592
89593
89594
89596
89597
89598
89612
89614
89615
89636
89637
89638
89648
89649
89650
89651
89655
89656
89657
89658
89659
89661
89733
89744
89745
89746
89747
89751
89752
89753
89754
89755
89757
89775
89796
89797
89798
89808
89809
89810
89811
89815
89816
89817
89818
89819
89820
89821
89822
89836
89838
89839
93232
93234
93235
93240
93241
93242
93244
93245
93246
93247
93328
93329
93330
93332
93333
93334
93335
93336
93338
93339
93377
93380
93381
93382
93383
93387
93392
93394
93395
93400
93401
93402
93404
93405
93406
93407
93411
93417
93420
93421
93422
93423
93712
93713
93714
93716
93717
93718
93719
93720
93722
93723
93763
93769
93772
93773
93774
93775
93793
93796
93797
93798
93799
93803
93808
93809
93810
93812
93813
93814
93815
93816
93818
93819
93872
93874
93875
93880
93881
93882
93884
93885
93886
93887
94017
94020
94021
94022
94023
94027
94032
94034
94035
94040
94041
94042
94044
94045
94046
94047
94051
94057
94060
94061
94062
94063
168260
168261
168262
168272
168273
168274
168275
168279
168280
168281
168282
168283
168284
168285
168286
168300
168302
168303
168975
168997
169008
169009
169010
169011
169015
169016
169017
169018
169019
169020
169021
169022
169104
169105
169106
169108
169110
169111
169112
169113
169114
169115
169117
169135
169156
169157
169158
169168
169170
169171
169176
169177
169178
169180
169181
169182
169196
169198
169199
169492
169493
169494
169495
169499
169536
169539
169545
169548
169549
169550
169551
169569
169572
169573
169574
169575
169579
169584
169585
169586
169588
169589
169590
169591
169592
169594
169595
169648
169651
169657
169660
169661
169662
169663
169792
169793
169794
169796
169798
169799
169800
169802
169803
169805
169824
169825
169826
169827
169831
169832
169833
169834
169835
169837
169838
169844
169845
169846
170956
170958
170959
170980
170981
170982
170992
170993
170994
170995
170996
170998
170999
171000
171001
171002
171003
171005
245910
245963
246004
246365
246563
246572
246574
246661
246691
246700
246702
246703
246738
246749
248139
248161
248168
248171
248180
248182
248852
248854
248855
248960
248962
248963
248969
248972
248974
248997
249009
249016
249018
249021
249364
249366
249471
249475
249484
249486
249487
249509
249520
249522
249523
249529
249533
249534
249665
249672
249674
249675
249677
249700
249703
249707
249716
249718
249719
249723
255237
255248
255251
255257
255260
255262
255263
255276
255279
255364
255365
255366
255392
255394
255395
255401
255405
255406
255413
255441
255448
255450
255451
255453
258128
258130
258131
258137
258140
258142
258143
258560
258561
258562
258568
258569
258570
258571
258573
258596
258598
258599
258603
258609
258612
258615
258616
258618
258619
258705
258711
258712
258714
258715
258717
258756
258758
258759
258784
258785
258786
258792
258793
258794
258795
258797
258798
258805
258806
258900
258901
258902
258903
260180
260182
260183
260187
260415
260544
260546
260547
260553
260556
260558
260559
260581
260592
260594
260595
260601
260602
260604
260605
260606
260607
260656
260659
260665
260668
260670
260671
260757
260800
260802
260803
260809
260810
260812
260813
260814
260815
260836
260837
260838
260839
260848
260849
260850
260851
260856
260857
260858
260859
260861
260862
261377
261380
261382
261383
261384
261386
261387
261389
261409
261410
261412
261415
261416
261418
261419
261421
261428
261429
261430
261431
261435
261520
261521
261522
261523
261528
261529
261530
261531
261532
261533
261534
261535
261551
261573
261574
261584
261586
261587
261593
261596
261597
261598
261599
261600
261603
261609
261612
261614
261615
