49178
49229
49456
49457
49467
49532
49533
49534
49571
49576
49578
49908
49910
50368
50369
50370
50374
50379
50387
50392
50393
50394
50414
50672
50673
50674
50676
50678
50679
50683
50703
50724
50725
50737
50740
50741
50742
50803
50809
50813
50828
50829
50830
50847
50848
50850
50855
50858
50859
52117
52161
52164
52165
52166
52178
52183
52186
52207
54016
54017
54018
54020
54021
54022
54023
54027
54034
54035
54039
54040
54041
54042
54060
54062
54063
54083
54088
54089
54092
54093
54094
54108
54110
54111
54112
54114
54115
54119
54120
54121
54122
54123
54195
54200
54201
54204
54205
54206
55103
55185
55188
55189
55190
55232
55233
55234
55236
55237
55238
55239
55242
55243
55248
55250
55251
55255
55256
55257
55258
55259
55260
55261
55262
55276
55277
55278
55279
55359
55444
55445
55488
55489
55490
55492
55493
55494
55495
55496
55498
55499
55504
55506
55507
55511
55512
55513
55514
55517
55532
55533
55534
55535
55759
55781
55792
55793
55794
55796
55797
55798
55799
55803
55823
55841
55844
55845
55846
55856
55857
55858
55860
55861
55862
55867
55923
55927
55928
55929
55930
55932
55933
55934
55945
55948
55949
55950
55966
55967
55968
55969
55970
55971
55974
55975
55976
55977
55978
55979
60671
61012
61013
61184
61185
61186
61188
61189
61190
61195
61200
61202
61203
61207
61208
61210
61211
61231
61251
61256
61257
61260
61261
61276
61278
61283
61287
61288
61289
61290
61372
61373
61374
143615
143957
144128
144129
144130
144131
144135
144136
144137
144138
144139
144140
144141
144142
144159
144160
144161
144162
144163
144164
144166
144167
144168
144169
144170
144171
144173
144180
144181
144182
144255
144256
144257
144258
144259
144260
144262
144263
144264
144265
144266
144267
144269
144284
144286
144287
144288
144289
144290
144291
144295
144296
144297
144298
144299
144300
144301
144302
144309
144340
144341
144342
145492
145493
145664
145665
145666
145667
145670
145671
145672
145673
145674
145675
145677
145692
145694
145695
145696
145697
145698
145699
145703
145704
145705
145706
145707
145708
145709
145710
145717
145788
145790
145791
145792
145793
145794
145795
145799
145800
145801
145802
145803
145804
145805
145806
145823
145824
145825
145826
145827
145828
145830
145831
145832
145833
145834
145835
145837
145844
145845
145846
145877
146175
146517
146688
146689
146690
146691
146692
146694
146695
146696
146697
146698
146699
146701
146713
146716
146717
146718
146719
146720
146722
146723
146727
146728
146729
146730
146732
146733
146734
146800
146802
146803
146807
146808
146809
146810
146811
146812
146813
146814
146828
146829
146830
146831
146848
146849
146852
146853
146854
146855
146859
146864
146865
146868
146869
146870
146871
146875
147199
199932
199934
199935
200276
200277
200278
200448
200449
200450
200451
200452
200454
200455
200456
200457
200458
200459
200461
200476
200478
200479
200480
200481
200482
200483
200487
200488
200489
200490
200491
200492
200493
200494
200501
200575
200576
200577
200578
200579
200583
200584
200585
200586
200587
200589
200607
200608
200609
200610
200611
200614
200615
200616
200617
200618
200619
200621
200628
200629
200661
205909
206080
206081
206082
206083
206086
206087
206088
206089
206090
206091
206093
206111
206112
206113
206114
206115
206119
206120
206121
206122
206123
206124
206125
206133
206207
206208
206209
206210
206211
206215
206216
206217
206218
206219
206221
206239
206240
206241
206242
206243
206247
206248
206249
206250
206251
206253
206261
206293
206591
208980
208981
208982
209152
209153
209154
209155
209159
209160
209161
209162
209163
209164
209165
209166
209183
209184
209185
209186
209187
209188
209190
209191
209192
209193
209194
209195
209197
209204
209205
209206
209279
209280
209281
209282
209283
209284
209286
209287
209288
209289
209290
209291
209293
209308
209310
209311
209312
209313
209314
209315
209319
209320
209321
209322
209323
209324
209325
209326
209333
209364
209365
209366
209660
209662
209663
210172
210174
210175
210516
210517
210518
210688
210689
210690
210691
210692
210694
210695
210696
210698
210699
210713
210716
210717
210718
210719
210720
210722
210723
210728
210729
210730
210732
210733
210734
210800
210802
210803
210808
210809
210810
210812
210813
210814
210825
210828
210829
210830
210831
210848
210849
210852
210853
210854
210855
210859
210865
210868
210869
210870
210871
210875
211199
211541
211712
211713
211714
211715
211719
211720
211721
211722
211723
211724
211725
211726
211743
211744
211745
211746
211747
211750
211751
211752
211753
211754
211755
211757
211765
211836
211838
211839
211840
211841
211842
211843
211847
211848
211849
211850
211851
211852
211853
211871
211872
211873
211874
211875
211878
211879
211880
211881
211882
211883
211885
211893
211925
278651
278704
278977
278987
279005
279020
279022
279232
279234
279239
279260
279277
279807
280149
280321
280324
280326
280331
280339
280345
280349
280364
280366
280399
280420
280421
280433
280436
280437
280438
280443
280496
280498
280503
280504
280506
281344
281346
281351
281352
281354
281372
281374
281385
281389
281456
281458
281463
281521
281526
281531
283644
283645
283646
283647
284997
285008
285009
285010
285012
285013
285014
285015
285019
285700
285701
285712
285713
285714
285715
285716
285718
285719
285720
285722
285723
285743
285763
285769
285772
285773
285774
285791
285792
285793
285794
285796
285798
285799
285800
285802
285803
285813
285875
285880
285881
285884
285885
285886
286003
286009
286012
286013
286014
286015
286085
286096
286097
286098
286100
286102
286103
286104
286106
286107
286127
286148
286149
286150
286160
286161
286162
286163
286164
286166
286167
286168
286169
286170
286171
286191
286403
286409
286412
286413
286414
286431
286432
286433
286434
286436
286438
286439
286440
286442
286443
286453
289795
289800
289801
289802
289804
289805
289806
289823
289824
289826
289827
289831
289832
289833
289834
289835
289907
289912
289913
289914
289917
289932
289934
289935
289953
289956
289957
289958
289963
289972
289973
289974
290240
290242
290243
290247
290248
290249
290250
290268
290270
290271
290275
290280
290281
290282
290285
290367
290452
290453
290454
290497
290500
290501
290502
290514
290515
290519
290520
290521
290522
290525
290542
290543
