37
200
247
593
600
602
800
802
809
821
924
927
976
979
985
988
990
2372
2374
2375
2410
2413
2421
3089
3096
3099
3201
3208
3210
3213
3236
3238
3239
3259
3285
3605
3651
3660
3663
3685
3696
3698
3699
3705
3708
3710
3772
3775
3904
3906
3907
3913
3916
3918
3919
3941
3942
3953
3954
3960
3962
3965
9489
9490
9496
9498
9499
9501
9601
9607
9608
9610
9611
9633
9636
9639
9640
9642
9643
9652
9654
9655
9684
9686
9687
12356
12357
12358
12384
12386
12387
12393
12396
12397
12398
12399
12405
12804
12805
12806
12807
12832
12833
12834
12835
12840
12841
12842
12844
12845
12846
12853
12854
12944
12946
12947
12953
12956
12958
12959
12975
12997
13008
13010
13011
13017
13020
13022
13023
13027
13036
13039
13137
13144
13146
13147
13149
14421
14592
14594
14595
14601
14604
14605
14606
14607
14628
14629
14630
14640
14641
14642
14643
14648
14649
14650
14651
14652
14653
14654
14740
14741
14742
14743
14785
14791
14792
14794
14795
14797
14817
14820
14822
14823
14824
14826
14827
14833
14836
14838
14839
14840
14843
15100
15103
15445
15616
15618
15619
15625
15628
15630
15631
15653
15654
15664
15665
15666
15667
15672
15673
15674
15676
15677
15678
15679
15764
15765
15766
15767
15808
15809
15810
15812
15815
15816
15817
15818
15819
15821
15841
15842
15844
15846
15847
15848
15850
15851
15853
15857
15860
15861
15862
15863
15864
15867
16079
16112
16115
16121
16124
16126
16127
86356
86357
86358
87040
87042
87043
87048
87049
87050
87052
87053
87054
87072
87073
87074
87076
87078
87079
87080
87082
87083
87092
87093
87094
87168
87169
87170
87172
87173
87174
87175
87176
87178
87179
87187
87196
87198
87199
87200
87202
87203
87208
87209
87210
87212
87213
87214
87249
87252
87253
87254
87255
87259
87557
87568
87569
87570
87571
87576
87577
87578
87580
87581
87582
87596
87598
87599
87667
87673
87676
87677
87678
87679
87680
87682
87683
87689
87690
87692
87693
87694
87695
87713
87716
87717
87718
87719
87723
87729
87730
87732
87733
87734
87735
87736
87738
87739
87877
87888
87889
87890
87891
87896
87897
87898
87899
87900
87901
87902
87903
87916
87919
89084
89086
89087
164864
164865
164866
164868
164870
164871
164872
164874
164875
164892
164894
164895
164896
164898
164899
164904
164905
164906
164908
164909
164910
164979
164985
164988
164989
164990
164991
164992
164994
164995
165000
165001
165002
165004
165005
165006
165024
165025
165026
165028
165029
165030
165031
165032
165034
165035
165044
165045
165046
165051
165363
165369
165372
165373
165374
165375
165376
165378
165379
165384
165385
165386
165388
165389
165390
165391
165408
165409
165410
165412
165413
165414
165415
165416
165418
165419
165425
165428
165429
165430
165431
165435
165504
165505
165506
165508
165509
165510
165511
165512
165514
165515
165523
165529
165532
165533
165534
165535
165536
165538
165539
165544
165545
165546
165548
165549
165550
165551
165585
165588
165589
165590
165591
165595
168947
168953
168956
168957
168958
168959
170321
170324
170325
170326
170327
170331
171009
171012
171013
171014
171015
171019
171027
171033
171036
171037
171038
171039
171040
171043
171049
171050
171052
171053
171054
171055
171123
171129
171132
171133
171134
171135
171136
171138
171139
171144
171145
171146
171148
171149
171150
171151
171168
171169
171170
171172
171173
171174
171175
171176
171178
171179
171185
171188
171189
171190
171191
171195
171519
171520
171521
171522
171523
171527
171528
171529
171530
171531
171533
171551
171552
171553
171554
171555
171559
171560
171561
171562
171563
171565
171572
171573
171574
171648
171649
171650
171652
171654
171655
171656
171658
171659
171676
171678
171679
171680
171681
171682
171683
171688
171689
171690
171692
171693
171694
171701
171732
171733
171734
171860
171861
171862
175107
175113
175116
175117
175118
175119
175137
175140
175141
175142
175143
175147
175153
175156
175157
175158
175159
175163
175233
175236
175237
175238
175239
175243
175251
175257
175260
175261
175262
175263
175267
175273
175276
175277
175278
175279
175313
175316
175317
175318
175319
175323
175616
175617
175618
175620
175621
175622
175623
175624
175627
175635
175641
175644
175645
175646
175647
175651
175657
175658
175660
175661
175662
175663
175731
175737
175740
175741
175742
175743
175747
175753
175756
175757
175758
175759
175777
175780
175781
175782
175783
175787
175793
175796
175797
175798
175799
175803
175953
175956
175957
175958
175959
175963
245799
245893
245918
246292
246294
246351
246373
246392
246394
246451
246599
246627
246633
246637
247888
247890
247896
247898
248124
248126
248257
248263
248267
248288
248290
248298
248301
248524
248526
248527
248549
248561
248567
248568
248571
249093
249107
249113
249117
249118
249135
249215
249216
249218
249219
249225
249229
249230
249252
249254
249255
249268
249270
249271
254273
254276
254278
254279
254280
254282
254283
254303
254304
254306
254307
254312
254313
254314
254317
254318
254325
255180
255182
255183
255205
255216
255217
255218
255224
255226
255227
255229
255569
255575
255576
255578
255579
255748
255749
255750
255763
255769
255772
255774
255775
255788
255790
255791
255872
255874
255880
255881
255882
255885
255905
255911
255912
255915
255924
255925
255926
255957
256816
256818
256819
256825
256828
256829
256830
256916
256917
256918
256919
256961
256964
256966
256967
256971
256991
256992
256994
256995
257000
257001
257002
257004
257005
257006
257013
259092
259093
259094
259095
259148
259150
259151
259172
259173
259174
259184
259185
259186
259191
259192
259193
259194
259195
259197
259248
259250
259251
259257
259260
259261
259262
259263
259580
259582
259583
259584
259586
259587
259592
259593
259594
259596
259597
259598
259617
259620
259621
259622
259623
259624
259626
259627
259633
259636
259637
259638
259639
259643
259716
259717
259718
259728
259730
259731
259737
259738
259740
259741
259742
259743
259747
259756
259758
259759
259792
259793
259794
259799
259800
259801
259802
259803
259805
