15
57
230
241
248
599
811
820
823
913
922
925
994
1013
2384
2386
2387
2393
2396
2398
3103
3116
3119
3205
3232
3235
3241
3244
3246
3247
3280
3282
3289
3294
3652
3654
3655
3681
3688
3690
3693
3701
3702
3857
3864
3866
3867
3869
3969
3976
3978
3979
3981
4004
4007
4011
4020
4023
4052
4054
4055
9536
9537
9538
9539
9545
9546
9549
9550
9572
9573
9574
9585
9592
9594
9595
9597
12309
12403
12412
12415
12416
12418
12419
12425
12428
12430
12431
12453
12464
12466
12467
12473
12476
12478
12479
12821
12822
12924
12927
12928
12930
12931
12937
12940
12942
12943
12965
12976
12978
12979
12985
12988
12989
12990
12991
13013
13120
13121
13122
13123
13128
13129
13130
13131
13132
13133
13134
13156
13157
13158
13159
13169
13170
13176
13178
13179
13181
14609
14612
14615
14616
14618
14619
14621
14721
14724
14727
14728
14730
14731
14733
14753
14756
14758
14759
14760
14762
14763
14769
14772
14774
14775
14776
14778
14779
14804
14806
14807
14811
15428
15430
15431
15456
15457
15458
15464
15465
15466
15467
15469
15470
15476
15477
15478
15479
15877
15878
15888
15890
15891
15897
15900
15902
15903
15904
15906
15907
15913
15916
15918
15919
15925
16005
16006
16019
16028
16031
16032
16034
16035
16041
16042
16044
16045
16046
16047
16053
16080
16081
16082
16083
16088
16089
16090
16091
16092
16093
16094
16095
16208
16209
16210
16211
16216
16217
16218
16219
16220
16221
16222
16223
16236
16239
87104
87105
87106
87108
87109
87110
87111
87112
87114
87115
87123
87129
87132
87133
87134
87135
87136
87138
87139
87144
87145
87146
87148
87149
87150
87151
87356
87358
87359
87445
87446
87488
87489
87490
87491
87495
87496
87497
87498
87499
87501
87502
87521
87522
87524
87526
87527
87528
87530
87531
87533
87537
87540
87541
87542
87543
87547
87615
87701
87744
87745
87746
87747
87752
87753
87754
87756
87757
87758
87776
87777
87778
87780
87782
87783
87784
87786
87787
87796
87797
87798
87799
87803
164113
164116
164117
164118
164119
164123
164160
164162
164163
164168
164169
164170
164172
164173
164174
164175
164192
164193
164194
164196
164197
164198
164199
164200
164202
164203
164209
164212
164213
164214
164215
164219
164275
164281
164284
164285
164286
164287
165056
165058
165059
165064
165065
165066
165068
165069
165070
165071
165088
165089
165090
165092
165093
165094
165095
165096
165098
165099
165105
165108
165109
165110
165115
165440
165441
165442
165444
165446
165447
165448
165450
165451
165468
165469
165470
165471
165472
165474
165475
165480
165481
165482
165484
165485
165486
165652
165653
165654
165696
165698
165699
165704
165705
165706
165708
165709
165710
165728
165729
165730
165732
165734
165735
165736
165738
165739
165748
165749
165750
165820
165822
165823
166707
166713
166716
166717
166718
166719
166801
166804
166805
166806
166807
166811
166848
166849
166850
166852
166853
166854
166855
166856
166858
166859
166867
166873
166876
166877
166878
166879
166880
166882
166883
166888
166889
166890
166892
166893
166894
166895
171200
171202
171203
171208
171209
171210
171212
171213
171214
171232
171233
171234
171236
171238
171239
171240
171242
171243
171252
171253
171254
171585
171586
171588
171589
171590
171591
171592
171594
171595
171603
171609
171612
171613
171614
171615
171616
171618
171619
171624
171625
171626
171628
171629
171630
171631
171793
171796
171797
171798
171799
171803
171843
171849
171852
171853
171854
171855
171873
171876
171877
171878
171879
171883
171889
171892
171893
171894
171895
171896
171898
171899
171955
171961
171964
171965
171966
171967
172860
172862
172863
172948
172949
172950
172992
172993
172994
172996
172998
172999
173000
173002
173003
173020
173022
173023
173024
173026
173027
173032
173033
173034
173036
173037
173038
174356
174357
174358
174400
174401
174402
174403
174407
174408
174409
174410
174411
174412
174413
174414
174431
174432
174433
174434
174436
174438
174439
174440
174441
174442
174443
174452
174453
174454
174524
174526
174527
175125
175168
175169
175170
175171
175172
175174
175175
175176
175177
175178
175179
175181
175196
175198
175199
175200
175201
175202
175203
175207
175208
175209
175210
175211
175212
175213
175214
175295
175420
175422
175423
175508
175509
175510
175552
175553
175554
175556
175558
175559
175560
175562
175563
175580
175582
175583
175584
175586
175587
175592
175593
175594
175596
175597
175598
175808
175810
175811
175815
175816
175817
175818
175820
175821
175822
175839
175840
175841
175842
175844
175846
175847
175848
175849
175850
175851
175860
175861
175862
245793
245803
245892
245894
246296
246298
246387
246393
246415
246456
246458
246611
246617
246621
247873
247879
247883
247904
247906
247912
247914
247917
248268
248270
248292
248294
248311
248380
248382
248383
248469
248513
248519
248523
248544
248546
248553
248554
248557
249109
249155
249161
249164
249166
249188
249190
249201
249204
249206
249207
249211
249276
249278
249279
254212
254213
254214
254227
254233
254236
254237
254238
254239
254243
254249
254252
254253
254254
254255
254335
254336
254338
254339
254344
254345
254346
254348
254349
254350
254369
254372
254374
254375
254376
254378
254379
254388
254389
254390
254391
255759
255781
255792
255793
255794
255800
255802
255803
255888
255889
255890
255896
255898
255899
255941
255952
255955
255961
255965
255966
255983
256240
256242
256243
256249
256252
256253
256254
256593
256596
256598
256599
256603
256772
256774
256775
256796
256798
256799
256803
256809
256812
256813
256814
256896
256897
256898
256899
256904
256905
256906
256907
256909
256928
256929
256930
256935
256936
256938
256939
256948
256949
256950
256981
259152
259153
259154
259156
259158
259159
259160
259162
259163
259343
259365
259376
259377
259378
259379
259383
259384
259385
259386
259387
259389
259472
259473
259474
259476
259478
259479
259480
259482
259483
259485
259524
259525
259526
259536
259538
259539
259544
259545
259546
259548
259549
259550
259551
259564
259566
259567
259791
259813
259824
259825
259826
259827
259832
259833
259834
259836
259837
259838
