16525
16551
16555
16889
16893
16948
16950
17052
17054
17068
17070
18382
18383
18404
18405
18406
18417
18420
18422
18423
18427
18483
18489
18493
18577
18583
18587
18629
18640
18642
18643
18648
18649
18650
18671
18949
18963
18969
18991
19056
19058
19064
19066
19120
19122
19128
19130
19281
19287
19291
24368
24370
24371
24376
24377
24378
24380
24381
24382
24464
24465
24466
24468
24470
24471
24472
24474
24475
24516
24517
24518
24528
24530
24531
24535
24536
24537
24538
24539
24540
24541
24542
24556
24558
24559
24780
24782
24783
24801
24804
24805
24806
24811
24816
24817
24818
24820
24821
24822
24823
24827
25153
25156
25157
25158
25159
25163
25171
25177
25180
25181
25182
25183
25187
25193
25196
25197
25198
25199
25361
25364
25365
25366
25371
25411
25416
25417
25418
25420
25421
25422
25440
25441
25442
25444
25446
25447
25448
25450
25451
25460
25461
25462
25532
25534
25535
26644
26645
26646
26691
26697
26700
26701
26702
26720
26721
26722
26724
26726
26727
26731
26741
26812
26814
26815
26943
27029
27072
27073
27074
27079
27080
27082
27083
27103
27104
27106
27107
27112
27113
27114
27117
27199
27285
27328
27329
27330
27335
27336
27338
27339
27359
27360
27362
27363
27368
27369
27370
27373
27969
27972
27974
27979
27996
27997
27998
28012
28014
98511
98533
98544
98545
98546
98547
98551
98552
98553
98554
98555
98557
98885
98896
98897
98898
98899
98903
98904
98905
98906
98907
98909
98927
99077
99088
99089
99090
99091
99095
99096
99097
99098
99099
99101
99119
99151
99173
99184
99185
99186
99187
99191
99192
99193
99194
99195
99197
99215
99237
99248
99249
99250
99251
99255
99256
99257
99258
99259
99261
100421
100432
100433
100434
100435
100438
100439
100440
100441
100442
100443
100445
100463
100623
100645
100656
100657
100658
100659
100663
100664
100665
100666
100667
100669
100741
100752
100753
100754
100755
100759
100760
100761
100762
100763
100765
100783
100805
100816
100817
100818
100819
100823
100824
100825
100826
100827
100829
100847
101071
101093
101104
101105
101106
101107
101111
101112
101113
101114
101115
101117
101636
101637
101638
101648
101649
101650
101651
101655
101656
101657
101658
101659
101660
101661
101662
101676
101678
101679
101711
101733
101744
101745
101746
101747
101751
101752
101753
101754
101755
101756
101757
101758
101772
101774
101775
101796
101797
101798
101808
101809
101810
101811
101812
101814
101815
101816
101817
101818
101819
101821
106565
106576
106577
106578
106579
106583
106584
106585
106586
106587
106589
106607
106764
106766
106767
106788
106789
106790
106800
106801
106802
106803
106804
106806
106807
106808
106809
106810
106811
106813
106884
106885
106886
106896
106897
106898
106899
106903
106904
106905
106906
106907
106908
106909
106910
106924
106926
106927
106949
106960
106961
106962
106963
106964
106966
106967
106968
106969
106970
106971
106973
106991
107215
107237
107248
107249
107250
107251
107255
107256
107257
107258
107259
107260
107261
108300
108302
108303
108324
108325
108326
108336
108337
108338
108339
108340
108342
108343
108344
108345
108346
108347
108349
108420
108421
108422
108432
108433
108434
108435
108439
108440
108441
108442
108443
108444
108445
108446
108460
108462
108463
108485
108496
108497
108498
108499
108500
108502
108503
108504
108505
108506
108507
108509
108527
108751
108773
108784
108785
108786
108787
108791
108792
108793
108794
108795
108796
108797
108798
109125
109136
109137
109138
109139
109140
109142
109143
109144
109145
109146
109147
109149
109167
109316
109317
109318
109328
109329
109330
109331
109335
109336
109337
109338
109339
109340
109341
109342
109356
109358
109359
109391
109413
109424
109425
109426
109427
109431
109432
109433
109434
109435
109436
109437
109438
109452
109454
109455
109476
109477
109478
109488
109489
109490
109491
109492
109494
109495
109496
109497
109498
109499
109501
111877
111888
111889
111890
111891
111895
111896
111897
111898
111899
111901
111919
111951
111972
111973
111984
111985
111986
111987
111988
111990
111991
111992
111993
111994
111995
111997
112015
112037
112048
112049
112050
112051
112055
112056
112057
112058
112059
112061
179983
180004
180005
180016
180017
180018
180019
180022
180023
180024
180025
180026
180027
180029
180096
180097
180100
180101
180102
180103
180107
180112
180113
180114
180115
180119
180120
180121
180122
180123
180124
180125
180126
180140
180142
180143
180165
180176
180177
180178
180180
180181
180182
180183
180186
180187
245780
245830
245835
245871
246035
246039
246042
246083
246087
246088
246089
246090
246104
246105
246124
246125
246204
246206
246812
246813
246824
246825
246860
246861
246862
246876
246877
246878
246883
246887
246888
246889
246890
246963
246968
246969
246970
247054
247071
247074
247078
247079
247082
247083
247119
247135
247136
247137
247138
247140
247141
247142
247147
247216
247217
247218
247220
247222
247227
247539
247543
247546
248829
249871
249888
249889
249892
249893
249894
249899
249904
249905
249908
249909
249968
249969
249970
249972
249973
249974
249979
249999
250016
250017
250018
250020
250021
250022
250027
250032
250033
250036
250037
250160
250161
250162
250164
250165
250166
250167
250170
250171
250224
250226
250227
250230
250231
250232
250233
250234
250235
250252
250253
250254
250255
250270
250271
250272
250273
250274
250275
250276
250277
250278
250279
250280
250282
250283
250575
250591
250592
250593
250594
250596
250597
250598
250603
250931
250935
250936
250937
250938
250995
250999
251000
251001
251002
251004
251005
251006
251011
251016
251017
251018
251020
251021
251022
251032
251033
251036
251037
251038
251043
251047
251048
251049
251050
251052
251053
251192
251193
251196
251197
251198
251260
251261
251262
251263
251264
251265
251266
251267
251268
251269
251270
251271
251272
251273
251274
251275
251282
251283
251286
251287
251288
251289
251290
251291
251292
251293
251308
251309
251310
251311
251587
251591
251592
251593
251594
251596
251597
251598
251603
251607
251608
251609
251610
251612
251613
251614
251619
251623
251624
251625
251626
251628
251629
251630
252876
252877
252878
252892
252893
252894
252895
252898
252899
252902
252903
252904
252905
252906
252907
258032
258033
258034
258036
258037
258038
258043
