65599
65728
65731
65740
65778
65785
65790
66133
66306
66313
66534
66545
66554
66557
67924
67926
68609
68616
68618
68619
68621
68644
68646
68647
68657
68664
68666
68667
68669
68756
68758
68759
68808
68811
68836
68839
68856
68859
69204
69207
69208
69211
69380
69383
69409
69416
69419
69428
69430
69431
69521
69528
69530
69531
69533
69572
69574
69575
69601
69608
69610
69611
69613
69620
69622
69623
75089
75096
75098
75099
75101
77828
77830
77831
77857
77858
77864
77866
77867
77869
77876
77877
77878
77879
77969
77970
77976
77977
77978
77981
77982
78021
78022
78048
78049
78050
78051
78057
78058
78060
78061
78062
78063
78069
78070
78416
78417
78418
78419
78425
78426
78428
78429
78430
78431
78597
78624
78626
78627
78633
78636
78638
78639
78645
78736
78738
78739
78745
78748
78750
78751
78789
78803
78812
78815
78816
78818
78819
78825
78828
78830
78831
78837
80197
80208
80210
80211
80217
80220
80222
80223
80224
80227
80236
80239
80901
80912
80914
80915
80921
80924
80926
80927
80928
80930
80931
80937
80940
80942
80943
80949
81029
81040
81042
81043
81049
81052
81054
81055
81056
81058
81059
81065
81068
81070
81071
81077
81093
81104
81106
81107
81113
81116
81118
81119
81120
81123
81129
81132
81134
81135
81477
81488
81491
81500
81503
81504
81506
81507
81513
81516
81518
81519
81525
81680
81681
81682
81683
81689
81690
81692
81693
81694
81695
81708
81711
81796
81797
81798
81799
81824
81825
81826
81827
81832
81833
81834
81835
81836
81837
81838
81839
81845
81846
81872
81873
81874
81875
81880
81881
81882
81883
81884
81885
81886
81887
152852
152853
152854
152896
152897
152898
152899
152904
152905
152906
152908
152909
152910
152929
152930
152932
152933
152934
152935
152936
152938
152939
152945
152948
152949
152950
152951
152952
152955
153020
153022
153023
229397
229440
229441
229442
229443
229444
229446
229447
229448
229449
229450
229451
229453
229468
229470
229471
229472
229473
229474
229475
229479
229480
229481
229482
229483
229484
229485
229486
229493
229567
229692
229694
229695
229780
229781
229782
229824
229825
229826
229827
229828
229830
229831
229832
229833
229834
229835
229837
229852
229854
229855
229856
229857
229858
229859
229863
229864
229865
229866
229867
229868
229869
229870
229877
229951
230037
230080
230081
230082
230083
230087
230088
230089
230090
230091
230092
230093
230094
230111
230112
230113
230114
230115
230116
230118
230119
230120
230121
230122
230123
230125
230132
230133
230134
231228
231230
231231
231316
231317
231318
231360
231361
231362
231364
231366
231367
231368
231370
231371
231388
231390
231391
231392
231394
231395
231400
231401
231402
231404
231405
231406
231616
231618
231619
231624
231625
231626
231628
231629
231630
231647
231648
231649
231650
231652
231654
231655
231656
231657
231658
231659
231668
231669
231670
231957
232000
232001
232002
232003
232004
232006
232007
232008
232009
232010
232011
232013
232028
232030
232031
232032
232033
232034
232035
232039
232040
232041
232042
232043
232044
232045
232046
232053
232127
232212
232213
232214
232256
232257
232258
232259
232263
232264
232265
232266
232267
232268
232269
232270
232287
232288
232289
232290
232291
232292
232294
232295
232296
232297
232298
232299
232301
232308
232309
232310
232380
232382
232383
237372
237374
237375
237460
237461
237462
237504
237505
237506
237507
237508
237510
237511
237512
237513
237514
237515
237517
237535
237536
237537
237538
237539
237543
237544
237545
237546
237547
237549
237550
237557
237631
237717
237760
237761
237762
237763
237767
237768
237769
237770
237771
237772
237773
237774
237791
237792
237793
237794
237795
237796
237798
237799
237800
237801
237802
237803
237805
237812
237813
237814
238144
238145
238146
238148
238150
238151
238152
238154
238155
238172
238174
238175
238176
238178
238179
238184
238185
238186
238188
238189
238190
238197
238356
238357
238358
238400
238402
238403
238408
238409
238410
238412
238413
238414
238432
238433
238434
238436
238438
238439
238440
238442
238443
238452
238453
238454
238524
238526
238527
239680
239681
239682
239684
239686
239687
239688
239690
239691
239708
239710
239711
239712
239714
239715
239720
239721
239722
239724
239725
239726
239932
239934
239935
240020
240021
240022
240064
240065
240066
240068
240070
240071
240072
240074
240075
240092
240094
240095
240096
240098
240099
240104
240105
240106
240108
240109
240110
240320
240322
240323
240328
240329
240330
240332
240333
240334
240352
240353
240354
240356
240358
240359
240360
240362
240363
240372
240373
240374
240916
240917
240918
240960
240962
240963
240968
240969
240970
240972
240973
240974
240992
240993
240994
240996
240998
240999
241000
241002
241003
241012
241013
241014
241084
241086
241087
311425
311435
311509
311812
311814
311852
311854
311935
311939
311945
311949
312148
312150
313360
313362
313363
313368
313369
313370
313373
313459
313465
313469
313487
313509
313520
313521
313522
313527
313528
313530
313531
313852
313854
313868
313870
313892
313894
313908
313910
313911
313989
314003
314009
314013
314031
314065
314071
314075
314704
314706
314712
314714
319509
319552
319553
319554
319555
319559
319560
319561
319562
319563
319565
319584
319585
319586
319591
319592
319594
319595
319597
319604
319605
319606
319679
319936
319938
319939
319945
319948
319949
319950
319969
319972
319974
319975
319979
319988
319989
319990
320060
320062
320063
320148
320149
320150
320192
320193
320194
320196
320198
320199
320200
320202
320203
320220
320222
320223
320224
320226
320227
320232
320233
320234
320236
320237
320238
321487
321509
321520
321521
321522
321528
321530
321531
321584
321586
321587
321592
321593
321594
321597
321680
321681
321682
321687
321688
321690
321691
321733
321744
321746
321747
321753
321756
321757
321758
321775
322065
322068
322070
322071
322075
322124
322126
322127
322148
322149
322150
322161
322164
322166
322167
322171
322227
322233
322236
322237
322238
322369
322372
322373
322374
322375
322379
322387
322393
322396
322397
322398
322399
322403
322409
322412
322413
322414
322415
324885
324928
324929
324930
324931
324935
324936
324937
324938
324939
324941
324959
324960
324961
324962
324963
324967
324968
324969
324970
324971
324973
324981
325055
