16410
16461
16688
16689
16699
16764
16765
16766
16803
16808
16810
17140
17142
17600
17601
17602
17606
17611
17619
17624
17625
17626
17646
17904
17905
17906
17908
17910
17911
17915
17935
17956
17957
17969
17972
17973
17974
18035
18041
18045
18060
18061
18062
18079
18080
18082
18087
18090
18091
19349
19393
19396
19397
19398
19410
19415
19418
19439
21248
21249
21250
21252
21253
21254
21255
21259
21266
21267
21271
21272
21273
21274
21292
21294
21295
21315
21320
21321
21324
21325
21326
21340
21342
21343
21344
21346
21347
21351
21352
21353
21354
21355
21427
21432
21433
21436
21437
21438
22335
22417
22420
22421
22422
22464
22465
22466
22468
22469
22470
22471
22474
22475
22480
22482
22483
22487
22488
22489
22490
22491
22492
22493
22494
22508
22509
22510
22511
22591
22676
22677
22720
22721
22722
22724
22725
22726
22727
22728
22730
22731
22736
22738
22739
22743
22744
22745
22746
22749
22764
22765
22766
22767
22991
23013
23024
23025
23026
23028
23029
23030
23031
23035
23055
23073
23076
23077
23078
23088
23089
23090
23092
23093
23094
23099
23155
23159
23160
23161
23162
23164
23165
23166
23177
23180
23181
23182
23198
23199
23200
23201
23202
23203
23206
23207
23208
23209
23210
23211
27903
28244
28245
28416
28417
28418
28420
28421
28422
28427
28432
28434
28435
28439
28440
28442
28443
28463
28483
28488
28489
28492
28493
28508
28510
28515
28519
28520
28521
28522
28604
28605
28606
110847
111189
111360
111361
111362
111363
111367
111368
111369
111370
111371
111372
111373
111374
111391
111392
111393
111394
111395
111396
111398
111399
111400
111401
111402
111403
111405
111412
111413
111414
111487
111488
111489
111490
111491
111492
111494
111495
111496
111497
111498
111499
111501
111516
111518
111519
111520
111521
111522
111523
111527
111528
111529
111530
111531
111532
111533
111534
111541
111572
111573
111574
112724
112725
112896
112897
112898
112899
112902
112903
112904
112905
112906
112907
112909
112924
112926
112927
112928
112929
112930
112931
112935
112936
112937
112938
112939
112940
112941
112942
112949
113020
113022
113023
113024
113025
113026
113027
113031
113032
113033
113034
113035
113036
113037
113038
113055
113056
113057
113058
113059
113060
113062
113063
113064
113065
113066
113067
113069
113076
113077
113078
113109
113407
113749
113920
113921
113922
113923
113924
113926
113927
113928
113929
113930
113931
113933
113945
113948
113949
113950
113951
113952
113954
113955
113959
113960
113961
113962
113964
113965
113966
114032
114034
114035
114039
114040
114041
114042
114043
114044
114045
114046
114060
114061
114062
114063
114080
114081
114084
114085
114086
114087
114091
114096
114097
114100
114101
114102
114103
114107
114431
167164
167166
167167
167508
167509
167510
167680
167681
167682
167683
167684
167686
167687
167688
167689
167690
167691
167693
167708
167710
167711
167712
167713
167714
167715
167719
167720
167721
167722
167723
167724
167725
167726
167733
167807
167808
167809
167810
167811
167815
167816
167817
167818
167819
167821
167839
167840
167841
167842
167843
167846
167847
167848
167849
167850
167851
167853
167860
167861
167893
173141
173312
173313
173314
173315
173318
173319
173320
173321
173322
173323
173325
173343
173344
173345
173346
173347
173351
173352
173353
173354
173355
173356
173357
173365
173439
173440
173441
173442
173443
173447
173448
173449
173450
173451
173453
173471
173472
173473
173474
173475
173479
173480
173481
173482
173483
173485
173493
173525
173823
176212
176213
176214
176384
176385
176386
176387
176391
176392
176393
176394
176395
176396
176397
176398
176415
176416
176417
176418
176419
176420
176422
176423
176424
176425
176426
176427
176429
176436
176437
176438
176511
176512
176513
176514
176515
176516
176518
176519
176520
176521
176522
176523
176525
176540
176542
176543
176544
176545
176546
176547
176551
176552
176553
176554
176555
176556
176557
176558
176565
176596
176597
176598
176892
176894
176895
177404
177406
177407
177748
177749
177750
177920
177921
177922
177923
177924
177926
177927
177928
177930
177931
177945
177948
177949
177950
177951
177952
177954
177955
177960
177961
177962
177964
177965
177966
178032
178034
178035
178040
178041
178042
178044
178045
178046
178057
178060
178061
178062
178063
178080
178081
178084
178085
178086
178087
178091
178097
178100
178101
178102
178103
178107
178431
178773
178944
178945
178946
178947
178951
178952
178953
178954
178955
178956
178957
178958
178975
178976
178977
178978
178979
178982
178983
178984
178985
178986
178987
178989
178997
179068
179070
179071
179072
179073
179074
179075
179079
179080
179081
179082
179083
179084
179085
179103
179104
179105
179106
179107
179110
179111
179112
179113
179114
179115
179117
179125
179157
245883
245936
246209
246219
246237
246252
246254
246464
246466
246471
246492
246509
247039
247381
247553
247556
247558
247563
247571
247577
247581
247596
247598
247631
247652
247653
247665
247668
247669
247670
247675
247728
247730
247735
247736
247738
248576
248578
248583
248584
248586
248604
248606
248617
248621
248688
248690
248695
248753
248758
248763
250876
250877
250878
250879
252229
252240
252241
252242
252244
252245
252246
252247
252251
252932
252933
252944
252945
252946
252947
252948
252950
252951
252952
252954
252955
252975
252995
253001
253004
253005
253006
253023
253024
253025
253026
253028
253030
253031
253032
253034
253035
253045
253107
253112
253113
253116
253117
253118
253235
253241
253244
253245
253246
253247
253317
253328
253329
253330
253332
253334
253335
253336
253338
253339
253359
253380
253381
253382
253392
253393
253394
253395
253396
253398
253399
253400
253401
253402
253403
253423
253635
253641
253644
253645
253646
253663
253664
253665
253666
253668
253670
253671
253672
253674
253675
253685
257027
257032
257033
257034
257036
257037
257038
257055
257056
257058
257059
257063
257064
257065
257066
257067
257139
257144
257145
257146
257149
257164
257166
257167
257185
257188
257189
257190
257195
257204
257205
257206
257472
257474
257475
257479
257480
257481
257482
257500
257502
257503
257507
257512
257513
257514
257517
257599
257684
257685
257686
257729
257732
257733
257734
257746
257747
257751
257752
257753
257754
257757
257774
257775
