32923
32995
33001
33379
33385
33553
33560
33563
33664
33667
33673
33702
33713
33723
35089
35099
35203
35209
35212
35214
35249
35256
35258
35259
35908
35910
35936
35938
35939
35945
36352
36354
36355
36361
36365
36388
36390
36391
36401
36407
36411
36497
36504
36506
36507
36509
36549
36575
36579
36585
36588
36590
36693
42053
42067
42073
42076
42078
42079
42083
42092
42094
42095
42492
42495
42499
42505
42508
42510
42511
42533
42544
42545
42546
42552
42554
42555
42557
42641
42644
42646
42647
42651
42692
42694
42695
42699
42720
42721
42722
42728
42729
42730
42733
42741
45328
45329
45330
45331
45336
45337
45338
45341
45342
45441
45442
45448
45450
45451
45453
45473
45476
45478
45479
45480
45482
45483
45492
45494
45495
45524
45525
45526
47104
47105
47106
47108
47111
47112
47113
47114
47115
47117
47136
47137
47138
47140
47142
47143
47144
47146
47147
47149
47156
47157
47158
47159
47237
47248
47250
47251
47257
47258
47260
47261
47262
47263
47267
47276
47278
47279
47301
47312
47314
47315
47320
47321
47322
47324
47325
47326
47327
47343
47681
47682
47687
47688
47690
47691
47693
47713
47716
47718
47719
47720
47722
47723
47725
47732
47733
47734
47735
47892
47893
47894
47895
47951
47973
47984
47986
47987
47993
47996
47997
47998
47999
48012
48015
48037
48048
48050
48051
48057
48058
48060
48061
48062
48063
48468
48469
48470
48471
118800
118801
118802
118804
118805
118806
118807
118808
118810
118811
118851
118857
118860
118861
118862
118863
118881
118884
118885
118886
118887
118891
118896
118897
118898
118900
118901
118902
118903
118904
118907
118960
118962
118963
118968
118969
118970
118972
118973
118974
118975
119235
119241
119244
119245
119246
119247
119265
119268
119269
119270
119271
119275
119281
119284
119285
119286
119287
119291
119347
119353
119356
119357
119358
119359
119441
119444
119445
119446
119447
119451
119489
119492
119493
119494
119495
119499
119504
119507
119513
119514
119516
119517
119518
119519
119523
119529
119532
119533
119534
119535
120816
120818
120819
120825
120828
120829
120830
120831
120832
120835
120841
120844
120845
120846
120847
120868
120869
120870
120880
120881
120882
120884
120886
120887
120888
120889
120890
120891
120893
120965
120976
120977
120978
120979
120983
120984
120985
120986
120987
120989
120990
121007
121029
121030
121040
121041
121042
121043
121048
121049
121050
121052
121053
121054
121068
121070
121071
121361
121362
121364
121365
121366
121367
121368
121370
121371
121411
121417
121420
121421
121422
121423
121444
121445
121446
121447
121451
121456
121457
121458
121460
121462
121463
121464
121466
121467
121520
121522
121523
121528
121529
121530
121532
121533
121534
121535
121665
121668
121669
121670
121671
121675
121680
121683
121689
121692
121693
121694
121695
121699
121705
121708
121709
121710
121711
197953
197956
197957
197958
197959
197963
197968
197970
197971
197976
197977
197978
197980
197981
197982
197983
197987
197993
197996
197997
197998
197999
200752
200754
200755
200760
200761
200762
200764
200765
200766
200848
200849
200850
200852
200854
200855
200856
200858
200859
200900
200901
200902
200912
200914
200915
200920
200921
200922
200924
200925
200926
200940
200942
200943
201232
201233
201234
201236
201238
201239
201240
201242
201243
201292
201294
201295
201316
201317
201318
201328
201329
201330
201332
201334
201335
201336
201338
201339
201392
201394
201395
201400
201401
201402
201404
201405
201406
201540
201541
201542
201552
201554
201555
201560
201561
201562
201564
201565
201566
201580
201582
201583
202772
202773
202774
202816
202818
202819
202824
202825
202826
202828
202829
202830
202831
202849
202852
202853
202854
202855
202856
202859
202865
202868
202869
202870
202871
202875
202931
202937
202940
202942
202943
203212
203214
203215
203236
203237
203238
203248
203249
203250
203252
203254
203255
203256
203258
203259
203312
203314
203315
203320
203321
203322
203324
203325
203326
203408
203409
203410
203412
203413
203414
203415
203416
203418
203419
203457
203460
203461
203462
203463
203467
203472
203474
203475
203481
203482
203484
203485
203486
203487
203491
203497
203500
203501
203502
203503
204096
204097
204098
204099
204100
204103
204104
204105
204106
204107
204109
204128
204129
204130
204131
204135
204136
204137
204138
204139
204141
204148
204149
204150
208835
208844
208845
208846
208847
208865
208868
208869
208870
208875
208880
208881
208882
208884
208885
208886
208887
208888
208890
208891
278566
278682
278725
279115
279144
279146
279157
279318
279408
279410
279417
279475
279481
280837
280860
280863
280876
280878
280879
280967
280994
281000
281002
281005
281013
281044
281046
281681
281688
281690
282048
282050
282051
282057
282061
282062
282084
282086
282087
282097
282100
282103
282107
282304
282306
282307
282313
282316
282318
282340
282342
282353
282359
282363
287764
287765
287766
287820
287823
287845
287856
287858
287859
287865
287866
287869
287870
287920
287922
287923
287929
287932
287933
287934
287935
288261
288275
288284
288286
288287
288291
288300
288302
288303
288385
288388
288390
288391
288395
288416
288417
288418
288424
288426
288427
288429
288437
288468
288470
288471
288592
288593
288594
288600
288602
288603
288605
291137
291143
291144
291146
291147
291149
291169
291175
291176
291178
291179
291181
291188
291189
291190
291191
292608
292611
292617
292620
292622
292623
292644
292645
292646
292656
292657
292658
292659
292663
292664
292665
292666
292667
292669
292752
292753
292754
292756
292758
292759
292760
292762
292763
292765
292804
292805
292806
292807
292819
292825
292828
292830
292831
292832
292834
292835
292841
292844
292845
292846
292847
293104
293107
293113
293116
293118
293119
293460
293461
293462
293632
293633
293634
293635
293640
293641
293642
293643
293645
293665
293668
293670
293671
293672
293674
293675
293684
293685
293686
293687
293691
293776
293778
293779
293784
293785
293786
293788
293789
293790
293807
293829
293840
293842
293843
293849
293852
293853
293854
293855
293868
293871
