65547
65636
65653
65720
65852
65853
65925
65936
65938
65943
66001
66004
66006
66253
66279
66800
66801
66802
66807
66811
67089
67092
67093
67094
67139
67143
67144
67145
67146
67164
67166
67171
67177
67181
67263
67396
67397
67408
67410
67415
67416
67418
67419
67439
68400
68401
68406
68411
68483
68488
68489
68490
68510
68515
68521
70463
70548
70549
70550
70592
70593
70594
70596
70597
70598
70603
70608
70610
70611
70615
70616
70617
70618
70636
70638
70639
71701
71744
71745
71746
71748
71749
71750
71751
71754
71755
71762
71763
71767
71768
71769
71770
71772
71773
71788
71789
71790
71791
71871
71948
71949
71950
71951
71968
71969
71970
71972
71973
71974
71975
71979
71988
71989
71990
72051
72056
72057
72058
72060
72061
72062
72076
72077
72078
72079
72095
72096
72097
72098
72100
72102
72103
72104
72106
72107
72117
72432
72434
72435
72439
72440
72441
72442
72445
72980
72981
72982
73024
73025
73026
73027
73028
73030
73031
73032
73033
73034
73035
73043
73049
73052
73053
73054
73055
73059
73064
73065
73066
73068
73069
73070
73151
76992
76993
76994
76998
76999
77000
77002
77003
77011
77016
77017
77020
77021
77022
77036
77037
77038
77308
77309
77310
77321
77324
77325
77326
77343
77344
77346
77351
77352
77354
77355
77424
77426
77427
77431
77432
77433
77434
77455
77473
77476
77477
77478
77483
77492
77493
77494
151539
151545
151548
151549
151550
151551
157009
157012
157013
157014
157015
157019
159744
159745
159748
159749
159750
159751
159752
159754
159755
159763
159769
159772
159773
159774
159775
159776
159778
159779
159784
159785
159786
159788
159789
159790
159791
159859
159865
159868
159869
159870
159871
159872
159874
159875
159880
159881
159882
159884
159885
159886
159887
159904
159905
159906
159908
159909
159910
159911
159912
159914
159915
159921
159924
159925
159926
159927
159931
160243
160249
160252
160253
160254
160255
160256
160258
160259
160264
160265
160266
160268
160269
160270
160271
160288
160289
160290
160292
160293
160294
160295
160296
160298
160299
160305
160308
160309
160310
160311
160315
160384
160385
160386
160388
160389
160390
160391
160392
160394
160395
160403
160409
160412
160413
160414
160415
160416
160418
160419
160424
160425
160426
160428
160429
160430
160431
160465
160468
160469
160470
160471
160475
161742
161743
161764
161765
161766
161776
161777
161778
161780
161781
161782
161783
161784
161786
161787
161807
161829
161840
161841
161842
161843
161846
161847
161848
161849
161850
161851
161853
161921
161924
161925
161926
161927
161931
161936
161938
161939
161943
161944
161945
161946
161948
161949
161950
161964
161966
161967
162000
162001
162002
162004
162005
162006
162007
162008
162010
162011
162304
162305
162306
162308
162309
162310
162311
162312
162314
162315
162323
162329
162332
162333
162334
162335
162336
162338
162339
162344
162345
162346
162348
162349
162350
162351
162419
162424
162425
162428
162429
162430
162431
162435
162441
162444
162445
162446
162447
162464
162465
162466
162468
162469
162470
162471
162474
162475
162481
162484
162485
162486
162487
162491
162641
162644
162645
162646
162647
162651
225282
225283
225289
225292
225293
225294
225295
225313
225316
225317
225318
225319
225323
225329
225332
225333
225334
225335
225339
225409
225412
225413
225414
225415
225419
225427
225433
225436
225437
225438
225439
225443
225449
225452
225453
225454
225455
225489
225492
225493
225494
225495
225498
225499
225793
225796
225797
225798
225799
225803
225808
225810
225811
225816
225817
225818
225820
225821
225822
225823
225827
225833
225836
225837
225838
225839
225906
225907
225912
225913
225916
225917
225918
225919
225923
225929
225932
225933
225934
225935
225953
225956
225957
225958
225959
225963
225968
225969
225970
225972
225973
225974
225975
225976
225978
225979
226128
226129
226130
226132
226133
226134
226135
226136
226138
226139
227315
227321
227324
227325
227326
227327
227330
227331
227336
227337
227338
227340
227341
227342
227359
227360
227361
227362
227363
227364
227366
227367
227368
227369
227370
227371
227373
227380
227381
227449
227452
227453
227454
227455
227456
227458
227459
227464
227465
227466
227468
227469
227470
227487
227488
227489
227490
227491
227492
227494
227495
227496
227497
227498
227499
227501
227508
227509
227826
227827
227832
227833
227834
227836
227837
227838
227839
227843
227849
227852
227853
227854
227855
227873
227876
227877
227878
227879
227883
227888
227889
227892
227893
227894
227895
227899
227968
227969
227970
227972
227973
227974
227975
227976
227978
227979
227987
227993
227996
227997
227998
227999
228003
228008
228009
228012
228013
228014
228015
228049
228052
228053
228054
228055
228059
294937
295014
295091
295300
295302
295320
295322
295343
295381
295628
295630
295648
295650
296143
296164
296165
296166
296180
296181
296182
296452
296453
296454
296464
296466
296471
296472
296474
296475
296495
296524
296525
296526
296543
296544
296546
296551
296552
296554
296636
296637
296638
296785
296788
296789
296790
297778
297783
297784
297786
297855
297856
297858
297863
297884
297885
297900
297901
297902
299833
299836
299837
299838
299904
299905
299908
299909
299910
299915
299920
299921
299922
299923
299927
299928
299929
299930
299931
299951
299985
299988
299989
299990
299995
301057
301060
301061
301062
301072
301073
301074
301075
301076
301078
301079
301080
301081
301082
301083
301103
301123
301128
301129
301132
301133
301134
301150
301151
301152
301153
301154
301155
301156
301158
301159
301160
301161
301162
301163
301235
301240
301241
301244
301245
301246
301360
301361
301362
301363
301367
301368
301369
301370
301371
301439
301440
301441
301442
301443
301446
301447
301448
301449
301450
301451
301459
301464
301465
301468
301469
301470
301475
301481
301484
301485
301486
301772
301774
301775
301792
301793
301794
301796
301797
301798
301803
301809
301812
301813
301814
301819
302405
302416
302417
302418
302420
302421
302422
302423
302424
302426
302427
302447
306371
306377
306380
306381
306382
306399
306400
306402
306403
306407
306408
306409
306410
306411
306687
306688
306690
306691
306695
306696
306698
306716
306717
306718
306723
306729
306732
306733
306734
306767
306785
306788
306789
306790
306801
306804
306805
306806
306811
306864
306865
306866
306871
306872
306874
306875
