49204
49299
49362
49685
49740
49742
49787
49855
49992
49994
50017
50027
50037
51284
51286
51471
51493
51506
51512
51514
51601
51611
51653
51676
51679
51692
51694
51955
51961
51964
51966
52481
52487
52491
52512
52514
52520
52522
52525
52533
52612
52614
52615
52639
52640
52643
52649
52652
52653
52654
52689
52692
52694
52695
52699
57681
57684
57686
57687
57688
57691
58383
58416
58418
58419
58425
58426
58428
58429
58430
58516
58518
58519
58523
58561
58564
58566
58567
58571
58591
58592
58594
58595
58600
58601
58602
58605
58606
58613
58948
58950
58951
58955
58975
58976
58978
58979
58985
58986
58989
58990
59156
59158
59159
59163
59215
59248
59250
59251
59257
59258
59261
59312
59314
59315
59321
59325
59326
60367
60389
60400
60402
60403
60408
60409
60410
60413
60414
62468
62469
62470
62471
62475
62492
62494
62495
62496
62498
62499
62505
62506
62508
62509
62510
62593
62596
62598
62599
62600
62602
62603
62623
62624
62625
62626
62627
62632
62633
62634
62635
62637
62645
62676
62677
62678
62679
62992
62993
62994
62996
62999
63000
63002
63003
63005
63088
63090
63091
63097
63100
63101
63102
63103
63107
63116
63118
63119
63140
63141
63142
63152
63153
63154
63155
63159
63160
63161
63162
63163
63165
63300
63301
63302
63312
63314
63315
63321
63324
63325
63326
63327
63331
63337
63340
63342
63343
132117
132160
132161
132162
132163
132164
132166
132167
132168
132169
132170
132171
132173
132188
132190
132191
132192
132193
132194
132195
132199
132200
132201
132202
132203
132204
132205
132206
132213
132287
132412
132414
132415
132500
132501
132502
132544
132545
132546
132547
132548
132550
132551
132552
132553
132554
132555
132557
132572
132574
132575
132576
132577
132578
132579
132583
132584
132585
132586
132588
132589
132590
132671
132757
132800
132801
132802
132803
132807
132808
132809
132810
132811
132812
132813
132814
132831
132832
132833
132834
132835
132836
132838
132839
132840
132841
132842
132843
132845
132852
132853
132854
135987
135996
135997
135998
135999
136084
136085
136086
136091
136128
136129
136130
136132
136133
136134
136135
136136
136138
136139
136156
136158
136159
136160
136162
136163
136168
136169
136170
136172
136173
136174
137492
137493
137494
137536
137538
137539
137544
137545
137546
137548
137549
137550
137568
137569
137570
137572
137574
137575
137576
137578
137579
137588
137589
137590
137660
137662
137663
138304
138305
138306
138308
138310
138311
138312
138313
138314
138315
138317
138332
138334
138335
138336
138337
138338
138339
138343
138344
138345
138346
138347
138348
138349
138350
138357
138559
138645
138688
138690
138691
138696
138697
138698
138700
138701
138702
138721
138722
138724
138726
138727
138728
138730
138731
138737
138740
138741
138742
138743
138747
138812
138814
138815
138900
138901
138902
138944
138945
138946
138947
138951
138952
138953
138954
138955
138957
138975
138976
138977
138978
138979
138983
138984
138985
138986
138987
138989
138997
138998
142528
142530
142531
142536
142537
142538
142540
142541
142542
142560
142561
142562
142564
142566
142567
142568
142570
142571
142580
142581
142582
142912
142913
142914
142916
142918
142919
142920
142922
142923
142940
142942
142943
142944
142946
142947
142952
142953
142954
142956
142957
142958
143124
143125
143126
143168
143170
143171
143176
143177
143178
143180
143181
143182
143200
143201
143202
143204
143206
143207
143208
143210
143211
143220
143221
143222
143292
143294
143295
217365
217366
217408
217409
217410
217411
217415
217416
217417
217418
217419
217421
217422
217439
217440
217441
217442
217443
217444
217447
217448
217449
217450
217451
217453
217461
217462
217532
217535
218175
218261
218304
218305
218306
218307
218311
218312
218313
218314
218315
218316
218317
218318
218335
218336
218337
218338
218339
218340
218342
218343
218344
218345
218346
218347
218349
218356
218357
218358
218689
218690
218692
218693
218694
218695
218696
218698
218699
218707
218716
218718
218719
218720
218722
218723
218728
218729
218730
218732
218733
218734
218735
218897
218900
218901
218902
218903
218907
218947
218953
218956
218958
218959
218980
218981
218982
218992
218993
218994
218995
218999
219000
219001
219002
219003
219004
219005
219006
219023
219056
219058
219059
219064
219065
219066
219068
219069
219070
219071
219964
219966
219967
220053
220054
220096
220097
220098
220099
220100
220103
220104
220105
220106
220107
220109
220124
220127
220128
220129
220130
220131
220135
220136
220137
220138
220139
220141
220142
220149
294973
295060
295137
295147
295158
295506
295685
295711
295727
295840
295842
295849
295889
295896
295898
297281
297288
297290
297293
297316
297319
297335
298099
298108
298110
298111
298127
298160
298162
298163
298169
298174
298513
298519
298520
298523
298624
298626
298633
298637
298660
298662
298673
298680
298682
298683
298709
298820
298822
298823
298849
298850
298856
298858
298861
298869
304388
304390
304391
304416
304417
304418
304419
304424
304425
304426
304429
304430
304437
304528
304531
304537
304540
304542
304543
304556
304559
304592
304594
304595
304601
304604
304606
304607
307281
307287
307288
307290
307291
307293
307663
307696
307698
307699
307705
307708
307710
307711
307715
307724
307726
307727
307749
307760
307762
307763
307769
307772
307773
307774
307775
307860
307861
307862
307904
307905
307906
307912
307913
307914
307915
307917
307940
307942
307943
307953
307956
307959
307960
307962
307963
309328
309329
309330
309331
309336
309337
309338
309340
309341
309342
309343
309359
309760
309761
309762
309763
309768
309769
309770
309772
309773
309774
309775
309796
309797
309798
309799
309809
309810
309815
309816
309818
309819
309821
309905
309908
309910
309911
309912
309914
309915
309953
309956
309958
309959
309960
309963
309984
309985
309986
309992
309993
309994
309995
309997
310004
310005
310006
310007
310101
310533
310544
310546
310547
310553
310556
310558
310559
310560
310563
310569
310572
310574
310575
310657
310660
310661
310662
310663
310664
310667
310688
310689
310690
310691
310696
310697
310698
310699
310700
310701
310702
310708
310709
310710
310737
310740
310742
310743
310744
310746
310747
