16389
16411
16467
16472
16494
16668
16669
16681
16735
16738
16819
16823
16826
17149
17444
17445
17461
17520
17522
17526
17531
17551
17568
17569
17572
17573
17574
17579
17715
17719
17720
17721
17722
17788
17789
17790
17795
17799
17800
17801
17802
17820
17821
17833
17836
17837
18124
18125
18126
18142
18143
18147
18151
18152
18154
19440
19441
19442
19444
19446
19451
20543
20608
20609
20610
20612
20613
20614
20619
20624
20625
20626
20628
20629
20630
20635
20655
20689
20692
20693
20928
20929
20930
20931
20932
20934
20935
20936
20937
20938
20939
20946
20947
20951
20952
20953
20954
20972
20973
20974
20975
21054
21055
21119
21120
21121
21122
21124
21125
21126
21131
21136
21137
21138
21140
21141
21142
21143
21147
21167
21204
21205
21708
21709
21710
21724
21725
21726
21727
21728
21730
21731
21734
21735
21736
21737
21738
21739
21988
21989
22000
22001
22002
22003
22004
22005
22006
22007
22008
22009
22010
22011
22030
22031
22047
22048
22049
22050
22052
22053
22054
22059
22064
22065
22066
22068
22069
22070
22075
22128
22129
22130
22131
22132
22133
22134
22135
22136
22137
22138
22139
22158
22159
22175
22176
22177
22178
22180
22181
22182
22183
22186
22187
22193
22196
22197
23347
23351
23352
23353
23354
23356
23357
23417
23420
23421
23422
23427
23431
23432
23433
23434
23436
23437
23443
23448
23449
23450
23452
23453
23454
23459
23464
23465
23466
23468
23469
23470
28608
28609
28610
28611
28614
28615
28618
28619
28627
28631
28632
28633
28634
28652
28654
28655
113856
113858
113859
113864
113865
113866
113868
113869
113870
113871
113888
113889
113890
113892
113893
113894
113895
113896
113898
113899
113905
113908
113909
113910
113911
113915
114197
114240
114241
114242
114243
114244
114246
114247
114248
114250
114251
114265
114268
114269
114270
114271
114272
114274
114275
114280
114281
114282
114284
114285
114286
114367
114452
114453
114454
114496
114497
114498
114499
114502
114503
114504
114505
114506
114507
114509
114515
114521
114524
114525
114526
114527
114530
114531
114535
114536
114537
114538
114540
114541
114542
114622
114623
164659
164665
164668
164669
164670
164671
164753
164756
164757
164758
164759
164763
164800
164801
164802
164804
164805
164806
164807
164808
164810
164811
164819
164825
164828
164829
164830
164831
164832
164834
164835
164840
164841
164842
164844
164845
164846
164847
166161
166164
166165
166166
166167
166171
166208
166210
166211
166216
166217
166218
166220
166221
166222
166223
166240
166241
166242
166244
166245
166246
166247
166248
166250
166251
166257
166260
166261
166262
166263
166267
166323
166329
166332
166333
166334
166335
166976
166977
166978
166980
166981
166982
166983
166984
166986
166987
166995
167001
167004
167006
167007
167008
167010
167011
167016
167017
167018
167020
167021
167022
167023
167228
167230
167231
167316
167317
167318
167360
167361
167362
167364
167366
167367
167368
167370
167371
167388
167390
167391
167392
167394
167395
167400
167401
167402
167404
167405
167406
167616
167618
167619
167624
167625
167626
167628
167629
167630
167648
167649
167650
167652
167654
167655
167656
167658
167659
167668
167669
167670
167671
172308
172309
172310
172352
172354
172355
172360
172361
172362
172364
172365
172366
172384
172385
172386
172388
172390
172391
172392
172394
172395
172404
172405
172406
172476
172478
172479
173119
173205
173248
173249
173250
173251
173255
173256
173257
173258
173259
173260
173261
173262
173280
173281
173282
173283
173284
173286
173287
173288
173289
173290
173291
173293
173300
173301
173302
173632
173633
173634
173636
173638
173639
173640
173642
173643
173645
173660
173662
173663
173664
173666
173667
173672
173673
173674
173675
173676
173677
173678
173685
173844
173845
173846
173888
173890
173891
173896
173897
173898
173900
173901
173902
173920
173921
173922
173924
173926
173927
173928
173930
173931
173940
173941
173942
174012
174014
174015
174908
174910
174911
174996
174997
174998
175040
175041
175042
175043
175044
175046
175047
175048
175049
175050
175051
175053
175068
175070
175071
175072
175074
175075
175080
175081
175082
175083
175084
175085
175086
175093
177216
177217
177218
177220
177222
177223
177224
177226
177227
177244
177246
177247
177248
177250
177251
177256
177257
177258
177260
177261
177262
177459
177465
177468
177469
177470
177471
177553
177556
177557
177558
177559
177563
177601
177604
177605
177606
177607
177611
177619
177624
177625
177626
177628
177629
177630
177631
177635
177641
177644
177645
177646
177647
177858
177859
177864
177865
177866
177868
177869
177870
177871
177888
177889
177890
177892
177893
177894
177895
177896
177898
177899
177905
177908
177909
177910
177911
177915
245795
245801
245900
245902
246257
246263
246267
246328
246330
246405
246424
246426
246481
246491
247615
247700
247701
247702
247745
247748
247750
247755
247763
247769
247772
247773
247774
247788
247790
248003
248009
248013
248032
248034
248039
248040
248042
248340
248341
248342
248387
248393
248397
248416
248418
248423
248426
248427
248511
248644
248646
248669
248684
248686
253168
253170
253171
253176
253177
253178
253180
253181
253182
253509
253520
253521
253522
253523
253524
253526
253527
253528
253530
253531
253551
253701
253712
253713
253714
253715
253719
253720
253721
253722
253723
253725
253743
253772
253774
253775
253796
253797
253798
253808
253809
253810
253812
253813
253814
253815
253816
253818
253819
253872
253874
253875
253879
253880
253881
253882
253884
253885
253886
254732
254734
254735
254753
254756
254757
254758
254759
254763
254769
254772
254773
254774
254775
254779
254848
254849
254850
254852
254854
254855
254856
254858
254859
254876
254877
254878
254879
254883
254888
254889
254890
254892
254893
254894
254933
256080
256081
256082
256084
256086
256087
256091
256268
256269
256270
256289
256292
256294
256295
256299
256308
256309
256310
256383
256384
256385
256386
256387
256391
256392
256393
256394
256395
256412
256414
256415
256416
256418
256419
256424
256425
256426
256429
256755
256761
256764
256765
256766
257285
257296
257298
257299
257304
257305
257306
257327
257359
257381
257392
257393
257398
257399
257403
257456
257458
257459
257464
257465
257466
