16543
16547
16901
16915
16921
16925
16943
17020
17022
17036
17038
17233
18452
18453
18454
18508
18510
18532
18534
18548
18550
18551
18620
18622
18623
18928
18930
18936
18938
18992
18994
19000
19002
19005
19089
19095
19099
19141
19155
19161
19165
19183
19777
19780
19783
19787
19807
19808
19811
19817
19821
24657
24660
24662
24663
24664
24666
24667
24844
24846
24847
24868
24869
24870
24880
24881
24882
24887
24888
24890
24891
24893
24965
24976
24977
24978
24979
24983
24984
24985
24986
24987
24989
25007
25029
25040
25042
25043
25048
25049
25050
25053
25071
25328
25330
25331
25336
25337
25338
25340
25341
25342
26431
26517
26560
26562
26568
26570
26573
26592
26593
26594
26599
26600
26602
26603
26613
26816
26818
26819
26824
26825
26826
26829
26849
26855
26856
26858
26859
26868
26869
26870
27201
27204
27206
27207
27211
27228
27230
27231
27235
27241
27244
27245
27246
27409
27412
27414
27415
27419
27468
27470
27471
27492
27493
27494
27504
27505
27506
27508
27510
27511
27512
27514
27515
27571
27577
27580
27581
27582
29956
29957
29958
29959
29971
29977
29980
29981
29982
29983
29987
29993
29996
29997
29998
29999
30067
30076
30078
30079
30080
30082
30083
30088
30089
30090
30092
30093
30094
30095
30113
30116
30117
30118
30119
30120
30123
30129
30132
30133
30134
30135
30139
98388
98389
98390
98560
98561
98562
98563
98567
98568
98569
98570
98571
98572
98573
98574
98591
98592
98593
98594
98595
98596
98598
98599
98600
98601
98602
98603
98605
98612
98613
98614
98687
98688
98689
98690
98691
98692
98694
98695
98696
98697
98698
98699
98701
98716
98718
98719
98720
98721
98722
98723
98727
98728
98729
98730
98731
98732
98733
98734
98741
98772
98773
98774
99068
99070
99071
99583
99925
100096
100097
100098
100099
100103
100104
100105
100106
100107
100109
100127
100128
100129
100130
100131
100135
100136
100137
100138
100139
100141
100149
100223
100224
100225
100226
100227
100231
100232
100233
100234
100235
100237
100255
100256
100257
100258
100259
100263
100264
100265
100266
100267
100269
100277
100309
100604
100607
100948
100949
100950
101120
101121
101122
101123
101124
101126
101127
101128
101129
101130
101131
101133
101148
101150
101151
101152
101153
101154
101155
101159
101160
101161
101162
101163
101164
101165
101166
101173
101244
101246
101247
101248
101249
101250
101251
101255
101256
101257
101258
101259
101260
101261
101262
101279
101280
101281
101282
101283
101284
101286
101287
101288
101289
101290
101291
101293
101300
101301
101302
101333
105727
106069
106240
106241
106242
106243
106247
106248
106249
106250
106251
106252
106253
106254
106271
106272
106273
106274
106275
106276
106278
106279
106280
106281
106282
106283
106285
106292
106293
106294
106368
106369
106370
106372
106374
106375
106376
106378
106379
106396
106398
106399
106400
106402
106403
106408
106409
106410
106412
106413
106414
106421
106452
106453
106454
106748
106750
106751
107093
107094
107264
107265
107266
107267
107271
107272
107273
107274
107275
107277
107295
107296
107297
107298
107299
107303
107304
107305
107306
107307
107309
107317
107391
107392
107393
107394
107395
107399
107400
107401
107402
107403
107405
107423
107424
107425
107426
107427
107431
107432
107433
107434
107435
107437
107445
107477
108629
108800
108801
108802
108803
108807
108808
108809
108810
108811
108813
108831
108832
108833
108834
108835
108839
108840
108841
108842
108843
108845
108853
108927
108928
108929
108930
108931
108935
108936
108937
108938
108939
108941
108959
108960
108961
108962
108963
108967
108968
108969
108970
108971
108973
108981
109013
109311
109653
109824
109825
109826
109827
109831
109832
109833
109834
109835
109837
109855
109856
109857
109858
109859
109863
109864
109865
109866
109867
109869
109877
109951
109952
109953
109954
109955
109959
109960
109961
109962
109963
109965
109983
109984
109985
109986
109987
109991
109992
109993
109994
109995
109997
110005
110037
110335
185429
185600
185601
185602
185603
185604
185606
185607
185608
185609
185610
185611
185613
185628
185631
185632
185633
185634
185635
185639
185640
185641
185642
185643
185645
185646
185653
185729
185730
185732
185734
185735
185736
185738
185739
185756
185759
185760
185761
185762
185763
185767
185768
185769
185770
185771
185772
185773
185774
185781
185809
185812
185813
185814
185815
185816
185819
186111
262192
262195
262293
262338
262913
262922
262925
262948
262950
262951
262968
262971
263063
263147
263156
263159
264529
264536
264538
264539
265220
265222
265223
265249
265258
265261
265270
265362
265373
265413
265440
265442
265443
265449
265452
265454
265461
265808
265810
265811
265817
265820
265822
265823
265989
266012
266015
266016
266019
266028
266031
266117
266143
266144
266147
266153
266156
266158
266159
266192
266194
266195
266201
266204
266206
266207
271685
271686
271712
271714
271715
271721
271724
271726
271727
271733
274449
274450
274457
274458
274461
274462
274564
274566
274567
274593
274600
274602
274603
274605
274612
274613
274614
274615
274641
274648
274650
274651
274653
275009
275012
275014
275015
275016
275019
275041
275044
275047
275048
275050
275051
275053
275060
275062
275063
275067
275217
275220
275222
275223
275224
275227
275329
275336
275338
275339
275341
275364
275366
275367
275371
275377
275380
275383
275384
275386
275387
275389
275412
275414
275415
276800
276801
276802
276803
276808
276809
276810
276811
276812
276813
276814
276815
276836
276837
276838
276839
276849
276850
276856
276857
276858
276859
276861
276862
277524
277525
277526
277527
277628
277631
277632
277634
277635
277641
277644
277645
277646
277647
277669
277670
277680
277681
277682
277683
277689
277690
277692
277693
277694
277695
277717
278037
278080
278082
278083
278089
278092
278094
278095
278117
278128
278130
278131
278137
278140
278142
278143
278144
278147
278153
278156
278158
278159
278181
278192
278194
278195
278201
278204
278206
278207
278293
278336
278338
278339
278345
278346
278348
278349
278350
278351
278372
278373
278374
278384
278385
278386
278387
278392
278393
278394
278395
278396
278397
278398
278399
278448
278451
278460
278463
