21
64
65
68
82
86
91
258
267
339
343
346
366
767
1027
1031
1032
1033
1034
1043
1047
1048
1049
1050
1068
1069
1070
1096
1097
1112
1113
1132
1133
1212
1213
1214
1292
1293
1308
1309
1310
1315
1320
1321
1356
1357
1358
1372
1373
1374
1379
1383
1384
1385
1386
1459
1463
1464
1465
1466
1784
1785
1788
1789
3068
3070
4108
4109
4110
4124
4125
4126
4127
4130
4131
4135
4136
4137
4138
4174
4175
4190
4191
4192
4193
4194
4195
4196
4197
4198
4199
4202
4203
4274
4275
4278
4279
4280
4282
4283
4367
4383
4384
4385
4386
4388
4389
4390
4395
4431
4447
4448
4449
4450
4452
4453
4454
4459
4465
4468
4469
4528
4529
4530
4532
4533
4534
4539
4848
4849
4850
4851
4852
4853
4854
4855
4858
4859
5135
5151
5152
5153
5154
5156
5157
5158
5163
5168
5169
5170
5172
5173
5174
5179
5199
5216
5217
5220
5221
5222
5227
5232
5233
5234
5236
5237
5238
5243
5263
5279
5280
5281
5282
5284
5285
5286
5291
5296
5297
5298
5300
5301
5302
5307
5412
5413
5424
5425
5426
5427
5428
5429
5430
5431
5434
5435
5488
5489
5490
5491
5492
5493
5494
5495
5496
5497
5498
5499
5516
5517
5518
5519
5534
5535
5536
5537
5538
5539
5540
5541
5542
5543
5544
5545
5546
5547
5839
5855
5856
5857
5858
5860
5861
5862
5867
5872
5873
5876
5877
7119
7136
7137
7140
7141
7152
7153
7154
7156
7157
7158
7163
12275
12279
12280
12281
12282
98108
98110
98111
98196
98197
98198
98240
98241
98242
98243
98244
98246
98247
98248
98250
98251
98259
98264
98265
98268
98269
98270
98271
98274
98275
98280
98281
98282
98284
98285
98286
98287
229439
229525
229568
229569
229570
229571
229575
229576
229577
229578
229579
229580
229581
229582
229599
229600
229601
229602
229603
229604
229606
229607
229608
229609
229610
229611
229613
229620
229621
229622
229909
229952
229953
229954
229955
229956
229958
229959
229960
229961
229962
229963
229965
229980
229982
229983
229984
229985
229986
229987
229991
229992
229993
229994
229995
229996
229997
229998
230005
230079
230164
230165
230166
230208
230209
230210
230211
230215
230216
230217
230218
230219
230220
230221
230222
230239
230240
230241
230242
230243
230244
230246
230247
230248
230249
230250
230251
230253
230260
230261
230262
230332
230334
230335
231488
231489
231490
231492
231494
231495
231496
231498
231499
231516
231518
231519
231520
231522
231523
231528
231529
231530
231531
231532
231533
231534
231541
231740
231742
231743
231828
231829
231830
231872
231873
231874
231875
231876
231878
231879
231880
231881
231882
231883
231885
231900
231902
231903
231904
231905
231906
231907
231911
231912
231913
231914
231915
231916
231917
231918
231925
231999
232085
232128
232129
232130
232131
232135
232136
232137
232138
232139
232140
232141
232142
232159
232160
232161
232162
232163
232164
232166
232167
232168
232169
232170
232171
232173
232180
232181
232182
232724
232725
232726
232768
232770
232771
232776
232777
232778
232780
232781
232782
232800
232801
232802
232804
232806
232807
232808
232810
232811
232820
232821
232822
232892
232894
232895
237589
237632
237633
237634
237635
237636
237638
237639
237640
237641
237642
237643
237645
237660
237662
237663
237664
237665
237666
237667
237671
237672
237673
237674
237675
237676
237677
237678
237685
237759
237884
237886
237887
237972
237973
237974
238016
238017
238018
238020
238022
238023
238024
238026
238027
238044
238046
238047
238048
238050
238051
238056
238057
238058
238060
238061
238062
238272
238274
238275
238280
238281
238282
238284
238285
238286
238303
238304
238305
238306
238308
238310
238311
238312
238314
238315
238324
238325
238326
239420
239422
239423
239508
239509
239510
239552
239553
239554
239556
239558
239559
239560
239562
239563
239580
239582
239583
239584
239586
239587
239592
239593
239594
239596
239597
239598
239808
239810
239811
239816
239817
239818
239820
239821
239822
239840
239841
239842
239844
239846
239847
239848
239850
239851
239860
239861
239862
240192
240193
240194
240196
240198
240199
240200
240202
240203
240220
240222
240223
240224
240226
240227
240232
240233
240234
240236
240237
240238
240404
240405
240406
240448
240450
240451
240456
240457
240458
240460
240461
240462
240480
240481
240482
240484
240486
240487
240488
240490
240491
240500
240501
240502
240572
240574
240575
242964
242965
242966
243008
243009
243010
243011
243015
243016
243017
243018
243019
243020
243021
243022
243039
243040
243041
243042
243043
243046
243047
243048
243049
243050
243051
243053
243061
243132
243134
243135
311423
311427
311433
311804
311806
311820
311822
311844
311846
311937
311943
311947
312021
313328
313330
313336
313338
313392
313393
313394
313399
313400
313402
313403
313477
313488
313490
313491
313496
313497
313498
313501
313519
313553
313559
313563
313860
313862
313884
313885
313886
313900
313902
313971
313977
313981
313999
314021
314033
314039
314043
314196
314198
319295
319381
319424
319425
319426
319427
319431
319432
319433
319434
319435
319437
319455
319456
319457
319458
319459
319463
319464
319465
319466
319467
319469
319477
319551
319637
319680
319681
319682
319683
319687
319688
319689
319690
319691
319693
319708
319710
319711
319712
319714
319715
319719
319720
319721
319722
319725
320020
320021
320022
320064
320066
320067
320072
320073
320074
320076
320077
320078
320096
320097
320098
320100
320102
320103
320104
320106
320107
320116
320117
320118
320188
320190
320191
320320
320321
320322
320324
320326
320327
320331
320348
320350
320351
320355
320361
320364
320365
320366
321552
321553
321554
321559
321560
321562
321563
321615
321637
321648
321649
321650
321652
321654
321655
321659
321712
321714
321715
321720
321721
321722
321725
321987
321993
321996
321997
321998
321999
322017
322020
322021
322022
322023
322027
322033
322036
322037
322038
322039
322043
322099
322105
322108
322109
322110
322193
322196
322198
322199
322203
322244
322245
322246
322259
322265
322268
322269
322270
322284
322286
322287
322885
322896
322898
322899
322904
322905
322906
322927
