65609
65628
65726
65825
65828
65830
65906
65911
65935
65953
65956
65957
65958
66295
66620
66621
66622
66688
66689
66690
66692
66694
66699
66707
66711
66712
66714
66735
67011
67015
67016
67017
67018
67033
67036
67037
67038
67049
67052
67053
67132
67134
67201
67204
67205
67206
67216
67217
67218
67222
67223
67227
67247
67285
68553
68572
68574
68579
68584
68585
69872
69873
69874
69876
69877
69878
69883
70140
70141
70142
70143
70144
70146
70147
70151
70152
70153
70154
70155
70163
70168
70169
70170
70172
70173
70185
70188
70189
70190
70220
70221
70222
70238
70239
70240
70242
70243
70246
70247
70248
70249
70250
70251
70323
70327
70328
70329
70330
70333
71427
71431
71432
71433
71434
71436
71437
71438
71449
71452
71453
71454
71455
71458
71459
71463
71464
71465
71466
71468
71469
71502
71503
71520
71521
71524
71525
71526
71531
71536
71537
71538
71540
71541
71542
71543
71547
71589
71600
71601
71602
71603
71604
71605
71606
71607
71608
71609
71610
71611
71929
71932
71933
71934
72208
72209
72212
72213
72214
72219
72256
72257
72258
72260
72261
72262
72263
72266
72267
72272
72273
72274
72275
72278
72279
72280
72281
72282
72283
72300
72301
72302
72303
72383
72469
72512
72513
72514
72516
72517
72518
72523
72528
72529
72530
72532
72533
72534
72535
72538
72539
72559
77583
77604
77605
77616
77617
77620
77621
77622
77627
77683
77687
77688
77689
77690
77708
77710
77711
77727
77728
77729
77730
77734
77735
77739
160716
160718
160719
160740
160741
160742
160752
160753
160754
160755
160756
160758
160759
160760
160761
160762
160763
160765
162116
162117
162118
162128
162129
162130
162131
162135
162136
162137
162138
162139
162140
162141
162142
162156
162158
162159
162821
162832
162833
162834
162835
162836
162838
162839
162840
162841
162842
162843
162845
162863
162892
162894
162895
162916
162917
162918
162928
162929
162930
162932
162934
162935
162936
162938
162939
162981
162992
162994
162995
162999
163000
163001
163002
163003
163004
163005
163006
163264
163266
163267
163271
163272
163273
163274
163276
163277
163278
163292
163294
163295
163296
163297
163298
163299
163302
163303
163304
163305
163306
163307
163309
163385
163388
163389
163390
163391
163472
163473
163476
163477
163478
163479
163483
163520
163521
163524
163525
163526
163527
163531
163536
163538
163539
163544
163545
163546
163548
163549
163550
163551
163555
163561
163564
163565
163566
163567
216079
216101
216112
216113
216114
216115
216119
216120
216121
216122
216123
216124
216125
216126
216197
216208
216209
216210
216211
216212
216214
216215
216216
216218
216219
216221
216260
216261
216262
216272
216274
216275
216280
216281
216282
216284
216285
216286
216300
216302
216303
216592
216593
216594
216596
216598
216599
216600
216602
216603
216652
216654
216655
216676
216677
216678
216688
216689
216690
216692
216694
216695
216696
216698
216699
216752
216754
216755
216760
216761
216762
216764
216765
216766
216900
216901
216902
216912
216914
216915
216920
216921
216922
216924
216925
216926
216927
216937
216940
216942
216943
222224
222225
222226
222228
222229
222230
222231
222232
222234
222235
222275
222281
222284
222285
222286
222287
222305
222308
222309
222310
222311
222315
222320
222321
222322
222324
222325
222326
222327
222328
222330
222331
222384
222386
222387
222392
222393
222394
222396
222397
222398
222399
222659
222665
222668
222669
222670
222671
222689
222692
222693
222694
222695
222699
222704
222705
222706
222708
222709
222710
222711
222712
222714
222715
222768
222770
222771
222776
222777
222778
222780
222781
222782
222783
222864
222865
222866
222868
222869
222870
222871
222872
222874
222875
222913
222916
222917
222918
222919
222923
222928
222930
222931
222936
222937
222938
222940
222941
222942
222943
222947
222953
222956
222957
222958
222959
225601
225604
225605
225606
225607
225611
225616
225618
225619
225624
225625
225626
225628
225629
225630
225631
225635
225641
225644
225645
225646
225647
226352
226354
226355
226360
226361
226362
226364
226365
226366
226367
226448
226449
226450
226452
226453
226454
226455
226456
226458
226459
226497
226500
226501
226502
226512
226514
226515
226520
226521
226522
226524
226525
226526
226540
226542
226543
226820
226821
226822
226832
226833
226834
226835
226839
226840
226841
226842
226843
226845
226860
226862
226863
226892
226894
226895
226916
226917
226918
226928
226929
226930
226931
226932
226934
226935
226936
226937
226938
226939
226941
226959
226981
226992
226993
226994
226995
226999
227000
227001
227002
227003
227005
227141
227152
227153
227154
227156
227158
227159
227160
227162
227163
227183
228291
228297
228300
228301
228302
228303
228321
228324
228325
228326
228327
228331
228336
228337
228338
228340
228341
228342
228343
228344
228346
228347
294919
294942
295032
295034
295077
295363
295369
295392
295394
295400
295402
295572
295574
295635
296716
296718
296737
296740
296742
296747
296756
296757
296831
296835
296840
296841
296842
296863
296866
296867
296872
296873
296874
297203
297209
297213
297552
297554
297559
297562
297744
297745
297751
297755
297804
297806
297825
297835
297916
297917
297918
302117
302128
302129
302130
302131
302135
302136
302137
302138
302139
302208
302209
302210
302212
302213
302214
302215
302219
302227
302232
302233
302234
302236
302237
302238
302252
302253
302254
302255
302289
302292
302293
302294
302579
302584
302585
302586
302588
302589
302590
302591
302595
302601
302604
302605
302606
302607
302624
302625
302626
302628
302629
302630
302631
302635
302641
302644
302645
302646
302651
302716
302718
302719
302720
302722
302723
302727
302728
302729
302730
302731
302733
302748
302750
302751
302752
302754
302755
302759
302760
302761
302762
302763
302765
304079
304100
304101
304112
304113
304114
304116
304118
304119
304122
304123
305429
305472
305473
305474
305476
305478
305479
305480
305482
305483
305491
305497
305500
305501
305502
305507
305513
305516
305517
305518
306197
306240
306241
306242
306247
306248
306250
306251
306268
306269
306270
306275
306281
306284
306285
306286
306367
306480
306482
306483
306487
306488
306490
306561
306564
306565
306566
306579
306584
306585
306586
306589
306604
306606
306607
306644
306645
306646
306895
306916
306917
306928
306929
306930
306932
306934
306935
306939
