65573
65736
65783
66129
66136
66138
66336
66338
66345
66357
66460
66463
66512
66515
66521
66524
66526
67908
67910
67911
67946
67949
67957
68625
68632
68635
68737
68744
68746
68749
68772
68774
68775
68795
68821
69141
69187
69196
69199
69221
69232
69234
69235
69241
69244
69246
69308
69311
69440
69442
69443
69449
69452
69454
69455
69477
69478
69489
69490
69496
69498
69501
75025
75026
75032
75034
75035
75037
75137
75143
75144
75146
75147
75169
75172
75175
75176
75178
75179
75188
75190
75191
75220
75222
75223
77892
77893
77894
77920
77922
77923
77929
77932
77933
77934
77935
77941
78340
78341
78342
78343
78368
78369
78370
78371
78376
78377
78378
78380
78381
78382
78389
78390
78480
78482
78483
78489
78492
78494
78495
78511
78533
78544
78546
78547
78553
78556
78558
78559
78563
78572
78575
78673
78680
78682
78683
78685
79957
80128
80130
80131
80137
80140
80141
80142
80143
80164
80165
80166
80176
80177
80178
80179
80184
80185
80186
80187
80188
80189
80190
80276
80277
80278
80279
80321
80327
80328
80330
80331
80333
80353
80356
80358
80359
80360
80362
80363
80369
80372
80374
80375
80376
80379
80636
80639
80981
81152
81154
81155
81161
81164
81166
81167
81189
81190
81200
81201
81202
81203
81208
81209
81210
81212
81213
81214
81215
81300
81301
81302
81303
81344
81345
81346
81348
81351
81352
81353
81354
81355
81357
81377
81378
81380
81382
81383
81384
81386
81387
81389
81393
81396
81397
81398
81399
81400
81403
81615
81648
81651
81657
81660
81662
81663
151892
151893
151894
152576
152578
152579
152584
152585
152586
152588
152589
152590
152608
152609
152610
152612
152614
152615
152616
152618
152619
152628
152629
152630
152704
152705
152706
152708
152709
152710
152711
152712
152714
152715
152723
152732
152734
152735
152736
152738
152739
152744
152745
152746
152748
152749
152750
152785
152788
152789
152790
152791
152795
153093
153104
153105
153106
153107
153112
153113
153114
153116
153117
153118
153132
153134
153135
153203
153209
153212
153213
153214
153215
153216
153218
153219
153225
153226
153228
153229
153230
153231
153249
153252
153253
153254
153255
153259
153265
153266
153268
153269
153270
153271
153272
153274
153275
153413
153424
153425
153426
153427
153432
153433
153434
153435
153436
153437
153438
153439
153452
153455
154620
154622
154623
230400
230401
230402
230404
230406
230407
230408
230410
230411
230428
230430
230431
230432
230434
230435
230440
230441
230442
230444
230445
230446
230515
230521
230524
230525
230526
230527
230528
230530
230531
230536
230537
230538
230540
230541
230542
230560
230561
230562
230564
230565
230566
230567
230568
230570
230571
230580
230581
230582
230587
230899
230905
230908
230909
230910
230911
230912
230914
230915
230920
230921
230922
230924
230925
230926
230927
230944
230945
230946
230948
230949
230950
230951
230952
230954
230955
230961
230964
230965
230966
230967
230971
231040
231041
231042
231044
231045
231046
231047
231048
231050
231051
231059
231065
231068
231069
231070
231071
231072
231074
231075
231080
231081
231082
231084
231085
231086
231087
231121
231124
231125
231126
231127
231131
234483
234489
234492
234493
234494
234495
235857
235860
235861
235862
235863
235867
236545
236548
236549
236550
236551
236555
236563
236569
236572
236573
236574
236575
236576
236579
236585
236586
236588
236589
236590
236591
236659
236665
236668
236669
236670
236671
236672
236674
236675
236680
236681
236682
236684
236685
236686
236687
236704
236705
236706
236708
236709
236710
236711
236712
236714
236715
236721
236724
236725
236726
236727
236731
237055
237056
237057
237058
237059
237063
237064
237065
237066
237067
237069
237087
237088
237089
237090
237091
237095
237096
237097
237098
237099
237101
237108
237109
237110
237184
237185
237186
237188
237190
237191
237192
237194
237195
237212
237214
237215
237216
237217
237218
237219
237224
237225
237226
237228
237229
237230
237237
237268
237269
237270
237396
237397
237398
240643
240649
240652
240653
240654
240655
240673
240676
240677
240678
240679
240683
240689
240692
240693
240694
240695
240699
240769
240772
240773
240774
240775
240779
240787
240793
240796
240797
240798
240799
240803
240809
240812
240813
240814
240815
240849
240852
240853
240854
240855
240859
241152
241153
241154
241156
241157
241158
241159
241160
241163
241171
241177
241180
241181
241182
241183
241187
241193
241194
241196
241197
241198
241199
241267
241273
241276
241277
241278
241279
241283
241289
241292
241293
241294
241295
241313
241316
241317
241318
241319
241323
241329
241332
241333
241334
241335
241339
241489
241492
241493
241494
241495
241499
311335
311429
311454
311828
311830
311887
311909
311928
311930
311987
312135
312163
312169
312173
313424
313426
313432
313434
313660
313662
313793
313799
313803
313824
313826
313834
313837
314060
314062
314063
314085
314097
314103
314104
314107
314629
314643
314649
314653
314654
314671
314751
314752
314754
314755
314761
314765
314766
314788
314790
314791
314804
314806
314807
319809
319812
319814
319815
319816
319818
319819
319839
319840
319842
319843
319848
319849
319850
319853
319854
319861
320716
320718
320719
320741
320752
320753
320754
320760
320762
320763
320765
321105
321111
321112
321114
321115
321284
321285
321286
321299
321305
321308
321310
321311
321324
321326
321327
321408
321410
321416
321417
321418
321421
321441
321447
321448
321451
321460
321461
321462
321493
322352
322354
322355
322361
322364
322365
322366
322452
322453
322454
322455
322497
322500
322502
322503
322507
322527
322528
322530
322531
322536
322537
322538
322540
322541
322542
322549
324628
324629
324630
324631
324684
324686
324687
324708
324709
324710
324720
324721
324722
324727
324728
324729
324730
324731
324733
324784
324786
324787
324793
324796
324797
324798
324799
325116
325118
325119
325120
325122
325123
325128
325129
325130
325132
325133
325134
325153
325156
325157
325158
325159
325160
325162
325163
325169
325172
325173
325174
325175
325179
325252
325253
325254
325264
325266
325267
325273
325274
325276
325277
325278
325279
325283
325292
325294
325295
325328
325329
325330
325335
325336
325337
325338
325339
325341
