65536
65538
65544
65546
65568
65570
65576
65578
65664
65666
65672
65674
65696
65698
65704
65706
66048
66050
66056
66058
66080
66082
66088
66090
66176
66178
66184
66186
66208
66210
66216
66218
67583
67584
67585
67586
67587
67591
67592
67593
67594
67595
67597
67615
67616
67617
67618
67619
67623
67624
67625
67626
67627
67629
67637
67711
67712
67713
67714
67715
67719
67720
67721
67722
67723
67725
67743
67744
67745
67746
67747
67751
67752
67753
67754
67755
67757
67765
67797
68096
68098
68104
68106
68127
68128
68130
68136
68138
68149
68223
68224
68225
68226
68227
68231
68232
68233
68234
68235
68237
68255
68256
68257
68258
68259
68263
68264
68265
68266
68267
68269
68277
68309
68949
73715
73721
73724
73725
73726
73727
73728
73729
73730
73731
73732
73733
73734
73735
73736
73737
73738
73739
73740
73741
73742
73743
73747
73753
73756
73757
73758
73759
73760
73761
73762
73763
73764
73765
73766
73767
73768
73769
73770
73771
73772
73773
73774
73775
73777
73780
73781
73782
73783
73787
73852
73854
73855
73856
73857
73858
73859
73860
73861
73862
73863
73864
73865
73866
73867
73868
73869
73870
73871
73875
73881
73884
73885
73886
73887
73888
73889
73890
73891
73892
73893
73894
73895
73896
73897
73898
73899
73900
73901
73902
73903
73905
73908
73909
73910
73911
73915
73940
73941
73942
74236
74238
74239
74240
74241
74242
74243
74244
74246
74247
74248
74249
74250
74251
74252
74253
74254
74268
74270
74271
74272
74273
74274
74275
74276
74278
74279
74280
74281
74282
74283
74284
74285
74286
74292
74293
74294
74364
74366
74367
74368
74369
74370
74371
74372
74374
74375
74376
74377
74378
74379
74380
74381
74382
74396
74398
74399
74400
74401
74402
74403
74404
74406
74407
74408
74409
74410
74411
74412
74413
74414
74420
74421
74422
74452
74453
74454
74580
74581
74582
75775
75776
75777
75778
75779
75783
75784
75785
75786
75787
75789
75807
75808
75809
75810
75811
75815
75816
75817
75818
75819
75821
75829
75900
75902
75903
75904
75905
75906
75907
75911
75912
75913
75914
75915
75917
75935
75936
75937
75938
75939
75943
75944
75945
75946
75947
75949
75957
75988
75989
75990
76284
76286
76287
76288
76289
76290
76291
76292
76294
76295
76296
76297
76298
76299
76300
76301
76302
76316
76318
76319
76320
76321
76322
76323
76324
76326
76327
76328
76329
76330
76331
76332
76333
76334
76340
76341
76342
76412
76414
76415
76416
76417
76418
76419
76420
76422
76423
76424
76425
76426
76427
76428
76429
76430
76444
76446
76447
76448
76449
76450
76451
76452
76454
76455
76456
76457
76458
76459
76460
76461
76462
76468
76469
76470
76500
76501
76502
76628
76629
76630
77141
79185
79188
79189
79190
79191
79195
147456
147457
147458
147459
147460
147461
147462
147463
147464
147465
147466
147467
147468
147469
147470
147471
147475
147481
147484
147485
147486
147487
147488
147489
147490
147491
147492
147493
147494
147495
147496
147497
147498
147499
147500
147501
147502
147503
147505
147508
147509
147510
147511
147515
147571
147577
147580
147581
147582
147583
147584
147585
147586
147587
147588
147589
147590
147591
147592
147593
147594
147595
147596
147597
147598
147599
147603
147609
147612
147613
147614
147615
147616
147617
147618
147619
147620
147621
147622
147623
147624
147625
147626
147627
147628
147629
147630
147631
147633
147636
147637
147638
147639
147643
147665
147668
147669
147670
147671
147675
147955
147961
147964
147965
147966
147967
147968
147969
147970
147971
147972
147973
147974
147975
147976
147977
147978
147979
147980
147981
147982
147983
147987
147993
147996
147997
147998
147999
148000
148001
148002
148003
148004
148005
148006
148007
148008
148009
148010
148011
148012
148013
148014
148015
148017
148020
148021
148022
148023
148027
148083
148089
148092
148093
148094
148095
148096
148097
148098
148099
148100
148101
148102
148103
148104
148105
148106
148107
148108
148109
148110
148111
148115
148121
148124
148125
148126
148127
148128
148129
148130
148131
148132
148133
148134
148135
148136
148137
148138
148139
148140
148141
148142
148143
148145
148148
148149
148150
148151
148155
148177
148180
148181
148182
148183
148187
148305
148308
148309
148310
148311
148315
149491
149497
149500
149501
149502
149503
149504
149505
149506
149507
149508
149509
149510
149511
149512
149513
149514
149515
149516
149517
149518
149519
149523
149529
149532
149533
149534
149535
149536
149537
149538
149539
149540
149541
149542
149543
149544
149545
149546
149547
149548
149549
149550
149551
149553
149556
149557
149558
149559
149563
149619
149625
149628
149629
149630
149631
149632
149633
149634
149635
149636
149637
149638
149639
149640
149641
149642
149643
149644
149645
149646
149647
149651
149657
149660
149661
149662
149663
149664
149665
149666
149667
149668
149669
149670
149671
149672
149673
149674
149675
149676
149677
149678
149679
149681
149684
149685
149686
149687
149691
149713
149716
149717
149718
149719
149723
150003
150009
150012
150013
150014
150015
150016
150017
150018
150019
150020
150021
150022
150023
150024
150025
150026
150027
150028
150029
150030
150031
150035
150041
150044
150045
150046
150047
150048
150049
150050
150051
150052
150053
150054
150055
150056
150057
150058
150059
150060
150061
150062
150063
150065
150068
150069
150070
150071
150075
150131
150137
150140
150141
150142
150143
150144
150145
150146
150147
150148
150149
150150
150151
150152
150153
150154
150155
150156
150157
150158
150159
150163
150169
150172
150173
150174
150175
150176
150177
150178
150179
150180
150181
150182
150183
150184
150185
150186
150187
150188
150189
150190
150191
150193
150196
150197
150198
150199
150203
150225
150228
150229
150230
150231
150235
150353
150356
150357
150358
150359
150363
150865
150868
150869
150870
150871
150875
155635
155641
155644
155645
155646
155647
155648
155649
155650
155651
155652
155653
155654
155655
155656
155657
155658
155659
155660
155661
155662
155663
155667
155673
155676
155677
155678
155679
155680
155681
155682
155683
155684
155685
155686
155687
155688
155689
155690
155691
155692
155693
155694
155695
155697
155700
155701
155702
155703
155707
155763
155769
155772
155773
155774
155775
155776
155777
155778
155779
155780
155781
155782
155783
155784
155785
155786
155787
155788
155789
155790
155791
155795
155801
155804
155805
155806
155807
155808
155809
155810
155811
155812
155813
155814
155815
155816
155817
155818
155819
155820
155821
155822
155823
155825
155828
155829
155830
155831
155835
155857
155860
155861
155862
155863
155867
156147
156153
156156
156157
156158
156159
156160
156161
156162
156163
156164
156165
156166
156167
156168
156169
156170
156171
156172
156173
156174
156175
156179
156185
156188
156189
156190
156191
156192
156193
156194
156195
156196
156197
156198
156199
156200
156201
156202
156203
156204
156205
156206
156207
156209
156212
156213
156214
156215
156219
156275
156281
156284
156285
156286
156287
156288
156289
156290
156291
156292
156293
156294
156295
156296
156297
156298
156299
156300
156301
156302
156303
156307
156313
156316
156317
156318
156319
156320
156321
156322
156323
156324
156325
156326
156327
156328
156329
156330
156331
156332
156333
156334
156335
156337
156340
156341
156342
156343
156347
156369
156372
156373
156374
156375
156379
156497
156500
156501
156502
156503
156507
157683
157689
157692
157693
157694
157695
157696
157697
157698
157699
157700
157701
157702
157703
157704
157705
157706
157707
157708
157709
157710
157711
157715
157721
157724
157725
157726
157727
157728
157729
157730
157731
157732
157733
157734
157735
157736
157737
157738
157739
157740
157741
157742
157743
157745
157748
157749
157750
157751
157755
157811
157817
157820
157821
157822
157823
157824
157825
157826
157827
157828
157829
157830
157831
157832
157833
157834
157835
157836
157837
157838
157839
157843
157849
157852
157853
157854
157855
157856
157857
157858
157859
157860
157861
157862
157863
157864
157865
157866
157867
157868
157869
157870
157871
157873
157876
157877
157878
157879
157883
157905
157908
157909
157910
157911
157915
158195
158201
158204
158205
158206
158207
158208
158209
158210
158211
158212
158213
158214
158215
158216
158217
158218
158219
158220
158221
158222
158223
158227
158233
158236
158237
158238
158239
158240
158241
158242
158243
158244
158245
158246
158247
158248
158249
158250
158251
158252
158253
158254
158255
158257
158260
158261
158262
158263
158267
158323
158329
158332
158333
158334
158335
158336
158337
158338
158339
158340
158341
158342
158343
158344
158345
158346
158347
158348
158349
158350
158351
158355
158361
158364
158365
158366
158367
158368
158369
158370
158371
158372
158373
158374
158375
158376
158377
158378
158379
158380
158381
158382
158383
158385
158388
158389
158390
158391
158395
158417
158420
158421
158422
158423
158427
158545
158548
158549
158550
158551
158555
159057
159060
159061
159062
159063
159067
161105
161108
161109
161110
161111
161115
229363
229368
229369
229372
229373
229374
229375
234833
234836
234837
234838
234839
234840
234843
295188
295189
295232
295233
295236
295237
295248
295249
295252
295253
295936
295937
295940
295941
295952
295953
295956
295957
295958
295963
296000
296001
296002
296004
296005
296006
296011
296016
296017
296018
296020
296021
296022
296027
296047
296127
296192
296193
296194
296196
296197
296198
296203
296208
296209
296210
296212
296213
296214
296219
296239
296256
296257
296258
296260
296261
296262
296267
296272
296273
296274
296276
296277
296278
296283
296303
296383
296703
299008
299009
299010
299012
299013
299014
299019
299024
299025
299026
299028
299029
299030
299035
299055
299072
299073
299074
299076
299077
299078
299083
299088
299089
299090
299092
299093
299094
299099
299119
299199
299264
299265
299266
299268
299269
299270
299275
299280
299281
299282
299284
299285
299286
299287
299290
299291
299311
299328
299329
299330
299331
299332
299333
299334
299335
299338
299339
299344
299345
299346
299347
299348
299349
299350
299351
299354
299355
299374
299375
299454
299455
299775
300032
300033
300034
300035
300036
300037
300038
300039
300042
300043
300048
300049
300050
300051
300052
300053
300054
300055
300058
300059
300078
300079
300096
300097
300098
300099
300100
300101
300102
300103
300104
300105
300106
300107
300112
300113
300114
300115
300116
300117
300118
300119
300120
300121
300122
300123
300140
300141
300142
300143
300220
300222
300223
300288
300289
300290
300291
300292
300293
300294
300295
300296
300297
300298
300299
300304
300305
300306
300307
300308
300309
300310
300311
300312
300313
300314
300315
300332
300333
300334
300335
300352
300353
300354
300355
300356
300357
300358
300359
300360
300361
300362
300363
300368
300369
300370
300371
300372
300373
300374
300375
300376
300377
300378
300379
300396
300397
300398
300399
300476
300477
300478
300479
300796
300797
300798
300799
302078
302079
307199
312124
312127
312256
312259
312268
312271
312304
312307
312316
312319
314368
314371
314380
314383
314416
314419
314425
314428
314430
314431
314517
314560
314562
314563
314569
314572
314574
314575
314597
314608
314610
314611
314617
314620
314622
314623
314965
315136
315138
315139
315145
315148
315150
315151
315173
315184
315186
315187
315193
315196
315198
315199
315285
315328
315330
315331
315337
315340
315342
315343
315365
315376
315378
315379
315385
315388
315390
315391
320853
323584
323586
323587
323593
323596
323598
323599
323621
323632
323634
323635
323641
323644
323646
323647
323733
323776
323778
323779
323785
323788
323790
323791
323813
323824
323826
323827
323833
323836
323838
323839
324181
324352
324354
324355
324361
324364
324366
324367
324389
324400
324402
324403
324409
324410
324412
324413
324414
324415
324501
324502
324544
324545
324546
324547
324553
324554
324556
324557
324558
324559
324581
324582
324592
324593
324594
324595
324601
324602
324604
324605
324606
324607
325973
325974
326656
326657
326658
326659
326665
326666
326668
326669
326670
326671
326693
326694
326704
326705
326706
326707
326713
326714
326716
326717
326718
326719
326804
326805
326806
326848
326849
326850
326851
326856
326857
326858
326859
326860
326861
326862
326863
326884
326885
326886
326887
326896
326897
326898
326899
326904
326905
326906
326907
326908
326909
326910
326911
327252
327253
327254
327255
327424
327425
327426
327427
327432
327433
327434
327435
327436
327437
327438
327439
327460
327461
327462
327463
327472
327473
327474
327475
327480
327481
327482
327483
327484
327485
327486
327487
327572
327573
327574
327575
327616
327617
327618
327619
327624
327625
327626
327627
327628
327629
327630
327631
327652
327653
327654
327655
327664
327665
327666
327667
327672
327673
327674
327675
327676
327677
327678
327679
