159
163
517
531
537
541
559
636
638
652
654
849
2068
2069
2070
2124
2126
2148
2150
2164
2166
2167
2236
2238
2239
2544
2546
2552
2554
2608
2610
2616
2618
2621
2705
2711
2715
2757
2771
2777
2781
2799
3393
3396
3399
3403
3423
3424
3427
3433
3437
8273
8276
8278
8279
8280
8282
8283
8460
8462
8463
8484
8485
8486
8496
8497
8498
8503
8504
8506
8507
8509
8581
8592
8593
8594
8595
8599
8600
8601
8602
8603
8605
8623
8645
8656
8658
8659
8664
8665
8666
8669
8687
8944
8946
8947
8952
8953
8954
8956
8957
8958
10047
10133
10176
10178
10184
10186
10189
10208
10209
10210
10215
10216
10218
10219
10229
10432
10434
10435
10440
10441
10442
10445
10465
10471
10472
10474
10475
10484
10485
10486
10817
10820
10822
10823
10827
10844
10846
10847
10851
10857
10860
10861
10862
11025
11028
11030
11031
11035
11084
11086
11087
11108
11109
11110
11120
11121
11122
11124
11126
11127
11128
11130
11131
11187
11193
11196
11197
11198
13572
13573
13574
13575
13587
13593
13596
13597
13598
13599
13603
13609
13612
13613
13614
13615
13683
13692
13694
13695
13696
13698
13699
13704
13705
13706
13708
13709
13710
13711
13729
13732
13733
13734
13735
13736
13739
13745
13748
13749
13750
13751
13755
82004
82005
82006
82176
82177
82178
82179
82183
82184
82185
82186
82187
82188
82189
82190
82207
82208
82209
82210
82211
82212
82214
82215
82216
82217
82218
82219
82221
82228
82229
82230
82303
82304
82305
82306
82307
82308
82310
82311
82312
82313
82314
82315
82317
82332
82334
82335
82336
82337
82338
82339
82343
82344
82345
82346
82347
82348
82349
82350
82357
82388
82389
82390
82684
82686
82687
83199
83541
83712
83713
83714
83715
83719
83720
83721
83722
83723
83725
83743
83744
83745
83746
83747
83751
83752
83753
83754
83755
83757
83765
83839
83840
83841
83842
83843
83847
83848
83849
83850
83851
83853
83871
83872
83873
83874
83875
83879
83880
83881
83882
83883
83885
83893
83925
84220
84223
84564
84565
84566
84736
84737
84738
84739
84740
84742
84743
84744
84745
84746
84747
84749
84764
84766
84767
84768
84769
84770
84771
84775
84776
84777
84778
84779
84780
84781
84782
84789
84860
84862
84863
84864
84865
84866
84867
84871
84872
84873
84874
84875
84876
84877
84878
84895
84896
84897
84898
84899
84900
84902
84903
84904
84905
84906
84907
84909
84916
84917
84918
84949
89343
89685
89856
89857
89858
89859
89863
89864
89865
89866
89867
89868
89869
89870
89887
89888
89889
89890
89891
89892
89894
89895
89896
89897
89898
89899
89901
89908
89909
89910
89984
89985
89986
89988
89990
89991
89992
89994
89995
90012
90014
90015
90016
90018
90019
90024
90025
90026
90028
90029
90030
90037
90068
90069
90070
90364
90366
90367
90709
90710
90880
90881
90882
90883
90887
90888
90889
90890
90891
90893
90911
90912
90913
90914
90915
90919
90920
90921
90922
90923
90925
90933
91007
91008
91009
91010
91011
91015
91016
91017
91018
91019
91021
91039
91040
91041
91042
91043
91047
91048
91049
91050
91051
91053
91061
91093
92245
92416
92417
92418
92419
92423
92424
92425
92426
92427
92429
92447
92448
92449
92450
92451
92455
92456
92457
92458
92459
92461
92469
92543
92544
92545
92546
92547
92551
92552
92553
92554
92555
92557
92575
92576
92577
92578
92579
92583
92584
92585
92586
92587
92589
92597
92629
92927
93269
93440
93441
93442
93443
93447
93448
93449
93450
93451
93453
93471
93472
93473
93474
93475
93479
93480
93481
93482
93483
93485
93493
93567
93568
93569
93570
93571
93575
93576
93577
93578
93579
93581
93599
93600
93601
93602
93603
93607
93608
93609
93610
93611
93613
93621
93653
93951
169045
169216
169217
169218
169219
169220
169222
169223
169224
169225
169226
169227
169229
169244
169247
169248
169249
169250
169251
169255
169256
169257
169258
169259
169261
169262
169269
169345
169346
169348
169350
169351
169352
169354
169355
169372
169375
169376
169377
169378
169379
169383
169384
169385
169386
169387
169388
169389
169390
169397
169425
169428
169429
169430
169431
169432
169435
169727
245808
245811
245909
245954
246529
246538
246541
246564
246566
246567
246584
246587
246679
246763
246772
246775
248145
248152
248154
248155
248836
248838
248839
248865
248874
248877
248886
248978
248989
249029
249056
249058
249059
249065
249068
249070
249077
249424
249426
249427
249433
249436
249438
249439
249605
249628
249631
249632
249635
249644
249647
249733
249759
249760
249763
249769
249772
249774
249775
249808
249810
249811
249817
249820
249822
249823
255301
255302
255328
255330
255331
255337
255340
255342
255343
255349
258065
258066
258073
258074
258077
258078
258180
258182
258183
258209
258216
258218
258219
258221
258228
258229
258230
258231
258257
258264
258266
258267
258269
258625
258628
258630
258631
258632
258635
258657
258660
258663
258664
258666
258667
258669
258676
258678
258679
258683
258833
258836
258838
258839
258840
258843
258945
258952
258954
258955
258957
258980
258982
258983
258987
258993
258996
258999
259000
259002
259003
259005
259028
259030
259031
260416
260417
260418
260419
260424
260425
260426
260427
260428
260429
260430
260431
260452
260453
260454
260455
260465
260466
260472
260473
260474
260475
260477
260478
261140
261141
261142
261143
261244
261247
261248
261250
261251
261257
261260
261261
261262
261263
261285
261286
261296
261297
261298
261299
261305
261306
261308
261309
261310
261311
261333
261653
261696
261698
261699
261705
261708
261710
261711
261733
261744
261746
261747
261753
261756
261758
261759
261760
261763
261769
261772
261774
261775
261797
261808
261810
261811
261817
261820
261822
261823
261909
261952
261954
261955
261961
261962
261964
261965
261966
261967
261988
261989
261990
262000
262001
262002
262003
262008
262009
262010
262011
262012
262013
262014
262015
262064
262067
262076
262079
