62
250
253
596
598
776
779
920
923
964
966
967
993
1000
1002
1005
1014
2397
3077
3104
3106
3107
3113
3118
3125
3216
3219
3225
3228
3230
3231
3283
3292
3295
3311
3653
3680
3682
3683
3689
3692
3694
3695
3856
3858
3859
3865
3870
3972
3974
3975
4001
4002
4008
4010
4013
4021
4022
4049
4056
4058
4059
4061
9540
9543
9544
9547
9569
9575
9576
9578
9579
9581
9588
9590
9591
12308
12310
12311
12312
12315
12417
12424
12426
12427
12429
12452
12454
12455
12465
12472
12474
12475
12477
12500
12501
12502
12503
12864
12866
12867
12873
12874
12876
12877
12878
12879
12901
12902
12912
12913
12914
12915
12920
12921
12922
12925
12926
13077
13135
13168
13171
13177
13180
13182
13183
13184
13186
13187
13193
13196
13198
13199
13221
13232
13234
13235
13241
13244
13246
13247
13269
14613
14614
14704
14707
14716
14719
14720
14722
14723
14729
14732
14734
14735
14757
14768
14770
14771
14777
14780
14781
14782
14783
14805
15424
15425
15426
15427
15432
15433
15434
15435
15436
15437
15438
15439
15460
15461
15462
15463
15472
15473
15474
15475
15480
15481
15482
15483
15485
15486
15889
15892
15894
15895
15896
15898
15899
15901
16001
16002
16004
16007
16008
16010
16011
16013
16033
16036
16038
16039
16040
16043
16049
16052
16054
16055
16056
16058
16059
16061
16084
16085
16086
16087
16193
16196
16197
16198
16199
16200
16203
16224
16225
16226
16227
16231
16232
16233
16234
16235
16237
16238
16244
16245
16246
16247
87120
87121
87122
87124
87126
87127
87128
87130
87131
87308
87310
87311
87332
87333
87334
87344
87345
87346
87347
87348
87350
87351
87352
87353
87354
87355
87357
87429
87440
87441
87442
87443
87444
87447
87448
87449
87450
87451
87453
87454
87471
87492
87493
87494
87504
87506
87507
87513
87514
87516
87517
87518
87519
87520
87523
87529
87532
87534
87535
87759
87781
87792
87793
87794
87795
87800
87801
87802
87804
87805
87806
164100
164101
164102
164112
164114
164115
164120
164121
164122
164124
164125
164126
164140
164142
164143
164208
164210
164211
164216
164217
164218
164220
164221
164222
164236
164238
164239
164260
164261
164262
164272
164273
164274
164276
164278
164279
164280
164282
164283
165104
165106
165107
165111
165112
165113
165114
165116
165117
165118
165445
165456
165457
165458
165459
165460
165462
165463
165464
165465
165466
165467
165487
165636
165637
165638
165648
165649
165650
165651
165655
165656
165657
165658
165659
165660
165661
165662
165676
165678
165679
165711
165733
165744
165745
165746
165747
165751
165752
165753
165754
165755
165756
165757
165758
165772
165774
165775
165796
165797
165798
165808
165809
165810
165811
165812
165814
165815
165816
165817
165818
165819
165821
166668
166670
166671
166692
166693
166694
166704
166705
166706
166708
166710
166711
166712
166714
166715
166788
166789
166790
166800
166802
166803
166808
166809
166810
166812
166813
166814
166828
166830
166831
166864
166865
166866
166868
166870
166871
166872
166874
166875
171215
171237
171248
171249
171250
171251
171255
171256
171257
171258
171259
171260
171261
171262
171600
171601
171602
171604
171606
171607
171608
171610
171611
171780
171781
171782
171792
171794
171795
171800
171801
171802
171804
171805
171806
171820
171822
171823
171888
171890
171891
171897
171900
171901
171902
171903
171907
171913
171916
171917
171918
171919
171937
171940
171941
171942
171943
171947
171952
171953
171954
171956
171958
171959
171960
171962
171963
172812
172814
172815
172836
172837
172838
172848
172849
172850
172851
172852
172854
172855
172856
172857
172858
172859
172861
172932
172933
172934
172944
172945
172946
172947
172951
172952
172953
172954
172955
172956
172957
172958
172972
172974
172975
172997
173008
173009
173010
173011
173012
173014
173015
173016
173017
173018
173019
173021
173039
174340
174341
174342
174352
174353
174354
174355
174359
174360
174361
174362
174363
174364
174365
174366
174380
174382
174383
174415
174437
174448
174449
174450
174451
174455
174456
174457
174458
174459
174460
174461
174462
174476
174478
174479
174500
174501
174502
174512
174513
174514
174515
174516
174518
174519
174520
174521
174522
174523
174525
175173
175184
175185
175186
175187
175188
175190
175191
175192
175193
175194
175195
175197
175215
175372
175374
175375
175396
175397
175398
175408
175409
175410
175411
175412
175414
175415
175416
175417
175418
175419
175421
175492
175493
175494
175504
175505
175506
175507
175511
175512
175513
175514
175515
175516
175517
175518
175532
175534
175535
175557
175568
175569
175570
175571
175572
175574
175575
175576
175577
175578
175579
175581
175599
175823
175845
175856
175857
175858
175859
175863
175864
175865
175866
175867
175868
175869
175870
245813
245972
245974
246288
246290
246437
246449
246455
246459
246608
246610
246616
246618
247872
247874
247875
247880
247881
247882
247885
247905
247911
247915
247925
248271
248293
248305
248315
248371
248377
248468
248470
248516
248518
248540
248542
248543
248547
248556
248558
249152
249154
249160
249162
249165
249185
249186
249191
249192
249194
249195
249205
254037
254208
254209
254210
254211
254215
254216
254217
254218
254219
254221
254240
254241
254242
254247
254248
254250
254251
254260
254261
254262
254337
254340
254342
254343
254347
254364
254366
254367
254368
254370
254371
254377
254380
254381
254382
254417
254420
254421
254422
254423
254427
254719
255795
255801
255804
255805
255806
255892
255894
255895
255937
255940
255942
255943
255947
255964
255967
255971
255977
255980
255981
255982
256204
256206
256207
256228
256229
256230
256241
256247
256248
256250
256251
256581
256592
256594
256595
256600
256601
256602
256605
256623
256773
256784
256786
256787
256792
256793
256794
256797
256815
256883
256889
256892
256893
256894
256895
256908
256910
256911
256932
256933
256934
256944
256945
256946
256951
256952
256954
256955
259157
259328
259329
259330
259331
259336
259337
259338
259339
259340
259341
259342
259360
259361
259362
259364
259366
259367
259368
259370
259371
259380
259381
259382
259457
259460
259461
259462
259463
259467
259475
259481
259484
259486
259487
259488
259490
259491
259497
259498
259500
259501
259502
259503
259537
259540
259541
259542
259543
259547
259839
