49213
49300
49377
49387
49398
49746
49925
49951
49967
50080
50082
50089
50129
50136
50138
51521
51528
51530
51533
51556
51559
51575
52339
52348
52350
52351
52367
52400
52402
52403
52409
52414
52753
52759
52760
52763
52864
52866
52873
52877
52900
52902
52913
52920
52922
52923
52949
53060
53062
53063
53089
53090
53096
53098
53101
53109
58628
58630
58631
58656
58657
58658
58659
58664
58665
58666
58669
58670
58677
58768
58771
58777
58780
58782
58783
58796
58799
58832
58834
58835
58841
58844
58846
58847
61521
61527
61528
61530
61531
61533
61903
61936
61938
61939
61945
61948
61950
61951
61955
61964
61966
61967
61989
62000
62002
62003
62009
62012
62013
62014
62015
62100
62101
62102
62144
62145
62146
62152
62153
62154
62155
62157
62180
62182
62183
62193
62196
62199
62200
62202
62203
63568
63569
63570
63571
63576
63577
63578
63580
63581
63582
63583
63599
64000
64001
64002
64003
64008
64009
64010
64012
64013
64014
64015
64036
64037
64038
64039
64049
64050
64055
64056
64058
64059
64061
64145
64148
64150
64151
64152
64154
64155
64193
64196
64198
64199
64200
64203
64224
64225
64226
64232
64233
64234
64235
64237
64244
64245
64246
64247
64341
64773
64784
64786
64787
64793
64796
64798
64799
64800
64803
64809
64812
64814
64815
64897
64900
64901
64902
64903
64904
64907
64928
64929
64930
64931
64936
64937
64938
64939
64940
64941
64942
64948
64949
64950
64977
64980
64982
64983
64984
64986
64987
135445
135446
135488
135489
135490
135491
135495
135496
135497
135498
135499
135501
135502
135519
135520
135521
135522
135523
135524
135527
135528
135529
135530
135531
135533
135541
135542
135612
135615
136255
136341
136384
136385
136386
136387
136391
136392
136393
136394
136395
136396
136397
136398
136415
136416
136417
136418
136419
136420
136422
136423
136424
136425
136426
136427
136429
136436
136437
136438
136769
136770
136772
136773
136774
136775
136776
136778
136779
136787
136796
136798
136799
136800
136802
136803
136808
136809
136810
136812
136813
136814
136815
136977
136980
136981
136982
136983
136987
137027
137033
137036
137038
137039
137060
137061
137062
137072
137073
137074
137075
137079
137080
137081
137082
137083
137084
137085
137086
137103
137136
137138
137139
137144
137145
137146
137148
137149
137150
137151
138044
138046
138047
138133
138134
138176
138177
138178
138179
138180
138183
138184
138185
138186
138187
138189
138204
138207
138208
138209
138210
138211
138215
138216
138217
138218
138219
138221
138222
138229
214037
214080
214081
214082
214083
214084
214086
214087
214088
214089
214090
214091
214093
214108
214110
214111
214112
214113
214114
214115
214119
214120
214121
214122
214123
214124
214125
214126
214133
214207
214332
214334
214335
214420
214421
214422
214464
214465
214466
214467
214468
214470
214471
214472
214473
214474
214475
214477
214492
214494
214495
214496
214497
214498
214499
214503
214504
214505
214506
214508
214509
214510
214591
214677
214720
214721
214722
214723
214727
214728
214729
214730
214731
214732
214733
214734
214751
214752
214753
214754
214755
214756
214758
214759
214760
214761
214762
214763
214765
214772
214773
214774
217907
217916
217917
217918
217919
218004
218005
218006
218011
218048
218049
218050
218052
218053
218054
218055
218056
218058
218059
218076
218078
218079
218080
218082
218083
218088
218089
218090
218092
218093
218094
219412
219413
219414
219456
219458
219459
219464
219465
219466
219468
219469
219470
219488
219489
219490
219492
219494
219495
219496
219498
219499
219508
219509
219510
219580
219582
219583
220224
220225
220226
220228
220230
220231
220232
220233
220234
220235
220237
220252
220254
220255
220256
220257
220258
220259
220263
220264
220265
220266
220267
220268
220269
220270
220277
220479
220565
220608
220610
220611
220616
220617
220618
220620
220621
220622
220641
220642
220644
220646
220647
220648
220650
220651
220657
220660
220661
220662
220663
220667
220732
220734
220735
220820
220821
220822
220864
220865
220866
220867
220871
220872
220873
220874
220875
220877
220895
220896
220897
220898
220899
220903
220904
220905
220906
220907
220909
220917
220918
224448
224450
224451
224456
224457
224458
224460
224461
224462
224480
224481
224482
224484
224486
224487
224488
224490
224491
224500
224501
224502
224832
224833
224834
224836
224838
224839
224840
224842
224843
224860
224862
224863
224864
224866
224867
224872
224873
224874
224876
224877
224878
225044
225045
225046
225088
225090
225091
225096
225097
225098
225100
225101
225102
225120
225121
225122
225124
225126
225127
225128
225130
225131
225140
225141
225142
225212
225214
225215
294964
295059
295122
295445
295500
295502
295547
295615
295752
295754
295777
295787
295797
297044
297046
297231
297253
297266
297272
297274
297361
297371
297413
297436
297439
297452
297454
297715
297721
297724
297726
298241
298247
298251
298272
298274
298280
298282
298285
298293
298372
298374
298375
298399
298400
298403
298409
298412
298413
298414
298449
298452
298454
298455
298459
303441
303444
303446
303447
303448
303451
304143
304176
304178
304179
304185
304186
304188
304189
304190
304276
304278
304279
304283
304321
304324
304326
304327
304331
304351
304352
304354
304355
304360
304361
304362
304365
304366
304373
304708
304710
304711
304715
304735
304736
304738
304739
304745
304746
304749
304750
304916
304918
304919
304923
304975
305008
305010
305011
305017
305018
305021
305072
305074
305075
305081
305085
305086
306127
306149
306160
306162
306163
306168
306169
306170
306173
306174
308228
308229
308230
308231
308235
308252
308254
308255
308256
308258
308259
308265
308266
308268
308269
308270
308353
308356
308358
308359
308360
308362
308363
308383
308384
308385
308386
308387
308392
308393
308394
308395
308397
308405
308436
308437
308438
308439
308752
308753
308754
308756
308759
308760
308762
308763
308765
308848
308850
308851
308857
308860
308861
308862
308863
308867
308876
308878
308879
308900
308901
308902
308912
308913
308914
308915
308919
308920
308921
308922
308923
308925
309060
309061
309062
309072
309074
309075
309081
309084
309085
309086
309087
309091
309097
309100
309102
309103
