16403
16462
16480
16482
16698
16767
16770
16775
16797
16812
16813
17103
17124
17126
17609
17613
17631
17635
17639
17640
17641
17642
17916
17917
17918
17923
17928
17929
17930
17933
17948
17950
17955
17960
17961
17962
18021
18032
18033
18036
18038
18043
18096
18097
18098
18100
18102
18107
19260
19261
19262
19333
19344
19346
19351
19375
19412
19413
21262
21263
21280
21281
21282
21284
21285
21286
21291
21300
21301
21362
21363
21367
21368
21369
21370
21373
21388
21389
21390
21391
21407
21408
21409
21410
21412
21413
21414
21415
21419
21429
22501
22512
22513
22514
22515
22516
22518
22519
22520
22521
22522
22523
22542
22543
22561
22564
22565
22566
22571
22576
22577
22578
22580
22581
22582
22583
22587
22643
22649
22652
22653
22654
22655
22659
22664
22665
22666
22668
22669
22670
22684
22685
22686
22687
22688
22690
22691
22695
22696
22697
22698
22699
22701
22976
22977
22978
22979
22980
22982
22983
22984
22985
22986
22987
22995
23000
23001
23002
23004
23005
23006
23017
23020
23021
23022
23103
23184
23185
23188
23189
23190
23195
23232
23233
23236
23237
23238
23243
23248
23249
23250
23251
23252
23254
23255
23256
23257
23258
23259
23279
27888
27890
27891
27895
27896
27897
27898
28177
28180
28181
28182
28187
28224
28226
28227
28231
28232
28234
28235
28243
28249
28252
28253
28254
28265
28268
28269
28270
28351
28484
28485
28496
28497
28498
28502
28503
28507
28527
110784
110786
110787
110792
110793
110794
110796
110797
110798
110799
110816
110817
110818
110820
110822
110823
110824
110826
110827
110833
110836
110837
110838
110839
110843
111168
111169
111170
111172
111173
111174
111175
111176
111178
111179
111187
111193
111196
111197
111198
111199
111200
111202
111203
111208
111209
111210
111212
111213
111214
111215
111377
111380
111381
111382
111383
111387
111424
111426
111427
111432
111433
111434
111436
111437
111438
111439
111456
111457
111458
111460
111461
111462
111463
111464
111466
111467
111473
111476
111477
111478
111479
111483
111539
111545
111548
111549
111550
111551
112657
112660
112661
112662
112704
112705
112706
112707
112711
112712
112713
112714
112715
112716
112717
112732
112734
112735
112736
112737
112738
112739
112743
112744
112745
112746
112747
112748
112749
112757
112828
112830
112831
112953
112956
112958
112959
113041
113044
113045
113046
113047
113051
113088
113089
113090
113092
113093
113094
113095
113096
113098
113099
113107
113113
113116
113117
113118
113119
113120
113122
113123
113128
113129
113130
113132
113133
113134
113135
113344
113346
113347
113352
113353
113354
113356
113357
113358
113375
113376
113377
113378
113379
113380
113382
113383
113384
113386
113387
113396
113397
113398
113941
113984
113985
113986
113988
113989
113990
113991
113992
113994
113995
114003
114008
114009
114010
114012
114013
114014
114019
114025
114028
114029
114030
114031
167737
167740
167742
167743
167828
167829
167830
167872
167873
167874
167876
167878
167879
167880
167882
167883
167900
167902
167903
167904
167906
167907
167912
167913
167914
167916
167917
167918
173332
173333
173334
173376
173378
173379
173384
173385
173386
173387
173388
173389
173390
173408
173409
173410
173412
173414
173415
173416
173418
173419
173421
173428
173429
173430
173500
173502
173503
176149
176192
176193
176194
176195
176196
176198
176199
176200
176201
176202
176203
176205
176220
176222
176223
176224
176225
176226
176227
176231
176232
176233
176234
176235
176236
176237
176238
176245
176319
176444
176446
176447
176532
176533
176534
176576
176577
176578
176579
176580
176582
176583
176584
176585
176586
176587
176589
176604
176606
176607
176608
176609
176610
176611
176615
176616
176617
176618
176619
176620
176621
176622
176629
176703
176789
176832
176833
176834
176835
176839
176840
176841
176842
176843
176844
176845
176846
176863
176864
176865
176866
176867
176868
176870
176871
176872
176873
176874
176875
176877
176884
176885
176886
177971
177976
177977
177978
177980
177981
177982
177983
178053
178064
178065
178066
178068
178069
178070
178071
178072
178074
178075
178095
178116
178117
178118
178128
178129
178130
178131
178135
178136
178137
178138
178139
178141
178156
178158
178159
178371
178377
178380
178381
178382
178383
178400
178401
178402
178404
178405
178406
178407
178410
178411
178417
178420
178421
178422
178423
178427
178709
178752
178753
178754
178756
178758
178759
178760
178762
178763
178777
178780
178781
178782
178783
178784
178786
178787
178792
178793
178794
178796
178797
178798
178964
178965
178966
179008
179009
179010
179011
179015
179016
179017
179018
179019
179020
179021
179022
179039
179040
179041
179042
179043
179044
179046
179047
179048
179049
179050
179051
179053
179060
179061
179062
179132
179134
179135
245789
245804
245861
245876
245878
246164
246166
246213
246231
246232
246234
246255
246467
246472
246499
246505
247033
247036
247037
247365
247376
247378
247383
247384
247386
247407
247569
247572
247573
247574
247579
247619
247624
247625
247626
247646
247647
247651
247656
247657
247658
247742
247743
248588
248590
248608
248609
248610
248615
248619
248697
248701
248716
248718
248736
248737
248747
250828
250830
250831
250848
250849
250850
250852
250853
250854
250859
250868
250869
250870
252164
252165
252166
252176
252177
252178
252179
252180
252182
252183
252184
252186
252187
252207
252227
252232
252233
252236
252237
252238
252255
252256
252257
252258
252259
252262
252263
252264
252265
252266
252267
252339
252345
252348
252349
252350
252997
253008
253009
253010
253012
253013
253014
253015
253019
253186
253187
253191
253192
253193
253194
253196
253197
253198
253212
253214
253215
253216
253217
253218
253219
253223
253224
253225
253226
253227
253229
253296
253298
253299
253303
253304
253305
253306
253308
253309
253310
253324
253325
253326
253327
253344
253345
253346
253348
253349
253350
253351
253355
253361
253364
253365
253366
253371
253692
253693
253694
253695
257072
257074
257075
257079
257080
257081
257082
257085
257152
257153
257154
257156
257157
257158
257159
257163
257171
257176
257177
257178
257181
257196
257198
257199
257236
257237
257487
257508
257509
257521
257524
257525
257526
257531
257584
257586
257591
257592
257594
257595
257663
257664
257665
257666
257670
257671
257672
257674
257675
257683
257689
257692
257693
257694
257708
257709
257710
