32803
32809
32908
32910
33265
33271
33275
33336
33338
33413
33432
33434
33489
33499
34623
34708
34709
34710
34753
34756
34758
34763
34771
34777
34780
34781
34782
34796
34798
35011
35017
35021
35040
35042
35047
35048
35050
35348
35349
35350
35395
35401
35405
35424
35426
35431
35434
35435
35519
35652
35654
35677
35692
35694
40176
40178
40179
40184
40185
40186
40188
40189
40190
40517
40528
40529
40530
40531
40532
40534
40535
40536
40538
40539
40559
40709
40720
40721
40722
40723
40727
40728
40729
40730
40731
40733
40751
40780
40782
40783
40804
40805
40806
40816
40817
40818
40820
40821
40822
40823
40824
40826
40827
40880
40882
40883
40887
40888
40889
40890
40892
40893
40894
41740
41742
41743
41761
41764
41765
41766
41767
41771
41777
41780
41781
41782
41783
41787
41856
41857
41858
41860
41862
41863
41864
41866
41867
41884
41885
41886
41887
41891
41896
41897
41898
41900
41901
41902
41941
43088
43089
43090
43092
43094
43095
43099
43276
43277
43278
43297
43300
43302
43303
43307
43316
43317
43318
43391
43392
43393
43394
43395
43399
43400
43401
43402
43403
43420
43422
43423
43424
43426
43427
43432
43433
43434
43437
43763
43769
43772
43773
43774
44293
44304
44306
44307
44312
44313
44314
44335
44367
44389
44400
44401
44406
44407
44411
44464
44466
44467
44472
44473
44474
115507
115513
115516
115517
115518
115519
115601
115604
115605
115606
115607
115611
115648
115649
115650
115652
115653
115654
115655
115656
115658
115659
115667
115673
115676
115677
115678
115679
115680
115682
115683
115688
115689
115690
115692
115693
115694
115695
117009
117012
117013
117014
117015
117019
117056
117058
117059
117064
117065
117066
117068
117069
117070
117071
117088
117089
117090
117092
117093
117094
117095
117096
117098
117099
117105
117108
117109
117110
117111
117115
117171
117177
117180
117181
117182
117183
117824
117825
117826
117828
117829
117830
117831
117832
117834
117835
117843
117849
117852
117854
117855
117856
117858
117859
117864
117865
117866
117868
117869
117870
117871
118076
118078
118079
118164
118165
118166
118208
118209
118210
118212
118214
118215
118216
118218
118219
118236
118238
118239
118240
118242
118243
118248
118249
118250
118252
118253
118254
118464
118466
118467
118472
118473
118474
118476
118477
118478
118496
118497
118498
118500
118502
118503
118504
118506
118507
118516
118517
118518
118519
123156
123157
123158
123200
123202
123203
123208
123209
123210
123212
123213
123214
123232
123233
123234
123236
123238
123239
123240
123242
123243
123252
123253
123254
123324
123326
123327
123967
124053
124096
124097
124098
124099
124103
124104
124105
124106
124107
124108
124109
124110
124128
124129
124130
124131
124132
124134
124135
124136
124137
124138
124139
124141
124148
124149
124150
124480
124481
124482
124484
124486
124487
124488
124490
124491
124493
124508
124510
124511
124512
124514
124515
124520
124521
124522
124523
124524
124525
124526
124533
124692
124693
124694
124736
124738
124739
124744
124745
124746
124748
124749
124750
124768
124769
124770
124772
124774
124775
124776
124778
124779
124788
124789
124790
124860
124862
124863
125756
125758
125759
125844
125845
125846
125888
125889
125890
125891
125892
125894
125895
125896
125897
125898
125899
125901
125916
125918
125919
125920
125922
125923
125928
125929
125930
125931
125932
125933
125934
125941
128064
128065
128066
128068
128070
128071
128072
128074
128075
128092
128094
128095
128096
128098
128099
128104
128105
128106
128108
128109
128110
128307
128313
128316
128317
128318
128319
128401
128404
128405
128406
128407
128411
128449
128452
128453
128454
128455
128459
128467
128472
128473
128474
128476
128477
128478
128479
128483
128489
128492
128493
128494
128495
128706
128707
128712
128713
128714
128716
128717
128718
128719
128736
128737
128738
128740
128741
128742
128743
128744
128746
128747
128753
128756
128757
128758
128759
128763
195776
195778
195779
195784
195785
195786
195788
195789
195790
195791
195808
195809
195810
195812
195813
195814
195815
195816
195818
195819
195825
195828
195829
195830
195831
195835
196117
196160
196161
196162
196163
196164
196166
196167
196168
196170
196171
196185
196188
196189
196190
196191
196192
196194
196195
196200
196201
196202
196204
196205
196206
196287
196372
196373
196374
196416
196417
196418
196419
196422
196423
196424
196425
196426
196427
196429
196435
196441
196444
196445
196446
196447
196450
196451
196455
196456
196457
196458
196460
196461
196462
196542
196543
262149
262171
262227
262232
262254
262428
262429
262441
262495
262498
262579
262583
262586
262909
263204
263205
263221
263280
263282
263286
263291
263311
263328
263329
263332
263333
263334
263339
263475
263479
263480
263481
263482
263548
263549
263550
263555
263559
263560
263561
263562
263580
263581
263593
263596
263597
263884
263885
263886
263902
263903
263907
263911
263912
263914
265200
265201
265202
265204
265206
265211
266303
266368
266369
266370
266372
266373
266374
266379
266384
266385
266386
266388
266389
266390
266395
266415
266449
266452
266453
266688
266689
266690
266691
266692
266694
266695
266696
266697
266698
266699
266706
266707
266711
266712
266713
266714
266732
266733
266734
266735
266814
266815
266879
266880
266881
266882
266884
266885
266886
266891
266896
266897
266898
266900
266901
266902
266903
266907
266927
266964
266965
267468
267469
267470
267484
267485
267486
267487
267488
267490
267491
267494
267495
267496
267497
267498
267499
267748
267749
267760
267761
267762
267763
267764
267765
267766
267767
267768
267769
267770
267771
267790
267791
267807
267808
267809
267810
267812
267813
267814
267819
267824
267825
267826
267828
267829
267830
267835
267888
267889
267890
267891
267892
267893
267894
267895
267896
267897
267898
267899
267918
267919
267935
267936
267937
267938
267940
267941
267942
267943
267946
267947
267953
267956
267957
269107
269111
269112
269113
269114
269116
269117
269177
269180
269181
269182
269187
269191
269192
269193
269194
269196
269197
269203
269208
269209
269210
269212
269213
269214
269219
269224
269225
269226
269228
269229
269230
274368
274369
274370
274371
274374
274375
274378
274379
274387
274391
274392
274393
274394
274412
274414
274415
