65691
65763
65769
66147
66153
66321
66328
66331
66432
66435
66441
66470
66481
66491
67857
67867
67971
67977
67980
67982
68017
68024
68026
68027
68676
68678
68704
68706
68707
68713
69120
69122
69123
69129
69133
69156
69158
69159
69169
69175
69179
69265
69272
69274
69275
69277
69317
69343
69347
69353
69356
69358
69461
74821
74835
74841
74844
74846
74847
74851
74860
74862
74863
75260
75263
75267
75273
75276
75278
75279
75301
75312
75313
75314
75320
75322
75323
75325
75409
75412
75414
75415
75419
75460
75462
75463
75467
75488
75489
75490
75496
75497
75498
75501
75509
78096
78097
78098
78099
78104
78105
78106
78109
78110
78209
78210
78216
78218
78219
78221
78241
78244
78246
78247
78248
78250
78251
78260
78262
78263
78292
78293
78294
79872
79873
79874
79876
79879
79880
79881
79882
79883
79885
79904
79905
79906
79908
79910
79911
79912
79914
79915
79917
79924
79925
79926
79927
80005
80016
80018
80019
80025
80026
80028
80029
80030
80031
80035
80044
80046
80047
80069
80080
80082
80083
80088
80089
80090
80092
80093
80094
80095
80111
80449
80450
80455
80456
80458
80459
80461
80481
80484
80486
80487
80488
80490
80491
80493
80500
80501
80502
80503
80660
80661
80662
80663
80719
80741
80752
80754
80755
80761
80764
80765
80766
80767
80780
80783
80805
80816
80818
80819
80825
80826
80828
80829
80830
80831
81236
81237
81238
81239
151568
151569
151570
151572
151573
151574
151575
151576
151578
151579
151619
151625
151628
151629
151630
151631
151649
151652
151653
151654
151655
151659
151664
151665
151666
151668
151669
151670
151671
151672
151675
151728
151730
151731
151736
151737
151738
151740
151741
151742
151743
152003
152009
152012
152013
152014
152015
152033
152036
152037
152038
152039
152043
152049
152052
152053
152054
152055
152059
152115
152121
152124
152125
152126
152127
152209
152212
152213
152214
152215
152219
152257
152260
152261
152262
152263
152267
152272
152275
152281
152282
152284
152285
152286
152287
152291
152297
152300
152301
152302
152303
153584
153586
153587
153593
153596
153597
153598
153599
153600
153603
153609
153612
153613
153614
153615
153636
153637
153638
153648
153649
153650
153652
153654
153655
153656
153657
153658
153659
153661
153733
153744
153745
153746
153747
153751
153752
153753
153754
153755
153757
153758
153775
153797
153798
153808
153809
153810
153811
153816
153817
153818
153820
153821
153822
153836
153838
153839
154129
154130
154132
154133
154134
154135
154136
154138
154139
154179
154185
154188
154189
154190
154191
154212
154213
154214
154215
154219
154224
154225
154226
154228
154230
154231
154232
154234
154235
154288
154290
154291
154296
154297
154298
154300
154301
154302
154303
154433
154436
154437
154438
154439
154443
154448
154451
154457
154460
154461
154462
154463
154467
154473
154476
154477
154478
154479
230721
230724
230725
230726
230727
230731
230736
230738
230739
230744
230745
230746
230748
230749
230750
230751
230755
230761
230764
230765
230766
230767
233520
233522
233523
233528
233529
233530
233532
233533
233534
233616
233617
233618
233620
233622
233623
233624
233626
233627
233668
233669
233670
233680
233682
233683
233688
233689
233690
233692
233693
233694
233708
233710
233711
234000
234001
234002
234004
234006
234007
234008
234010
234011
234060
234062
234063
234084
234085
234086
234096
234097
234098
234100
234102
234103
234104
234106
234107
234160
234162
234163
234168
234169
234170
234172
234173
234174
234308
234309
234310
234320
234322
234323
234328
234329
234330
234332
234333
234334
234348
234350
234351
235540
235541
235542
235584
235586
235587
235592
235593
235594
235596
235597
235598
235599
235617
235620
235621
235622
235623
235624
235627
235633
235636
235637
235638
235639
235643
235699
235705
235708
235710
235711
235980
235982
235983
236004
236005
236006
236016
236017
236018
236020
236022
236023
236024
236026
236027
236080
236082
236083
236088
236089
236090
236092
236093
236094
236176
236177
236178
236180
236181
236182
236183
236184
236186
236187
236225
236228
236229
236230
236231
236235
236240
236242
236243
236249
236250
236252
236253
236254
236255
236259
236265
236268
236269
236270
236271
236864
236865
236866
236867
236868
236871
236872
236873
236874
236875
236877
236896
236897
236898
236899
236903
236904
236905
236906
236907
236909
236916
236917
236918
241603
241612
241613
241614
241615
241633
241636
241637
241638
241643
241648
241649
241650
241652
241653
241654
241655
241656
241658
241659
311334
311450
311493
311883
311912
311914
311925
312086
312176
312178
312185
312243
312249
313605
313628
313631
313644
313646
313647
313735
313762
313768
313770
313773
313781
313812
313814
314449
314456
314458
314816
314818
314819
314825
314829
314830
314852
314854
314855
314865
314868
314871
314875
315072
315074
315075
315081
315084
315086
315108
315110
315121
315127
315131
320532
320533
320534
320588
320591
320613
320624
320626
320627
320633
320634
320637
320638
320688
320690
320691
320697
320700
320701
320702
320703
321029
321043
321052
321054
321055
321059
321068
321070
321071
321153
321156
321158
321159
321163
321184
321185
321186
321192
321194
321195
321197
321205
321236
321238
321239
321360
321361
321362
321368
321370
321371
321373
323905
323911
323912
323914
323915
323917
323937
323943
323944
323946
323947
323949
323956
323957
323958
323959
325376
325379
325385
325388
325390
325391
325412
325413
325414
325424
325425
325426
325427
325431
325432
325433
325434
325435
325437
325520
325521
325522
325524
325526
325527
325528
325530
325531
325533
325572
325573
325574
325575
325587
325593
325596
325598
325599
325600
325602
325603
325609
325612
325613
325614
325615
325872
325875
325881
325884
325886
325887
326228
326229
326230
326400
326401
326402
326403
326408
326409
326410
326411
326413
326433
326436
326438
326439
326440
326442
326443
326452
326453
326454
326455
326459
326544
326546
326547
326552
326553
326554
326556
326557
326558
326575
326597
326608
326610
326611
326617
326620
326621
326622
326623
326636
326639
