16400
16401
16450
16575
16643
16647
16650
16664
16665
16684
16685
16686
16732
16733
16745
16829
17420
17421
17422
17438
17443
17447
17450
17487
17503
17504
17505
17506
17508
17510
17515
17586
17591
17679
17696
17697
17700
17701
17716
17717
17776
17777
17778
17780
17781
17782
17787
17807
17824
17825
17828
17829
17830
17835
17845
18160
18161
18162
18164
18165
18166
18171
19443
19448
19449
19450
20530
20531
20534
20535
20538
20539
20595
20599
20600
20601
20602
20620
20621
20622
20636
20637
20638
20639
20643
20647
20648
20649
20650
20787
20792
20793
20796
20797
20798
20860
20861
20862
20867
20871
20872
20873
20874
20883
20887
20888
20889
20890
20892
20893
20905
20908
20909
20910
21187
21192
21193
21196
21197
21198
21209
21212
21213
21214
21219
21223
21224
21225
21226
21228
21229
21564
21565
21566
21567
21631
21632
21633
21634
21636
21637
21638
21639
21643
21648
21649
21650
21651
21652
21653
21654
21655
21658
21659
21678
21679
21716
21717
21823
21904
21905
21908
21909
21952
21953
21954
21956
21957
21958
21959
21962
21963
21968
21969
21970
21971
21972
21973
21974
21975
21976
21977
21978
21979
21996
21998
21999
22079
22144
22145
22148
22149
22150
22155
22160
22161
22162
22164
22165
22166
22171
22191
22208
22209
22210
22212
22213
22214
22219
22224
22225
22226
22228
22229
22230
22235
22255
23488
23489
23490
23491
23492
23493
23494
23495
23496
23497
23498
23499
23506
23507
23510
23511
23512
23513
23514
23515
23532
23533
23534
23535
28622
28623
28639
28640
28641
28642
28644
28645
28646
28651
113919
114261
114432
114433
114434
114435
114439
114440
114441
114442
114443
114444
114445
114446
114463
114464
114465
114466
114467
114470
114471
114472
114473
114474
114475
114477
114484
114485
114547
114552
114553
114556
114557
114558
114559
114562
114563
114568
114569
114570
114572
114573
114574
114591
114592
114593
114594
114595
114596
114598
114599
114600
114601
114602
114603
114605
114612
114613
164092
164094
164095
164436
164437
164438
164608
164609
164610
164611
164612
164614
164615
164616
164617
164618
164619
164621
164636
164638
164639
164640
164641
164642
164643
164647
164648
164649
164650
164651
164652
164653
164654
164661
164732
164734
164735
164736
164737
164738
164739
164743
164744
164745
164746
164747
164748
164749
164750
164767
164768
164769
164770
164771
164772
164774
164775
164776
164777
164778
164779
164781
164788
164789
164790
164821
165972
165973
166144
166145
166146
166147
166151
166152
166153
166154
166155
166156
166157
166158
166175
166176
166177
166178
166179
166180
166182
166183
166184
166185
166186
166187
166189
166196
166197
166198
166271
166272
166273
166274
166275
166276
166278
166279
166280
166281
166282
166283
166285
166300
166302
166303
166304
166305
166306
166307
166311
166312
166313
166314
166315
166316
166317
166318
166325
166356
166357
166358
166652
166654
166655
166997
167168
167169
167170
167171
167175
167176
167177
167178
167179
167181
167199
167200
167201
167202
167203
167207
167208
167209
167210
167211
167213
167221
167295
167296
167297
167298
167299
167303
167304
167305
167306
167307
167309
167327
167328
167329
167330
167331
167335
167336
167337
167338
167339
167341
167349
167381
167679
172116
172117
172118
172288
172289
172290
172291
172295
172296
172297
172298
172299
172301
172319
172320
172321
172322
172323
172327
172328
172329
172330
172331
172333
172341
172415
172416
172417
172418
172419
172423
172424
172425
172426
172427
172429
172447
172448
172449
172450
172451
172455
172456
172457
172458
172459
172461
172469
172501
172798
172799
173311
173653
173824
173825
173826
173827
173831
173832
173833
173834
173835
173837
173855
173856
173857
173858
173859
173863
173864
173865
173866
173867
173869
173877
173951
173952
173953
173954
173955
173959
173960
173961
173962
173963
173965
173983
173984
173985
173986
173987
173991
173992
173993
173994
173995
173997
174005
174037
174335
174677
174848
174849
174850
174851
174855
174856
174857
174858
174859
174861
174879
174880
174881
174882
174883
174887
174888
174889
174890
174891
174893
174901
174975
174976
174977
174978
174979
174983
174984
174985
174986
174987
174989
175007
175008
175009
175010
175011
175015
175016
175017
175018
175019
175021
175029
175061
177237
177408
177409
177410
177411
177412
177414
177415
177416
177417
177418
177419
177421
177436
177438
177439
177440
177441
177442
177443
177447
177448
177449
177450
177451
177452
177453
177454
177461
177532
177534
177535
177536
177538
177539
177544
177545
177546
177548
177549
177550
177567
177568
177569
177570
177572
177574
177575
177576
177578
177579
177588
177589
177590
177919
245921
245941
246259
246287
246309
246321
246327
246331
246404
246406
246484
246486
247747
247753
247756
247757
247776
247777
247783
247787
247797
247868
247870
247871
247956
247957
247958
248004
248006
248028
248029
248030
248044
248046
248336
248338
248343
248344
248346
248399
248421
248433
248439
248443
248499
248505
248509
248656
248658
248664
248666
253708
253709
253710
253711
253729
253732
253733
253734
253735
253739
253745
253748
253749
253750
253751
253755
253824
253825
253826
253828
253829
253830
253831
253832
253834
253835
253843
253849
253852
253853
253854
253855
253859
253864
253865
253868
253869
253870
253871
253905
253908
253909
253910
254195
254200
254201
254202
254204
254205
254206
254544
254545
254546
254548
254550
254551
254552
254554
254555
254724
254725
254726
254736
254738
254739
254743
254744
254745
254746
254749
254764
254766
254767
254799
254821
254832
254833
254834
254839
254840
254842
254843
254863
254885
254896
254897
254898
254899
254903
254904
254905
254906
254907
254909
256064
256065
256066
256071
256072
256074
256075
256092
256094
256095
256099
256104
256105
256106
256109
256307
256313
256316
256317
256318
256401
256404
256406
256407
256411
256452
256453
256454
256464
256466
256467
256472
256473
256474
256476
256477
256478
256492
256494
256495
256707
256713
256716
256717
256718
256737
256740
256742
256743
256747
256756
256757
256758
257301
257344
257346
257351
257352
257354
257375
257376
257378
257379
257384
257385
257386
257389
257471
