32815
32840
32861
33055
33056
33058
33067
33136
33137
33140
33142
33147
33204
33205
33523
33528
33530
33843
33848
33849
33919
33923
33927
33928
33930
33945
33964
33965
33966
34240
34241
34242
34244
34245
34246
34251
34258
34259
34263
34264
34266
34286
34287
34367
34452
34453
34497
34500
34501
34512
34513
34514
34516
34518
34523
34543
35788
35789
35790
35807
35815
35818
37068
37070
37071
37087
37088
37089
37090
37092
37093
37094
37095
37099
37363
37367
37368
37369
37370
37388
37389
37390
37391
37406
37407
37408
37409
37410
37411
37412
37414
37415
37416
37418
37419
37455
37473
37476
37477
37488
37489
37490
37492
37493
37494
37499
37541
37552
37553
37554
37556
37557
37558
37563
38143
38469
38480
38481
38484
38485
38486
38491
38656
38657
38658
38660
38661
38662
38667
38672
38673
38674
38675
38676
38677
38678
38679
38680
38682
38683
38702
38703
38720
38722
38723
38727
38728
38729
38730
38731
38732
38733
38739
38744
38745
38748
38749
38750
38751
38754
38755
38759
38760
38761
38762
38764
38765
38766
38844
38845
38846
38847
39167
39508
39509
39680
39681
39682
39684
39685
39686
39687
39691
39696
39697
39698
39699
39700
39702
39703
39704
39705
39706
39707
39724
39726
39727
39747
39751
39752
39753
39754
39757
39763
39768
39769
39772
39773
39774
39779
39784
39785
39786
39788
39789
39790
39868
39869
39870
39871
44850
44851
44855
44856
44857
44858
44924
44925
44926
44931
44936
44937
44938
44941
44956
44957
44958
44963
44968
44969
44970
44972
44973
127996
127998
127999
129364
129365
129366
130048
130049
130050
130052
130054
130055
130056
130058
130059
130076
130078
130079
130080
130082
130083
130088
130089
130090
130092
130093
130094
130163
130169
130172
130173
130174
130175
130176
130178
130179
130184
130185
130186
130188
130189
130190
130191
130208
130209
130210
130212
130214
130215
130216
130218
130219
130225
130228
130229
130230
130511
130532
130533
130544
130545
130546
130547
130548
130549
130550
130551
130552
130553
130554
130555
130575
130596
130597
130598
130608
130609
130610
130611
130612
130614
130615
130616
130618
130619
130688
130689
130690
130692
130693
130694
130695
130698
130699
130706
130707
130712
130713
130714
130716
130717
130718
130719
130723
130729
130732
130733
130734
130735
130769
130772
130773
130774
130775
130779
183296
183298
183299
183304
183305
183306
183308
183309
183310
183328
183329
183330
183332
183334
183335
183336
183338
183339
183348
183349
183350
183424
183425
183426
183428
183430
183431
183432
183434
183435
183449
183452
183454
183455
183456
183458
183459
183464
183465
183466
183468
183469
183470
183471
183505
183508
183509
183510
183511
183515
183808
183809
183810
183812
183813
183814
183815
183816
183818
183819
183827
183833
183836
183837
183838
183839
183840
183842
183843
183848
183849
183850
183852
183853
183854
183855
183923
183929
183932
183933
183934
183935
183936
183938
183939
183944
183945
183946
183948
183949
183950
183951
183968
183969
183970
183972
183973
183974
183975
183976
183978
183979
183985
183988
183989
183990
183991
183995
184145
184148
184149
184150
184151
184155
189441
189444
189445
189446
189447
189451
189459
189465
189468
189469
189470
189471
189475
189481
189484
189485
189486
189487
189555
189561
189564
189565
189566
189567
189571
189577
189580
189581
189582
189583
189601
189604
189605
189606
189607
189611
189617
189620
189621
189622
189623
189627
189939
189945
189948
189949
189950
189951
189952
189954
189955
189960
189961
189964
189965
189966
189967
189985
189988
189989
189990
189991
189994
189995
190001
190004
190005
190006
190007
190011
190081
190084
190085
190086
190087
190091
190099
190105
190108
190109
190110
190111
190115
190121
190124
190125
190126
190127
190161
190164
190165
190166
190167
190171
192849
192852
192853
192854
192855
192859
193539
193545
193548
193549
193550
193551
193568
193569
193572
193573
193574
193575
193578
193579
193585
193588
193589
193590
193591
193595
193664
193665
193666
193668
193669
193670
193671
193672
193674
193675
193683
193689
193692
193693
193694
193695
193696
193698
193699
193704
193705
193706
193708
193709
193710
193711
193745
193748
193749
193750
193751
193755
194044
194046
194047
194048
194049
194050
194051
194055
194056
194057
194058
194059
194061
194076
194078
194079
194080
194081
194082
194083
194087
194088
194089
194090
194091
194093
194101
194172
194174
194175
194176
194178
194179
194184
194185
194186
194188
194189
194190
194207
194208
194209
194210
194211
194212
194214
194215
194216
194218
194219
194228
194229
194230
194389
195571
195577
195580
195581
195582
195583
262189
262287
262326
262605
262625
262631
262635
262716
262718
262801
262853
262872
262874
262895
263951
263973
263985
263990
263991
263995
264064
264065
264066
264070
264071
264075
264092
264093
264094
264108
264109
264110
264149
264432
264434
264440
264442
264772
264773
264774
264787
264792
264793
264797
264815
264980
264982
265027
265033
265037
265056
265058
265063
265066
269372
269373
269374
269375
269456
269457
269458
269460
269461
269462
269463
269467
269508
269509
269510
269520
269522
269523
269527
269528
269529
269530
269531
269533
269548
269550
269551
269824
269825
269826
269828
269830
269831
269832
269834
269835
269843
269849
269852
269853
269854
269855
269859
269864
269865
269866
269868
269869
269870
269871
269936
269938
269939
269943
269944
269945
269946
269947
269949
269964
269966
269967
269985
269988
269989
269990
270000
270001
270002
270004
270005
270006
270007
270010
270011
270164
270165
270166
271299
271304
271305
271306
271308
271309
271310
271327
271328
271329
271330
271334
271335
271336
271338
271339
271349
272656
272657
272658
272660
272662
272663
272667
272707
272713
272716
272717
272718
272735
272736
272737
272738
272740
272742
272743
272744
272746
272747
272757
272828
272829
272830
272831
273476
273477
273478
273488
273490
273491
273495
273496
273497
273498
273519
273676
273678
273679
273700
273701
273702
273713
273716
273717
273718
273723
273791
273792
273794
273799
273800
273802
273803
273820
273822
273823
273827
273832
273833
273837
274163
274168
274169
274170
274173
