39
133
158
532
534
591
613
632
634
691
839
867
873
877
2128
2130
2136
2138
2364
2366
2497
2503
2507
2528
2530
2538
2541
2764
2766
2767
2789
2801
2807
2808
2811
3333
3347
3353
3357
3358
3375
3455
3456
3458
3459
3465
3469
3470
3492
3494
3495
3508
3510
3511
8513
8516
8518
8519
8520
8522
8523
8543
8544
8546
8547
8552
8553
8554
8557
8558
8565
9420
9422
9423
9445
9456
9457
9458
9464
9466
9467
9469
9809
9815
9816
9818
9819
9988
9989
9990
10003
10009
10012
10014
10015
10028
10030
10031
10112
10114
10120
10121
10122
10125
10145
10151
10152
10155
10164
10165
10166
10197
11056
11058
11059
11065
11068
11069
11070
11156
11157
11158
11159
11201
11204
11206
11207
11211
11231
11232
11234
11235
11240
11241
11242
11244
11245
11246
11253
13332
13333
13334
13335
13388
13390
13391
13412
13413
13414
13424
13425
13426
13431
13432
13433
13434
13435
13437
13488
13490
13491
13497
13500
13501
13502
13503
13820
13822
13823
13824
13826
13827
13832
13833
13834
13836
13837
13838
13857
13860
13861
13862
13863
13864
13866
13867
13873
13876
13877
13878
13879
13883
13956
13957
13958
13968
13970
13971
13977
13978
13980
13981
13982
13983
13987
13996
13998
13999
14032
14033
14034
14039
14040
14041
14042
14043
14045
82944
82945
82946
82948
82950
82951
82952
82954
82955
82972
82974
82975
82976
82978
82979
82984
82985
82986
82988
82989
82990
83059
83065
83068
83069
83070
83071
83072
83074
83075
83080
83081
83082
83084
83085
83086
83104
83105
83106
83108
83109
83110
83111
83112
83114
83115
83124
83125
83126
83131
83443
83449
83452
83453
83454
83455
83456
83458
83459
83464
83465
83466
83468
83469
83470
83471
83488
83489
83490
83492
83493
83494
83495
83496
83498
83499
83505
83508
83509
83510
83511
83515
83584
83585
83586
83588
83589
83590
83591
83592
83594
83595
83603
83609
83612
83613
83614
83615
83616
83618
83619
83624
83625
83626
83628
83629
83630
83631
83665
83668
83669
83670
83671
83675
87027
87033
87036
87037
87038
87039
88401
88404
88405
88406
88407
88411
89089
89092
89093
89094
89095
89099
89107
89113
89116
89117
89118
89119
89120
89123
89129
89130
89132
89133
89134
89135
89203
89209
89212
89213
89214
89215
89216
89218
89219
89224
89225
89226
89228
89229
89230
89231
89248
89249
89250
89252
89253
89254
89255
89256
89258
89259
89265
89268
89269
89270
89271
89275
89599
89600
89601
89602
89603
89607
89608
89609
89610
89611
89613
89631
89632
89633
89634
89635
89639
89640
89641
89642
89643
89645
89652
89653
89654
89728
89729
89730
89732
89734
89735
89736
89738
89739
89756
89758
89759
89760
89761
89762
89763
89768
89769
89770
89772
89773
89774
89781
89812
89813
89814
89940
89941
89942
93187
93193
93196
93197
93198
93199
93217
93220
93221
93222
93223
93227
93233
93236
93237
93238
93239
93243
93313
93316
93317
93318
93319
93323
93331
93337
93340
93341
93342
93343
93347
93353
93356
93357
93358
93359
93393
93396
93397
93398
93399
93403
93696
93697
93698
93700
93701
93702
93703
93704
93707
93715
93721
93724
93725
93726
93727
93731
93737
93738
93740
93741
93742
93743
93811
93817
93820
93821
93822
93823
93827
93833
93836
93837
93838
93839
93857
93860
93861
93862
93863
93867
93873
93876
93877
93878
93879
93883
94033
94036
94037
94038
94039
94043
168276
168277
168278
168960
168962
168963
168968
168969
168970
168972
168973
168974
168992
168993
168994
168996
168998
168999
169000
169002
169003
169012
169013
169014
169088
169089
169090
169092
169093
169094
169095
169096
169098
169099
169107
169116
169118
169119
169120
169122
169123
169128
169129
169130
169132
169133
169134
169169
169172
169173
169174
169175
169179
169477
169488
169489
169490
169491
169496
169497
169498
169500
169501
169502
169516
169518
169519
169587
169593
169596
169597
169598
169599
169600
169602
169603
169609
169610
169612
169613
169614
169615
169633
169636
169637
169638
169639
169643
169649
169650
169652
169653
169654
169655
169656
169658
169659
169797
169808
169809
169810
169811
169816
169817
169818
169819
169820
169821
169822
169823
169836
169839
171004
171006
171007
245797
245960
246007
246353
246360
246362
246560
246562
246569
246581
246684
246687
246736
246739
246745
246748
246750
248132
248134
248135
248170
248173
248181
248849
248856
248859
248961
248968
248970
248973
248996
248998
248999
249019
249045
249365
249411
249420
249423
249445
249456
249458
249459
249465
249468
249470
249532
249535
249664
249666
249667
249673
249676
249678
249679
249701
249702
249713
249714
249720
249722
249725
255249
255250
255256
255258
255259
255261
255361
255367
255368
255370
255371
255393
255396
255399
255400
255402
255403
255412
255414
255415
255444
255446
255447
258116
258117
258118
258144
258146
258147
258153
258156
258157
258158
258159
258165
258564
258565
258566
258567
258592
258593
258594
258595
258600
258601
258602
258604
258605
258606
258613
258614
258704
258706
258707
258713
258716
258718
258719
258735
258757
258768
258770
258771
258777
258780
258782
258783
258787
258796
258799
258897
258904
258906
258907
258909
260181
260352
260354
260355
260361
260364
260365
260366
260367
260388
260389
260390
260400
260401
260402
260403
260408
260409
260410
260411
260412
260413
260414
260500
260501
260502
260503
260545
260551
260552
260554
260555
260557
260577
260580
260582
260583
260584
260586
260587
260593
260596
260598
260599
260600
260603
260860
260863
261205
261376
261378
261379
261385
261388
261390
261391
261413
261414
261424
261425
261426
261427
261432
261433
261434
261436
261437
261438
261439
261524
261525
261526
261527
261568
261569
261570
261572
261575
261576
261577
261578
261579
261581
261601
261602
261604
261606
261607
261608
261610
261611
261613
261617
261620
261621
261622
261623
261624
261627
261839
261872
261875
261881
261884
261886
261887
