65661
65700
65702
65999
66021
66036
66038
66099
66105
66192
66194
66263
67385
67388
67389
67390
67472
67473
67479
67483
67525
67536
67538
67543
67544
67546
67567
67788
67790
67809
67812
67814
67819
67829
68160
68162
68168
68170
68191
68195
68200
68201
68417
68423
68427
68444
68446
68461
72908
72910
72911
72929
72932
72933
72934
72939
72945
72948
72949
72950
72951
72955
73237
73280
73281
73282
73284
73286
73287
73288
73290
73291
73305
73308
73309
73310
73311
73315
73320
73321
73322
73324
73325
73326
73407
73492
73493
73494
73536
73537
73538
73539
73543
73544
73545
73546
73547
73549
73564
73566
73567
73568
73569
73570
73571
73575
73576
73577
73578
73579
73581
73663
74544
74546
74547
74552
74553
74554
74556
74557
74558
74629
74640
74641
74642
74643
74647
74648
74649
74650
74651
74671
74693
74704
74705
74706
74708
74710
74711
74712
74714
74715
75861
76032
76034
76035
76039
76040
76041
76042
76043
76060
76062
76063
76064
76066
76067
76072
76073
76074
76077
76147
76153
76156
76157
76158
76172
76173
76174
76175
76193
76196
76197
76198
76199
76203
76212
76213
76214
76543
77056
77057
77058
77060
77062
77063
77067
77084
77085
77086
77091
77097
77100
77101
77102
77170
77171
77176
77177
77178
77181
77199
77220
77221
77222
77233
77236
77238
77239
77243
148419
148425
148428
148429
148430
148431
148449
148452
148453
148454
148455
148459
148465
148468
148469
148470
148471
148475
149825
149828
149829
149830
149831
149835
149843
149849
149852
149853
149854
149855
149859
149865
149868
149869
149870
149871
150545
150548
150549
150550
150551
150555
150595
150601
150604
150605
150606
150607
150625
150628
150629
150630
150631
150635
150640
150641
150644
150645
150646
150647
150650
150651
150707
150713
150716
150717
150718
150719
150979
150985
150988
150989
150990
150991
151009
151012
151013
151014
151015
151019
151024
151025
151026
151028
151029
151030
151031
151032
151034
151035
151088
151090
151091
151096
151097
151098
151100
151101
151102
151103
151184
151185
151186
151188
151189
151190
151191
151192
151194
151195
151233
151236
151237
151238
151239
151243
151248
151250
151251
151256
151257
151258
151260
151261
151262
151263
151267
151273
151276
151277
151278
151279
155969
155972
155973
155974
155975
155979
155984
155986
155987
155992
155993
155994
155996
155997
155998
155999
156003
156009
156012
156013
156014
156015
156720
156722
156723
156728
156729
156730
156732
156733
156734
156816
156817
156818
156820
156822
156823
156824
156826
156827
156868
156869
156870
156880
156882
156883
156888
156889
156890
156892
156893
156894
156895
156908
156910
156911
157200
157201
157202
157204
157205
157206
157207
157208
157210
157211
157251
157257
157260
157262
157263
157281
157284
157285
157286
157287
157296
157297
157298
157300
157302
157303
157304
157306
157307
157360
157362
157363
157368
157369
157370
157372
157373
157374
157375
157505
157508
157509
157510
157511
157515
157520
157522
157523
157528
157529
157530
157532
157533
157534
157535
157539
157545
157548
157549
157550
157551
158668
158670
158671
158689
158692
158693
158694
158695
158704
158705
158706
158708
158710
158711
158712
158714
158715
160784
160785
160786
160788
160789
160790
160791
160792
160794
160795
160835
160841
160844
160845
160846
160847
160865
160868
160869
160870
160871
160875
160880
160881
160882
160884
160885
160886
160887
160888
160890
160891
160944
160946
160947
160952
160953
160954
160956
160957
160958
160959
161216
161218
161219
161224
161225
161226
161228
161229
161230
161248
161249
161250
161252
161254
161255
161256
161258
161259
161268
161269
161270
161331
161337
161340
161341
161342
161343
161425
161428
161429
161430
161431
161435
161472
161473
161476
161477
161478
161479
161483
161491
161497
161500
161501
161502
161503
161507
161513
161516
161517
161518
161519
228403
228409
228412
228413
228414
228415
228497
228500
228501
228502
228503
228507
228545
228548
228549
228550
228551
228555
228562
228563
228568
228569
228572
228573
228574
228575
228579
228585
228588
228589
228590
228591
228865
228868
228869
228870
228880
228881
228882
228883
228884
228886
228887
228888
228889
228890
228891
228893
228910
228911
228937
228940
228941
228942
228943
228961
228964
228965
228966
228967
228971
228976
228977
228978
228980
228981
228982
228983
228984
228986
228987
229040
229042
229043
229047
229048
229049
229050
229052
229053
229054
229188
229189
229200
229201
229202
229204
229205
229206
229207
229208
229210
229211
229231
294930
294983
295001
295020
295180
295181
295198
295203
295208
295210
295247
295264
295265
295268
295270
295275
295346
295984
295985
295986
295988
295990
295995
296051
296055
296056
296057
296058
296076
296078
296095
296098
296103
296106
296252
296253
296254
296319
296320
296321
296322
296324
296326
296331
296339
296343
296344
296345
296346
296366
296367
296643
296648
296649
296650
296668
296669
296681
296684
296685
297956
297957
297973
299200
299201
299202
299204
299205
299206
299211
299216
299218
299219
299222
299223
299224
299225
299226
299227
299246
299247
299468
299469
299470
299484
299485
299486
299487
299490
299491
299495
299496
299497
299498
299571
299575
299576
299577
299578
299580
299581
299644
299645
299646
299651
299655
299656
299657
299658
299667
299672
299673
299674
299676
299677
299678
299689
299692
299693
299694
300239
300257
300260
300261
300272
300273
300274
300276
300277
300278
300279
300283
300540
300541
300542
300543
300544
300546
300547
300551
300552
300553
300554
300555
300556
300557
300563
300568
300569
300570
300572
300573
300574
300579
300583
300584
300585
300586
300588
300589
300590
300620
300621
300622
300623
300638
300639
300640
300641
300642
300643
300644
300645
300646
300647
300648
300649
300650
300651
300720
300722
300723
300726
300727
300728
300729
300730
300731
300733
301839
301856
301857
301860
301861
301862
301867
301872
301873
301874
301876
301877
301878
301883
301936
301937
301938
301939
301940
301941
301942
301943
301944
301946
301947
301966
301967
301983
301984
301985
301986
301988
301989
301990
301991
301995
302005
307007
307077
307088
307089
307092
307093
307094
307099
307140
307141
307152
307153
307154
307156
307157
307158
307163
