31
124
126
496
498
504
506
560
562
659
665
669
687
1984
1986
1991
1992
1994
2015
2018
2019
2024
2025
2026
2029
2240
2241
2242
2247
2248
2250
2251
2271
2275
2281
2285
2577
2587
2636
2638
2657
2660
2662
2676
2677
2678
2748
2750
2885
2899
2905
2927
7423
7765
7936
7937
7938
7939
7940
7942
7943
7944
7945
7946
7947
7964
7966
7967
7968
7970
7971
7976
7977
7978
7980
7981
7982
8051
8057
8060
8061
8062
8063
8067
8073
8076
8077
8078
8079
8096
8097
8098
8100
8101
8102
8103
8106
8107
8113
8116
8117
8118
8123
8447
8789
8960
8961
8962
8963
8967
8968
8969
8970
8971
8973
8988
8990
8991
8992
8994
8995
9000
9001
9002
9005
9075
9081
9084
9085
9086
9087
9091
9097
9100
9101
9102
9120
9121
9122
9124
9126
9127
9131
9140
9141
9142
10308
10309
10310
10323
10328
10329
10330
10333
10348
10350
10351
10511
10533
10544
10545
10546
10551
10552
10554
10555
10628
10629
10630
10640
10642
10643
10648
10649
10650
10653
10668
10670
10671
10705
10708
10709
10710
10711
10715
10959
10981
10992
10993
10994
10999
11000
11002
11003
11537
11540
11542
11543
11547
11587
11593
11596
11597
11598
11617
11620
11622
11623
11627
11636
11637
11708
11709
11710
82700
82702
82703
82724
82725
82726
82736
82737
82738
82740
82742
82743
82744
82746
82747
82820
82821
82822
82832
82834
82835
82840
82841
82842
82844
82845
82846
82860
82862
82863
82896
82897
82898
82900
82902
82903
82904
82906
82907
84228
84229
84230
84240
84242
84243
84248
84249
84250
84252
84253
84254
84268
84270
84271
84336
84338
84339
84344
84345
84346
84348
84349
84350
84364
84366
84367
84388
84389
84390
84400
84401
84402
84404
84406
84407
84408
84410
84411
85072
85073
85074
85076
85078
85079
85080
85082
85083
85085
85260
85262
85263
85284
85285
85286
85296
85297
85298
85299
85300
85302
85303
85304
85305
85306
85307
85309
85380
85381
85382
85392
85393
85394
85395
85399
85400
85401
85402
85403
85404
85405
85406
85420
85422
85423
85445
85456
85457
85458
85459
85460
85462
85463
85464
85465
85466
85467
85469
85487
85711
85733
85744
85745
85746
85747
85752
85753
85754
85755
85756
85757
85758
90372
90373
90374
90384
90385
90386
90387
90391
90392
90393
90394
90395
90396
90397
90398
90412
90414
90415
90447
90469
90480
90481
90482
90483
90487
90488
90489
90490
90491
90492
90493
90494
90508
90510
90511
90532
90533
90534
90544
90545
90546
90547
90548
90550
90551
90552
90553
90554
90555
90557
91343
91365
91376
91377
91378
91379
91383
91384
91385
91386
91387
91388
91389
91390
91717
91728
91729
91730
91731
91732
91734
91735
91736
91737
91738
91739
91741
91759
91908
91909
91910
91920
91921
91922
91923
91927
91928
91929
91930
91931
91932
91933
91934
91948
91950
91951
91983
92005
92016
92017
92018
92019
92023
92024
92025
92026
92027
92028
92029
92030
92044
92046
92047
92068
92069
92070
92080
92081
92082
92083
92084
92086
92087
92088
92089
92090
92091
92093
92940
92942
92943
92964
92965
92966
92976
92977
92978
92979
92980
92982
92983
92984
92985
92986
92987
92989
93060
93061
93062
93072
93073
93074
93075
93079
93080
93081
93082
93083
93084
93085
93086
93100
93102
93103
93125
93136
93137
93138
93139
93140
93142
93143
93144
93145
93146
93147
93149
93167
95301
95312
95313
95314
95315
95316
95318
95319
95320
95321
95322
95323
95325
95343
95500
95502
95503
95524
95525
95526
95536
95537
95538
95540
95542
95543
95544
95546
95547
95617
95620
95621
95622
95623
95627
95632
95634
95635
95640
95641
95642
95644
95645
95646
95651
95657
95660
95661
95662
95663
95696
95697
95698
95700
95701
95702
95703
95707
95984
95986
95987
95992
95993
95994
95996
95997
95998
244976
244978
244979
244984
244985
244986
244988
244989
244990
245317
245328
245329
245330
245331
245332
245334
245335
245336
245338
245339
245359
245508
245509
245510
245520
245521
245522
245523
245527
245528
245529
245530
245531
245532
245533
245534
245548
245550
245551
245580
245582
245583
245600
245601
245604
245605
245606
245611
245616
245617
245618
245620
245621
245622
245623
245626
245627
245647
245669
245680
245681
245682
245683
245686
245687
245688
245689
245690
245691
245692
245693
311318
311383
311386
311560
311561
311628
311629
311630
311646
311651
311655
311656
311658
311736
311737
312060
312062
312335
312351
312352
312353
312354
312358
312363
312421
312433
312436
312437
312496
312497
312500
312501
312502
312507
312624
312625
312626
312630
312635
312691
312695
312696
312697
312698
312716
312717
312718
312734
312735
312738
312739
312743
312744
312746
313039
313056
313057
313058
313060
313061
313062
313067
314359
315448
315449
315452
315453
315454
315516
315517
315518
315519
315523
315527
315528
315529
315530
315539
315543
315544
315545
315546
315564
315565
315566
315711
315775
315776
315777
315778
315780
315781
315782
315787
315792
315793
315794
315796
315797
315798
315803
315823
315845
315856
315857
315860
315861
315862
315867
316096
316097
316098
316100
316101
316102
316103
316106
316107
316112
316113
316114
316115
316118
316119
316120
316122
316123
316142
316143
316608
316609
316610
316611
316612
316613
316614
316615
316616
316617
316618
316619
316624
316625
316626
316627
316630
316631
316632
316633
316634
316635
316652
316653
316654
316655
316867
316872
316873
316876
316877
316878
316879
316892
316893
316894
316895
316896
316897
316898
316899
316902
316903
316904
316905
316906
316907
316909
316979
316983
316984
316985
316986
316988
316989
316990
317052
317053
317054
317055
317058
317059
317063
317064
317065
317066
317068
317069
317075
317079
317080
317081
317082
317084
317085
317086
317091
317096
317097
317100
317101
317102
318270
318271
318335
318336
318337
318338
318340
318341
318342
318347
318352
318353
318354
318356
318357
318358
318359
318363
318383
318416
318417
318420
318421
323528
323529
323532
323533
323548
323549
323550
323555
323559
323560
323561
323562
323565
