49275
49328
49601
49611
49629
49644
49646
49856
49858
49863
49884
49901
50431
50773
50945
50948
50950
50955
50963
50969
50973
50988
50990
51023
51044
51045
51057
51060
51061
51062
51067
51120
51122
51127
51128
51130
51968
51970
51975
51976
51978
51996
51998
52009
52013
52080
52082
52087
52145
52150
52155
54268
54269
54270
54271
55621
55632
55633
55634
55636
55637
55638
55639
55643
56324
56325
56336
56337
56338
56339
56340
56342
56343
56344
56346
56347
56367
56387
56393
56396
56397
56398
56415
56416
56417
56418
56420
56422
56423
56424
56426
56427
56437
56499
56504
56505
56508
56509
56510
56627
56633
56636
56637
56638
56639
56709
56720
56721
56722
56724
56726
56727
56728
56730
56731
56751
56772
56773
56774
56784
56785
56786
56787
56788
56790
56791
56792
56793
56794
56795
56815
57027
57033
57036
57037
57038
57055
57056
57057
57058
57060
57062
57063
57064
57066
57067
57077
60419
60424
60425
60426
60428
60429
60430
60447
60448
60450
60451
60455
60456
60457
60458
60459
60531
60536
60537
60538
60541
60556
60558
60559
60577
60580
60581
60582
60587
60596
60597
60598
60864
60866
60867
60871
60872
60873
60874
60892
60894
60895
60899
60904
60905
60906
60909
60991
61076
61077
61078
61121
61124
61125
61126
61138
61139
61143
61144
61145
61146
61149
61166
61167
134396
134398
134399
134740
134741
134742
134912
134913
134914
134915
134916
134918
134919
134920
134921
134922
134923
134925
134940
134942
134943
134944
134945
134946
134947
134951
134952
134953
134954
134955
134956
134957
134958
134965
135039
135040
135041
135042
135043
135047
135048
135049
135050
135051
135053
135071
135072
135073
135074
135075
135078
135079
135080
135081
135082
135083
135085
135092
135093
135125
140373
140544
140545
140546
140547
140550
140551
140552
140553
140554
140555
140557
140575
140576
140577
140578
140579
140583
140584
140585
140586
140587
140588
140589
140597
140671
140672
140673
140674
140675
140679
140680
140681
140682
140683
140685
140703
140704
140705
140706
140707
140711
140712
140713
140714
140715
140717
140725
140757
141055
143444
143445
143446
143616
143617
143618
143619
143623
143624
143625
143626
143627
143628
143629
143630
143647
143648
143649
143650
143651
143652
143654
143655
143656
143657
143658
143659
143661
143668
143669
143670
143743
143744
143745
143746
143747
143748
143750
143751
143752
143753
143754
143755
143757
143772
143774
143775
143776
143777
143778
143779
143783
143784
143785
143786
143787
143788
143789
143790
143797
143828
143829
143830
144124
144126
144127
144636
144638
144639
144980
144981
144982
145152
145153
145154
145155
145156
145158
145159
145160
145162
145163
145177
145180
145181
145182
145183
145184
145186
145187
145192
145193
145194
145196
145197
145198
145264
145266
145267
145272
145273
145274
145276
145277
145278
145289
145292
145293
145294
145295
145312
145313
145316
145317
145318
145319
145323
145329
145332
145333
145334
145335
145339
145663
146005
146176
146177
146178
146179
146183
146184
146185
146186
146187
146188
146189
146190
146207
146208
146209
146210
146211
146214
146215
146216
146217
146218
146219
146221
146229
146300
146302
146303
146304
146305
146306
146307
146311
146312
146313
146314
146315
146316
146317
146335
146336
146337
146338
146339
146342
146343
146344
146345
146346
146347
146349
146357
146389
209151
209493
209664
209665
209666
209667
209671
209672
209673
209674
209675
209676
209677
209678
209695
209696
209697
209698
209699
209700
209702
209703
209704
209705
209706
209707
209709
209716
209717
209718
209791
209792
209793
209794
209795
209796
209798
209799
209800
209801
209802
209803
209805
209820
209822
209823
209824
209825
209826
209827
209831
209832
209833
209834
209835
209836
209837
209838
209845
209876
209877
209878
211028
211029
211200
211201
211202
211203
211206
211207
211208
211209
211210
211211
211213
211228
211230
211231
211232
211233
211234
211235
211239
211240
211241
211242
211243
211244
211245
211246
211253
211324
211326
211327
211328
211329
211330
211331
211335
211336
211337
211338
211339
211340
211341
211342
211359
211360
211361
211362
211363
211364
211366
211367
211368
211369
211370
211371
211373
211380
211381
211382
211413
211711
212053
212224
212225
212226
212227
212228
212230
212231
212232
212233
212234
212235
212237
212249
212252
212253
212254
212255
212256
212258
212259
212263
212264
212265
212266
212268
212269
212270
212336
212338
212339
212343
212344
212345
212346
212347
212348
212349
212350
212364
212365
212366
212367
212384
212385
212388
212389
212390
212391
212395
212400
212401
212404
212405
212406
212407
212411
212735
278554
278605
278832
278833
278843
278908
278909
278910
278947
278952
278954
279284
279286
279744
279745
279746
279750
279755
279763
279768
279769
279770
279790
280048
280049
280050
280052
280054
280055
280059
280079
280100
280101
280113
280116
280117
280118
280179
280185
280189
280204
280205
280206
280223
280224
280226
280231
280234
280235
281493
281537
281540
281541
281542
281554
281559
281562
281583
283392
283393
283394
283396
283397
283398
283399
283403
283410
283411
283415
283416
283417
283418
283436
283438
283439
283459
283464
283465
283468
283469
283470
283484
283486
283487
283488
283490
283491
283495
283496
283497
283498
283499
283571
283576
283577
283580
283581
283582
284479
284561
284564
284565
284566
284608
284609
284610
284612
284613
284614
284615
284618
284619
284624
284626
284627
284631
284632
284633
284634
284635
284636
284637
284638
284652
284653
284654
284655
284735
284820
284821
284864
284865
284866
284868
284869
284870
284871
284872
284874
284875
284880
284882
284883
284887
284888
284889
284890
284893
284908
284909
284910
284911
285135
285157
285168
285169
285170
285172
285173
285174
285175
285179
285199
285217
285220
285221
285222
285232
285233
285234
285236
285237
285238
285243
285299
285303
285304
285305
285306
285308
285309
285310
285321
285324
285325
285326
285342
285343
285344
285345
285346
285347
285350
285351
285352
285353
285354
285355
290047
290388
290389
290560
290561
290562
290564
290565
290566
290571
290576
290578
290579
290583
290584
290586
290587
290607
290627
290632
290633
290636
290637
290652
290654
290659
290663
290664
290665
290666
290748
290749
290750
