32793
32870
32947
33156
33158
33176
33178
33199
33237
33484
33486
33504
33506
33999
34020
34021
34022
34036
34037
34038
34308
34309
34310
34320
34322
34327
34328
34330
34331
34351
34380
34381
34382
34399
34400
34402
34407
34408
34410
34492
34493
34494
34641
34644
34645
34646
35634
35639
35640
35642
35711
35712
35714
35719
35740
35741
35756
35757
35758
37689
37692
37693
37694
37760
37761
37764
37765
37766
37771
37776
37777
37778
37779
37783
37784
37785
37786
37787
37807
37841
37844
37845
37846
37851
38913
38916
38917
38918
38928
38929
38930
38931
38932
38934
38935
38936
38937
38938
38939
38959
38979
38984
38985
38988
38989
38990
39006
39007
39008
39009
39010
39011
39012
39014
39015
39016
39017
39018
39019
39091
39096
39097
39100
39101
39102
39216
39217
39218
39219
39223
39224
39225
39226
39227
39295
39296
39297
39298
39299
39302
39303
39304
39305
39306
39307
39315
39320
39321
39324
39325
39326
39331
39337
39340
39341
39342
39628
39630
39631
39648
39649
39650
39652
39653
39654
39659
39665
39668
39669
39670
39675
40261
40272
40273
40274
40276
40277
40278
40279
40280
40282
40283
40303
44227
44233
44236
44237
44238
44255
44256
44258
44259
44263
44264
44265
44266
44267
44543
44544
44546
44547
44551
44552
44554
44572
44573
44574
44579
44585
44588
44589
44590
44623
44641
44644
44645
44646
44657
44660
44661
44662
44667
44720
44721
44722
44727
44728
44730
44731
126978
126979
126985
126988
126989
126990
126991
127009
127012
127013
127014
127015
127019
127025
127028
127029
127030
127031
127035
127105
127108
127109
127110
127111
127115
127123
127129
127132
127133
127134
127135
127139
127145
127148
127149
127150
127151
127185
127188
127189
127190
127191
127194
127195
127489
127492
127493
127494
127495
127499
127504
127506
127507
127512
127513
127514
127516
127517
127518
127519
127523
127529
127532
127533
127534
127535
127602
127603
127608
127609
127612
127613
127614
127615
127619
127625
127628
127629
127630
127631
127649
127652
127653
127654
127655
127659
127664
127665
127666
127668
127669
127670
127671
127672
127674
127675
127824
127825
127826
127828
127829
127830
127831
127832
127834
127835
129011
129017
129020
129021
129022
129023
129026
129027
129032
129033
129034
129036
129037
129038
129055
129056
129057
129058
129059
129060
129062
129063
129064
129065
129066
129067
129069
129076
129077
129145
129148
129149
129150
129151
129152
129154
129155
129160
129161
129162
129164
129165
129166
129183
129184
129185
129186
129187
129188
129190
129191
129192
129193
129194
129195
129197
129204
129205
129522
129523
129528
129529
129530
129532
129533
129534
129535
129539
129545
129548
129549
129550
129551
129569
129572
129573
129574
129575
129579
129584
129585
129588
129589
129590
129591
129595
129664
129665
129666
129668
129669
129670
129671
129672
129674
129675
129683
129689
129692
129693
129694
129695
129699
129704
129705
129708
129709
129710
129711
129745
129748
129749
129750
129751
129755
184307
184313
184316
184317
184318
184319
189777
189780
189781
189782
189783
189787
192512
192513
192516
192517
192518
192519
192520
192522
192523
192531
192537
192540
192541
192542
192543
192544
192546
192547
192552
192553
192554
192556
192557
192558
192559
192627
192633
192636
192637
192638
192639
192640
192642
192643
192648
192649
192650
192652
192653
192654
192655
192672
192673
192674
192676
192677
192678
192679
192680
192682
192683
192689
192692
192693
192694
192695
192699
193011
193017
193020
193021
193022
193023
193024
193026
193027
193032
193033
193034
193036
193037
193038
193039
193056
193057
193058
193060
193061
193062
193063
193064
193066
193067
193073
193076
193077
193078
193079
193083
193152
193153
193154
193156
193157
193158
193159
193160
193162
193163
193171
193177
193180
193181
193182
193183
193184
193186
193187
193192
193193
193194
193196
193197
193198
193199
193233
193236
193237
193238
193239
193243
194510
194511
194532
194533
194534
194544
194545
194546
194548
194549
194550
194551
194552
194554
194555
194575
194597
194608
194609
194610
194611
194614
194615
194616
194617
194618
194619
194621
194689
194692
194693
194694
194695
194699
194704
194706
194707
194711
194712
194713
194714
194716
194717
194718
194732
194734
194735
194768
194769
194770
194772
194773
194774
194775
194776
194778
194779
195072
195073
195074
195076
195077
195078
195079
195080
195082
195083
195091
195097
195100
195101
195102
195103
195104
195106
195107
195112
195113
195114
195116
195117
195118
195119
195187
195192
195193
195196
195197
195198
195199
195203
195209
195212
195213
195214
195215
195232
195233
195234
195236
195237
195238
195239
195242
195243
195249
195252
195253
195254
195255
195259
195409
195412
195413
195414
195415
195419
262155
262244
262261
262328
262460
262461
262533
262544
262546
262551
262609
262612
262614
262861
262887
263408
263409
263410
263415
263419
263697
263700
263701
263702
263747
263751
263752
263753
263754
263772
263774
263779
263785
263789
263871
264004
264005
264016
264018
264023
264024
264026
264027
264047
265008
265009
265014
265019
265091
265096
265097
265098
265118
265123
265129
267071
267156
267157
267158
267200
267201
267202
267204
267205
267206
267211
267216
267218
267219
267223
267224
267225
267226
267244
267246
267247
268309
268352
268353
268354
268356
268357
268358
268359
268362
268363
268370
268371
268375
268376
268377
268378
268380
268381
268396
268397
268398
268399
268479
268556
268557
268558
268559
268576
268577
268578
268580
268581
268582
268583
268587
268596
268597
268598
268659
268664
268665
268666
268668
268669
268670
268684
268685
268686
268687
268703
268704
268705
268706
268708
268710
268711
268712
268714
268715
268725
269040
269042
269043
269047
269048
269049
269050
269053
269588
269589
269590
269632
269633
269634
269635
269636
269638
269639
269640
269641
269642
269643
269651
269657
269660
269661
269662
269663
269667
269672
269673
269674
269676
269677
269678
269759
273600
273601
273602
273606
273607
273608
273610
273611
273619
273624
273625
273628
273629
273630
273644
273645
273646
273916
273917
273918
273929
273932
273933
273934
273951
273952
273954
273959
273960
273962
273963
274032
274034
274035
274039
274040
274041
274042
274063
274081
274084
274085
274086
274091
274100
274101
274102
