32799
32892
32894
33264
33266
33272
33274
33328
33330
33427
33433
33437
33455
34752
34754
34759
34760
34762
34783
34786
34787
34792
34793
34794
34797
35008
35009
35010
35015
35016
35018
35019
35039
35043
35049
35053
35345
35355
35404
35406
35425
35428
35430
35444
35445
35446
35516
35518
35653
35667
35673
35695
40191
40533
40704
40705
40706
40707
40708
40710
40711
40712
40713
40714
40715
40732
40734
40735
40736
40738
40739
40744
40745
40746
40748
40749
40750
40819
40825
40828
40829
40830
40831
40835
40841
40844
40845
40846
40847
40864
40865
40866
40868
40869
40870
40871
40874
40875
40881
40884
40885
40886
40891
41215
41557
41728
41729
41730
41731
41735
41736
41737
41738
41739
41741
41756
41758
41759
41760
41762
41763
41768
41769
41770
41773
41843
41849
41852
41853
41854
41855
41859
41865
41868
41869
41870
41888
41889
41890
41892
41894
41895
41899
41908
41909
41910
43076
43077
43078
43091
43096
43097
43098
43101
43116
43118
43119
43279
43301
43312
43313
43314
43319
43320
43322
43323
43396
43397
43398
43408
43410
43411
43416
43417
43418
43421
43436
43438
43439
43473
43476
43477
43478
43479
43483
43727
43749
43760
43761
43762
43767
43768
43770
43771
44305
44308
44310
44311
44315
44355
44361
44364
44365
44366
44385
44388
44390
44391
44395
44404
44405
44476
44477
44478
115468
115470
115471
115492
115493
115494
115504
115505
115506
115508
115510
115511
115512
115514
115515
115588
115589
115590
115600
115602
115603
115608
115609
115610
115612
115613
115614
115628
115630
115631
115664
115665
115666
115668
115670
115671
115672
115674
115675
116996
116997
116998
117008
117010
117011
117016
117017
117018
117020
117021
117022
117036
117038
117039
117104
117106
117107
117112
117113
117114
117116
117117
117118
117132
117134
117135
117156
117157
117158
117168
117169
117170
117172
117174
117175
117176
117178
117179
117840
117841
117842
117844
117846
117847
117848
117850
117851
117853
118028
118030
118031
118052
118053
118054
118064
118065
118066
118067
118068
118070
118071
118072
118073
118074
118075
118077
118148
118149
118150
118160
118161
118162
118163
118167
118168
118169
118170
118171
118172
118173
118174
118188
118190
118191
118213
118224
118225
118226
118227
118228
118230
118231
118232
118233
118234
118235
118237
118255
118479
118501
118512
118513
118514
118515
118520
118521
118522
118523
118524
118525
118526
123140
123141
123142
123152
123153
123154
123155
123159
123160
123161
123162
123163
123164
123165
123166
123180
123182
123183
123215
123237
123248
123249
123250
123251
123255
123256
123257
123258
123259
123260
123261
123262
123276
123278
123279
123300
123301
123302
123312
123313
123314
123315
123316
123318
123319
123320
123321
123322
123323
123325
124111
124133
124144
124145
124146
124147
124151
124152
124153
124154
124155
124156
124157
124158
124485
124496
124497
124498
124499
124500
124502
124503
124504
124505
124506
124507
124509
124527
124676
124677
124678
124688
124689
124690
124691
124695
124696
124697
124698
124699
124700
124701
124702
124716
124718
124719
124751
124773
124784
124785
124786
124787
124791
124792
124793
124794
124795
124796
124797
124798
124812
124814
124815
124836
124837
124838
124848
124849
124850
124851
124852
124854
124855
124856
124857
124858
124859
124861
125708
125710
125711
125732
125733
125734
125744
125745
125746
125747
125748
125750
125751
125752
125753
125754
125755
125757
125828
125829
125830
125840
125841
125842
125843
125847
125848
125849
125850
125851
125852
125853
125854
125868
125870
125871
125893
125904
125905
125906
125907
125908
125910
125911
125912
125913
125914
125915
125917
125935
128069
128080
128081
128082
128083
128084
128086
128087
128088
128089
128090
128091
128093
128111
128268
128270
128271
128292
128293
128294
128304
128305
128306
128308
128310
128311
128312
128314
128315
128385
128388
128389
128390
128391
128395
128400
128402
128403
128408
128409
128410
128412
128413
128414
128419
128425
128428
128429
128430
128431
128464
128465
128466
128468
128469
128470
128471
128475
128752
128754
128755
128760
128761
128762
128764
128765
128766
195824
195826
195827
195832
195833
195834
195836
195837
195838
196165
196176
196177
196178
196179
196180
196182
196183
196184
196186
196187
196207
196356
196357
196358
196368
196369
196370
196371
196375
196376
196377
196378
196379
196380
196381
196382
196396
196398
196399
196428
196430
196431
196448
196449
196452
196453
196454
196459
196464
196465
196466
196468
196469
196470
196471
196474
196475
196495
196517
196528
196529
196530
196531
196534
196535
196536
196537
196538
196539
196540
196541
262166
262231
262234
262408
262409
262476
262477
262478
262494
262499
262503
262504
262506
262584
262585
262908
262910
263183
263199
263200
263201
263202
263206
263211
263269
263281
263284
263285
263344
263345
263348
263349
263350
263355
263472
263473
263474
263478
263483
263539
263543
263544
263545
263546
263564
263565
263566
263582
263583
263586
263587
263591
263592
263594
263887
263904
263905
263906
263908
263909
263910
263915
265207
266296
266297
266300
266301
266302
266364
266365
266366
266367
266371
266375
266376
266377
266378
266387
266391
266392
266393
266394
266412
266413
266414
266559
266623
266624
266625
266626
266628
266629
266630
266635
266640
266641
266642
266644
266645
266646
266651
266671
266693
266704
266705
266708
266709
266710
266715
266944
266945
266946
266948
266949
266950
266951
266954
266955
266960
266961
266962
266963
266966
266967
266968
266970
266971
266990
266991
267456
267457
267458
267459
267460
267461
267462
267463
267464
267465
267466
267467
267472
267473
267474
267475
267478
267479
267480
267481
267482
267483
267500
267501
267502
267503
267715
267720
267721
267724
267725
267726
267727
267740
267741
267742
267743
267744
267745
267746
267747
267750
267751
267752
267753
267754
267755
267757
267827
267831
267832
267833
267834
267836
267837
267838
267900
267901
267902
267903
267906
267907
267911
267912
267913
267914
267916
267917
267923
267927
267928
267929
267930
267932
267933
267934
267939
267944
267945
267948
267949
267950
269118
269119
269183
269184
269185
269186
269188
269189
269190
269195
269200
269201
269202
269204
269205
269206
269207
269211
269231
269264
269265
269268
269269
274376
274377
274380
274381
274396
274397
274398
274403
274407
274408
274409
274410
274413
