49302
49355
49396
49757
49955
49964
49966
50053
50083
50092
50094
50095
50130
50141
51531
51553
51560
51563
51572
51574
52244
52246
52247
52352
52354
52355
52361
52364
52366
52389
52401
52408
52410
52413
52756
52758
52863
52867
52876
52878
52879
52901
52912
52914
52915
52921
52925
52926
53057
53064
53066
53067
53069
53092
53095
53099
53108
53110
53111
53115
58629
58640
58643
58649
58652
58654
58655
58668
58671
58756
58757
58758
58784
58786
58787
58793
58797
58798
58805
58833
58840
58842
58843
58845
61520
61522
61523
61529
61532
61534
61535
61952
61953
61954
61960
61961
61962
61963
61965
61988
61990
61991
61995
62001
62004
62007
62008
62010
62011
62097
62103
62104
62106
62107
62109
62148
62150
62151
62176
62177
62178
62184
62185
62186
62187
62189
62190
62197
62198
62292
62293
62294
62295
63572
63574
63575
63579
63807
63936
63938
63939
63945
63948
63950
63951
63973
63984
63986
63987
63993
63994
63996
63997
63998
63999
64048
64051
64057
64060
64062
64063
64149
64192
64194
64195
64201
64202
64204
64205
64206
64207
64228
64229
64230
64231
64240
64241
64242
64243
64248
64249
64250
64251
64253
64254
64769
64772
64774
64775
64776
64778
64779
64781
64801
64802
64804
64807
64808
64810
64811
64813
64820
64821
64822
64823
64827
64912
64913
64914
64915
64920
64921
64922
64923
64924
64925
64926
64927
64943
64965
64966
64976
64978
64979
64985
64988
64989
64990
64991
64992
64995
65001
65004
65006
65007
135492
135493
135494
135504
135505
135506
135507
135511
135512
135513
135514
135515
135516
135517
135518
135532
135534
135535
136207
136229
136240
136241
136242
136243
136247
136248
136249
136250
136251
136252
136253
136254
136336
136337
136338
136340
136342
136343
136344
136345
136346
136347
136349
136367
136388
136389
136390
136400
136402
136403
136408
136409
136410
136412
136413
136414
136428
136430
136431
136724
136725
136726
136727
136731
136768
136771
136777
136780
136781
136782
136783
136801
136804
136805
136806
136807
136811
136816
136817
136818
136820
136821
136822
136823
136824
136826
136827
136880
136883
136889
136892
136893
136894
136895
137024
137025
137026
137028
137030
137031
137032
137034
137035
137037
137056
137057
137058
137059
137063
137064
137065
137066
137067
137069
137070
137076
137077
137078
138188
138190
138191
138212
138213
138214
138224
138225
138226
138227
138228
138230
138231
138232
138233
138234
138235
138237
214021
214032
214033
214034
214035
214036
214038
214039
214040
214041
214042
214043
214045
214063
214092
214094
214095
214116
214117
214118
214128
214129
214130
214132
214134
214135
214136
214138
214139
214159
214192
214193
214194
214195
214199
214200
214201
214202
214204
214205
214206
214476
214478
214479
214500
214501
214502
214507
214512
214513
214514
214516
214517
214518
214519
214520
214522
214523
214576
214578
214579
214584
214585
214586
214588
214589
214590
214672
214673
214674
214676
214678
214679
214680
214682
214683
214724
214725
214726
214736
214738
214739
214744
214745
214746
214748
214749
214750
214764
214766
214767
218051
218057
218060
218061
218062
218063
218081
218084
218085
218086
218087
218091
218096
218097
218098
218100
218101
218102
218103
218104
218106
218107
219457
219460
219461
219462
219463
219467
219472
219474
219475
219480
219481
219482
219484
219485
219486
219487
219491
219497
219500
219501
219502
219503
220176
220177
220178
220180
220181
220182
220183
220184
220186
220187
220227
220236
220238
220239
220260
220261
220262
220272
220273
220274
220276
220278
220279
220280
220282
220283
220336
220338
220339
220344
220345
220346
220348
220349
220350
220351
220623
220645
220656
220658
220659
220664
220665
220666
220668
220669
220670
220684
220686
220687
220708
220709
220710
220720
220721
220722
220723
220727
220728
220729
220730
220731
220733
220805
220816
220817
220818
220819
220823
220824
220825
220826
220827
220829
220847
220868
220869
220870
220880
220881
220882
220883
220887
220888
220889
220890
220891
220892
220893
220894
220908
220910
220911
224304
224306
224307
224312
224313
224314
224316
224317
224318
224319
224400
224401
224402
224404
224405
224406
224407
224408
224410
224411
224449
224452
224453
224454
224455
224459
224464
224466
224467
224472
224473
224474
224476
224477
224478
224479
224483
224489
224492
224493
224494
224495
224784
224785
224786
224788
224789
224790
224791
224792
224794
224795
224835
224841
224844
224845
224846
224847
224865
224868
224869
224870
224871
224875
224880
224881
224882
224884
224885
224886
224887
224888
224890
224891
224944
224946
224947
224952
224953
224954
224956
224957
224958
224959
225089
225092
225093
225094
225095
225099
225104
225106
225107
225112
225113
225114
225116
225117
225118
225119
225123
225129
225132
225133
225134
225135
294925
294966
295087
295128
295130
295537
295612
295614
295745
295755
295776
295778
295784
295786
297041
297047
297051
297264
297267
297273
297277
297364
297366
297367
297412
297414
297443
297449
297712
297714
297722
297725
298244
298246
298268
298271
298275
298281
298284
298286
298369
298376
298378
298379
298401
298402
298408
298410
298411
298421
298453
303429
303440
303442
303443
303449
303450
303452
303453
303454
303468
303471
304191
304277
304320
304322
304323
304328
304329
304330
304333
304353
304356
304358
304359
304363
304372
304374
304375
304709
304720
304722
304723
304729
304732
304733
304734
304748
304751
304912
304913
304914
304920
304922
304925
305020
305022
305023
305027
305036
305038
305039
305060
305061
305062
305073
305079
305080
305082
305083
305983
306112
306114
306115
306120
306121
306122
306124
306125
306126
306145
306148
306150
306151
306155
306161
306164
306166
306167
306171
308240
308241
308242
308243
308248
308249
308250
308251
308253
308271
308339
308348
308350
308351
308352
308354
308355
308361
308364
308365
308366
308367
308388
308389
308390
308391
308401
308404
308406
308407
308408
308410
308411
308737
308740
308741
308742
308743
308747
308755
308761
308764
308766
308767
308768
308770
308771
308777
308780
308781
308782
308783
308864
308865
308866
308871
308872
308873
308874
308875
308877
308896
308897
308898
308903
308904
308905
308906
308907
308909
308916
308917
308918
308948
308949
308950
309073
309076
309077
309078
309079
309080
309082
309083
