153
208
221
579
585
612
614
631
832
834
845
871
884
886
2133
2307
2313
2316
2318
2340
2342
2353
2359
2363
2448
2450
2456
2458
2461
2515
2521
2526
2543
2815
3328
3330
3336
3338
3341
3361
3367
3371
3380
3382
3461
3475
3481
3484
3486
3503
3536
3538
3544
3546
3549
8533
9216
9218
9219
9225
9228
9229
9230
9252
9253
9254
9255
9265
9268
9270
9271
9272
9275
9360
9361
9362
9363
9368
9369
9370
9373
9413
9424
9426
9427
9433
9436
9437
9438
9452
9455
9792
9793
9794
9800
9801
9802
9805
9825
9828
9831
9832
9835
9844
9845
9846
10005
10051
10057
10060
10062
10084
10085
10086
10097
10103
10104
10107
10172
10175
11260
11263
13312
13313
13314
13315
13320
13321
13322
13325
13326
13345
13348
13350
13351
13352
13355
13364
13365
13366
13367
13371
13445
13456
13458
13459
13465
13466
13468
13469
13470
13484
13486
13487
13509
13520
13521
13522
13523
13528
13529
13530
13531
13532
13533
13534
13551
13845
13846
13888
13890
13891
13896
13897
13898
13900
13901
13902
13903
13921
13924
13925
13926
13927
13931
13937
13940
13942
13943
13944
13946
13947
14012
14014
14015
14144
14145
14146
14147
14151
14152
14153
14154
14155
14157
14176
14177
14178
14180
14182
14183
14184
14186
14187
14189
14196
14197
14198
14199
14271
83013
83024
83025
83026
83027
83031
83032
83033
83034
83035
83037
83055
83215
83237
83248
83249
83250
83251
83255
83256
83257
83258
83259
83261
83332
83333
83334
83344
83345
83346
83347
83351
83352
83353
83354
83355
83357
83358
83372
83375
83397
83408
83409
83410
83411
83412
83414
83415
83416
83417
83418
83419
83421
83439
83663
83685
83696
83697
83698
83699
83703
83704
83705
83706
83707
83709
86796
86798
86799
86820
86821
86822
86832
86833
86834
86836
86838
86839
86840
86841
86842
86843
86916
86917
86918
86928
86929
86930
86931
86935
86936
86937
86938
86940
86941
86942
86956
86958
86959
86992
86993
86994
86995
86996
86998
86999
87000
87001
87002
87003
87005
87023
88325
88336
88337
88338
88339
88343
88344
88345
88346
88347
88348
88349
88350
88364
88367
88399
88421
88432
88433
88434
88435
88439
88440
88441
88442
88443
88444
88445
88446
88460
88462
88463
88484
88485
88486
88496
88497
88498
88499
88500
88502
88503
88504
88505
88506
88507
88509
89157
89168
89169
89170
89171
89175
89176
89177
89178
89179
89181
89199
89359
89381
89392
89393
89394
89395
89400
89401
89402
89404
89405
89406
89488
89489
89490
89492
89494
89495
89496
89498
89499
89537
89540
89541
89542
89543
89547
89555
89561
89564
89565
89566
89567
89568
89571
89577
89580
89581
89582
89583
89804
89806
89807
89828
89829
89830
89840
89841
89842
89843
89844
89847
89848
89849
89850
89851
89853
93391
93413
93424
93425
93426
93427
93431
93432
93433
93434
93435
93436
93437
93438
93765
93776
93777
93778
93779
93780
93782
93783
93784
93785
93786
93787
93789
93807
93956
93957
93958
93968
93969
93970
93971
93975
93976
93977
93978
93979
93980
93981
93982
93996
93998
93999
94031
94053
94064
94065
94066
94067
94071
94072
94073
94074
94075
94076
94077
94078
94092
94094
94095
94116
94117
94118
94128
94129
94130
94131
94132
94134
94135
94136
94137
94138
94139
94141
168197
168208
168209
168210
168211
168212
168215
168216
168217
168218
168219
168221
168239
168268
168271
168293
168294
168304
168305
168306
168307
168308
168311
168312
168313
168314
168315
168317
168335
168357
168368
168369
168370
168371
168375
168376
168377
168378
168379
168381
168382
169167
169189
169200
169201
169202
169203
169207
169208
169209
169210
169211
169212
169213
169214
169552
169553
169554
169556
169558
169559
169560
169561
169562
169563
169565
169732
169733
169734
169744
169746
169747
169752
169753
169754
169756
169757
169758
169759
169763
169769
169772
169774
169775
169855
169856
169857
169858
169859
169864
169865
169866
169867
169868
169869
169870
169889
169890
169892
169893
169894
169895
169896
169898
169899
169905
169908
169909
169910
169911
169915
169941
170764
170767
170789
170800
170801
170802
170803
170807
170808
170809
170810
170811
170813
170885
170896
170897
170898
170899
170900
170903
170904
170905
170906
170907
170909
170927
170949
170950
170960
170961
170962
170963
170967
170968
170969
170970
170971
170973
170974
170988
170991
245774
245911
245992
245994
246352
246355
246361
246556
246558
246660
246662
246663
246701
246709
246747
248128
248130
248137
248166
248177
248184
248187
248853
248908
248911
248933
248944
248946
248953
248957
249020
249023
249360
249362
249369
249370
249373
249473
249480
249482
249483
249505
249511
249512
249515
249524
249526
249527
249556
249558
249669
249695
249696
249699
249705
249708
249710
249711
255233
255240
255242
255243
255245
255268
255270
255271
255275
255284
255286
255287
255291
255377
255378
255384
255386
255387
255389
255429
255430
255456
255458
255459
255465
255468
255470
255471
255477
258132
258133
258134
258352
258355
258361
258364
258366
258367
258453
258496
258498
258499
258505
258506
258508
258509
258510
258532
258533
258534
258535
258545
258551
258552
258554
258555
258557
258755
258764
258766
258767
258789
258800
258802
258803
258809
258812
258813
258814
258815
260161
260164
260165
260166
260167
260171
260192
260193
260194
260195
260200
260201
260202
260203
260204
260205
260206
260212
260213
260214
260612
260614
260615
260619
260640
260641
260642
260648
260649
260650
260651
260653
260660
260661
260662
260741
260752
260754
260755
260761
260764
260765
260766
260767
260780
260783
260805
260816
260818
260819
260825
260828
260830
260831
260835
260844
260846
260847
260945
260948
260950
260951
260952
260954
260955
261393
261396
261398
261399
261400
261402
261403
261405
261491
261500
261502
261503
261504
261506
261507
261513
261514
261516
261517
261518
261519
261540
261541
261542
261543
261552
261553
261554
261559
261560
261561
261562
261563
261565
261589
