33
43
132
134
536
538
627
633
655
696
698
851
857
861
2113
2119
2123
2144
2146
2152
2154
2157
2508
2510
2532
2534
2551
2620
2622
2623
2709
2753
2759
2763
2784
2786
2793
2794
2797
3349
3395
3401
3404
3406
3428
3430
3441
3444
3446
3447
3451
3516
3518
3519
8452
8453
8454
8467
8473
8476
8477
8478
8479
8483
8489
8492
8493
8494
8495
8575
8576
8578
8579
8584
8585
8586
8588
8589
8590
8609
8612
8614
8615
8616
8618
8619
8628
8629
8630
8631
9999
10021
10032
10033
10034
10040
10042
10043
10128
10129
10130
10136
10138
10139
10181
10192
10195
10201
10205
10206
10223
10480
10482
10483
10489
10492
10493
10494
10833
10836
10838
10839
10843
11012
11014
11015
11036
11038
11039
11043
11049
11052
11053
11054
11136
11137
11138
11139
11144
11145
11146
11147
11149
11168
11169
11170
11175
11176
11178
11179
11188
11189
11190
11221
13392
13393
13394
13396
13398
13399
13400
13402
13403
13583
13605
13616
13617
13618
13619
13623
13624
13625
13626
13627
13629
13712
13713
13714
13716
13718
13719
13720
13722
13723
13725
13764
13765
13766
13776
13778
13779
13784
13785
13786
13788
13789
13790
13791
13804
13806
13807
14031
14053
14064
14065
14066
14067
14072
14073
14074
14076
14077
14078
82193
82196
82197
82198
82199
82203
82240
82242
82243
82248
82249
82250
82252
82253
82254
82255
82272
82273
82274
82276
82277
82278
82279
82280
82282
82283
82289
82292
82293
82294
82295
82299
82355
82361
82364
82365
82366
82367
83136
83138
83139
83144
83145
83146
83148
83149
83150
83151
83168
83169
83170
83172
83173
83174
83175
83176
83178
83179
83185
83188
83189
83190
83195
83520
83521
83522
83524
83526
83527
83528
83530
83531
83548
83549
83550
83551
83552
83554
83555
83560
83561
83562
83564
83565
83566
83732
83733
83734
83776
83778
83779
83784
83785
83786
83788
83789
83790
83808
83809
83810
83812
83814
83815
83816
83818
83819
83828
83829
83830
83900
83902
83903
84787
84793
84796
84797
84798
84799
84881
84884
84885
84886
84887
84891
84928
84929
84930
84932
84933
84934
84935
84936
84938
84939
84947
84953
84956
84957
84958
84959
84960
84962
84963
84968
84969
84970
84972
84973
84974
84975
89280
89282
89283
89288
89289
89290
89292
89293
89294
89312
89313
89314
89316
89318
89319
89320
89322
89323
89332
89333
89334
89665
89666
89668
89669
89670
89671
89672
89674
89675
89683
89689
89692
89693
89694
89695
89696
89698
89699
89704
89705
89706
89708
89709
89710
89711
89873
89876
89877
89878
89879
89883
89923
89929
89932
89933
89934
89935
89953
89956
89957
89958
89959
89963
89969
89972
89973
89974
89975
89976
89978
89979
90035
90041
90044
90045
90046
90047
90940
90942
90943
91028
91029
91030
91072
91073
91074
91076
91078
91079
91080
91082
91083
91100
91102
91103
91104
91106
91107
91112
91113
91114
91116
91117
91118
92436
92437
92438
92480
92481
92482
92483
92487
92488
92489
92490
92491
92492
92493
92494
92511
92512
92513
92514
92516
92518
92519
92520
92521
92522
92523
92532
92533
92534
92604
92606
92607
93205
93248
93249
93250
93251
93252
93254
93255
93256
93257
93258
93259
93261
93276
93278
93279
93280
93281
93282
93283
93287
93288
93289
93290
93291
93292
93293
93294
93375
93500
93502
93503
93588
93589
93590
93632
93633
93634
93636
93638
93639
93640
93642
93643
93660
93662
93663
93664
93666
93667
93672
93673
93674
93676
93677
93678
93888
93890
93891
93895
93896
93897
93898
93900
93901
93902
93919
93920
93921
93922
93924
93926
93927
93928
93929
93930
93931
93940
93941
93942
169024
169025
169026
169028
169029
169030
169031
169032
169034
169035
169043
169049
169052
169053
169054
169055
169056
169058
169059
169064
169065
169066
169068
169069
169070
169071
169276
169278
169279
169365
169366
169408
169409
169410
169411
169415
169416
169417
169418
169419
169421
169422
169441
169442
169444
169446
169447
169448
169450
169451
169453
169457
169460
169461
169462
169463
169467
169535
169621
169664
169665
169666
169667
169672
169673
169674
169676
169677
169678
169696
169697
169698
169700
169702
169703
169704
169706
169707
169716
169717
169718
169719
169723
245775
245817
245990
246001
246008
246359
246571
246580
246583
246673
246682
246685
246754
246773
248144
248146
248147
248153
248156
248158
248863
248876
248879
248965
248992
248995
249001
249004
249006
249007
249040
249042
249049
249054
249412
249414
249415
249441
249448
249450
249453
249461
249462
249617
249624
249626
249627
249629
249729
249736
249738
249739
249741
249764
249767
249771
249780
249783
249812
249814
249815
255296
255297
255298
255299
255305
255306
255309
255310
255332
255333
255334
255345
255352
255354
255355
255357
258069
258163
258172
258175
258176
258178
258179
258185
258188
258190
258191
258213
258224
258226
258227
258233
258236
258238
258239
258581
258582
258684
258687
258688
258690
258691
258697
258700
258702
258703
258725
258736
258738
258739
258745
258748
258749
258750
258751
258773
258880
258881
258882
258883
258888
258889
258890
258891
258892
258893
258894
258916
258917
258918
258919
258929
258930
258936
258938
258939
258941
260369
260372
260375
260376
260378
260379
260381
260481
260484
260487
260488
260490
260491
260493
260513
260516
260518
260519
260520
260522
260523
260529
260532
260534
260535
260536
260538
260539
260564
260566
260567
260571
261188
261190
261191
261216
261217
261218
261224
261225
261226
261227
261229
261230
261236
261237
261238
261239
261637
261638
261648
261650
261651
261657
261660
261662
261663
261664
261666
261667
261673
261676
261678
261679
261685
261765
261766
261779
261788
261791
261792
261794
261795
261801
261802
261804
261805
261806
261807
261813
261840
261841
261842
261843
261848
261849
261850
261851
261852
261853
261854
261855
261968
261969
261970
261971
261976
261977
261978
261979
261980
261981
261982
261983
261996
261999
