65686
65739
65780
66141
66339
66348
66350
66437
66467
66476
66478
66479
66514
66525
67915
67937
67944
67947
67956
67958
68628
68630
68631
68736
68738
68739
68745
68748
68750
68773
68785
68792
68794
68797
69140
69142
69247
69251
69260
69262
69263
69285
69296
69298
69299
69305
69309
69310
69441
69448
69450
69451
69453
69476
69479
69483
69492
69494
69495
69499
75013
75024
75027
75033
75036
75038
75039
75052
75055
75140
75141
75142
75168
75170
75171
75177
75181
75182
75189
75217
75224
75226
75227
75229
77904
77906
77907
77913
77916
77918
77919
78336
78337
78338
78344
78345
78346
78347
78349
78372
78374
78375
78379
78385
78388
78391
78392
78394
78395
78481
78487
78488
78490
78491
78493
78532
78534
78535
78560
78561
78562
78568
78569
78570
78571
78573
78574
78581
78582
78676
78677
78678
78679
79956
79958
79959
79963
80191
80320
80322
80323
80329
80332
80334
80335
80357
80368
80370
80371
80377
80378
80380
80381
80382
80383
80432
80435
80441
80444
80446
80447
80533
80576
80578
80579
80585
80586
80588
80589
80590
80591
80612
80613
80614
80615
80624
80625
80626
80627
80632
80633
80634
80635
80637
80638
81153
81156
81158
81159
81160
81162
81163
81165
81185
81186
81188
81191
81192
81194
81195
81197
81204
81205
81206
81207
81211
81296
81297
81298
81299
81304
81305
81306
81307
81308
81309
81310
81311
81327
81349
81350
81360
81362
81363
81369
81372
81373
81374
81375
81376
81379
81385
81388
81390
81391
151876
151877
151878
151888
151889
151890
151891
151895
151896
151897
151898
151899
151900
151901
151902
151916
151918
151919
152591
152613
152624
152625
152626
152627
152631
152632
152633
152634
152635
152636
152637
152638
152720
152721
152722
152724
152726
152727
152728
152729
152730
152731
152733
152751
152772
152773
152774
152784
152786
152787
152792
152793
152794
152796
152797
152798
152812
152814
152815
153108
153109
153110
153111
153115
153152
153155
153161
153164
153165
153166
153167
153185
153188
153189
153190
153191
153195
153200
153201
153202
153204
153205
153206
153207
153208
153210
153211
153264
153267
153273
153276
153277
153278
153279
153408
153409
153410
153412
153414
153415
153416
153418
153419
153421
153440
153441
153442
153443
153447
153448
153449
153450
153451
153453
153454
153460
153461
153462
154572
154574
154575
154596
154597
154598
154608
154609
154610
154611
154612
154614
154615
154616
154617
154618
154619
154621
230405
230416
230417
230418
230419
230420
230422
230423
230424
230425
230426
230427
230429
230447
230476
230478
230479
230500
230501
230502
230512
230513
230514
230516
230518
230519
230520
230522
230523
230543
230576
230577
230578
230579
230583
230584
230585
230586
230588
230589
230590
230860
230862
230863
230884
230885
230886
230891
230896
230897
230898
230900
230901
230902
230903
230904
230906
230907
230960
230962
230963
230968
230969
230970
230972
230973
230974
231056
231057
231058
231060
231062
231063
231064
231066
231067
231108
231109
231110
231120
231122
231123
231128
231129
231130
231132
231133
231134
231148
231150
231151
234435
234441
234444
234445
234446
234447
234465
234468
234469
234470
234471
234475
234480
234481
234482
234484
234485
234486
234487
234488
234490
234491
235841
235844
235845
235846
235847
235851
235856
235858
235859
235864
235865
235866
235868
235869
235870
235871
235875
235881
235884
235885
235886
235887
236560
236561
236562
236564
236565
236566
236567
236568
236570
236571
236611
236620
236622
236623
236644
236645
236646
236656
236657
236658
236660
236662
236663
236664
236666
236667
236720
236722
236723
236728
236729
236730
236732
236733
236734
236735
237007
237029
237040
237042
237043
237048
237049
237050
237052
237053
237054
237068
237070
237071
237092
237093
237094
237104
237105
237106
237107
237111
237112
237113
237114
237115
237117
237189
237200
237201
237202
237203
237207
237208
237209
237210
237211
237213
237231
237252
237253
237254
237264
237265
237266
237267
237271
237272
237273
237274
237275
237276
237277
237278
237292
237294
237295
240688
240690
240691
240696
240697
240698
240700
240701
240702
240703
240784
240785
240786
240788
240789
240790
240791
240792
240794
240795
240833
240836
240837
240838
240839
240843
240848
240850
240851
240856
240857
240858
240860
240861
240862
240863
240867
240873
240876
240877
240878
240879
241168
241169
241170
241172
241173
241174
241175
241176
241178
241179
241219
241225
241228
241229
241230
241231
241249
241252
241253
241254
241255
241259
241264
241265
241266
241268
241269
241270
241271
241272
241274
241275
241328
241330
241331
241336
241337
241338
241340
241341
241342
241343
241473
241476
241477
241478
241479
241483
241488
241490
241491
241496
241497
241498
241500
241501
241502
241503
241507
241513
241516
241517
241518
241519
311309
311350
311471
311512
311514
311921
311996
311998
312129
312139
312160
312162
312168
312170
313425
313431
313435
313648
313651
313657
313661
313748
313750
313751
313796
313798
313827
313833
314096
314098
314106
314109
314628
314630
314652
314655
314659
314665
314668
314670
314753
314760
314762
314763
314785
314786
314792
314794
314795
314805
314837
319813
319824
319826
319827
319833
319834
319836
319837
319838
319852
319855
320575
320661
320704
320706
320707
320712
320713
320714
320717
320737
320740
320742
320743
320747
320756
320758
320759
321093
321104
321106
321107
321113
321116
321117
321118
321132
321135
321296
321297
321298
321304
321306
321309
321404
321406
321407
321411
321420
321422
321423
321444
321445
321446
321457
321463
321464
321466
321467
322367
322496
322498
322499
322504
322505
322506
322508
322509
322510
322529
322532
322534
322535
322539
322545
322548
322550
322551
322555
324624
324625
324626
324627
324632
324633
324634
324635
324637
324655
324723
324732
324734
324735
324736
324738
324739
324745
324748
324749
324750
324751
324772
324773
324774
324775
324785
324788
324790
324791
324792
324794
324795
325121
325124
325125
325126
325127
325131
325139
325145
325148
325150
325151
325152
325154
325155
325161
325164
325165
325166
325167
325248
325249
325250
325255
325256
325257
325258
325259
325261
325280
325281
325282
325287
325288
325289
325290
325291
325293
325300
325301
325302
325332
325333
325334
325457
325460
325461
325462
325463
325464
325466
325467
