32927
32931
33285
33299
33305
33309
33327
33404
33406
33420
33422
33617
34836
34837
34838
34892
34894
34916
34918
34932
34934
34935
35004
35006
35007
35312
35314
35320
35322
35376
35378
35384
35386
35389
35473
35479
35483
35525
35539
35545
35549
35567
36161
36164
36167
36171
36191
36192
36195
36201
36205
41041
41044
41046
41047
41048
41050
41051
41228
41230
41231
41252
41253
41254
41264
41265
41266
41271
41272
41274
41275
41277
41349
41360
41361
41362
41363
41367
41368
41369
41370
41371
41373
41391
41413
41424
41426
41427
41432
41433
41434
41437
41455
41712
41714
41715
41720
41721
41722
41724
41725
41726
42815
42901
42944
42946
42952
42954
42957
42976
42977
42978
42983
42984
42986
42987
42997
43200
43202
43203
43208
43209
43210
43213
43233
43239
43240
43242
43243
43252
43253
43254
43585
43588
43590
43591
43595
43612
43614
43615
43619
43625
43628
43629
43630
43793
43796
43798
43799
43803
43852
43854
43855
43876
43877
43878
43888
43889
43890
43892
43894
43895
43896
43898
43899
43955
43961
43964
43965
43966
46340
46341
46342
46343
46355
46361
46364
46365
46366
46367
46371
46377
46380
46381
46382
46383
46451
46460
46462
46463
46464
46466
46467
46472
46473
46474
46476
46477
46478
46479
46497
46500
46501
46502
46503
46504
46507
46513
46516
46517
46518
46519
46523
114772
114773
114774
114944
114945
114946
114947
114951
114952
114953
114954
114955
114956
114957
114958
114975
114976
114977
114978
114979
114980
114982
114983
114984
114985
114986
114987
114989
114996
114997
114998
115071
115072
115073
115074
115075
115076
115078
115079
115080
115081
115082
115083
115085
115100
115102
115103
115104
115105
115106
115107
115111
115112
115113
115114
115115
115116
115117
115118
115125
115156
115157
115158
115452
115454
115455
115967
116309
116480
116481
116482
116483
116487
116488
116489
116490
116491
116493
116511
116512
116513
116514
116515
116519
116520
116521
116522
116523
116525
116533
116607
116608
116609
116610
116611
116615
116616
116617
116618
116619
116621
116639
116640
116641
116642
116643
116647
116648
116649
116650
116651
116653
116661
116693
116988
116991
117332
117333
117334
117504
117505
117506
117507
117508
117510
117511
117512
117513
117514
117515
117517
117532
117534
117535
117536
117537
117538
117539
117543
117544
117545
117546
117547
117548
117549
117550
117557
117628
117630
117631
117632
117633
117634
117635
117639
117640
117641
117642
117643
117644
117645
117646
117663
117664
117665
117666
117667
117668
117670
117671
117672
117673
117674
117675
117677
117684
117685
117686
117717
122111
122453
122624
122625
122626
122627
122631
122632
122633
122634
122635
122636
122637
122638
122655
122656
122657
122658
122659
122660
122662
122663
122664
122665
122666
122667
122669
122676
122677
122678
122752
122753
122754
122756
122758
122759
122760
122762
122763
122780
122782
122783
122784
122786
122787
122792
122793
122794
122796
122797
122798
122805
122836
122837
122838
123132
123134
123135
123477
123478
123648
123649
123650
123651
123655
123656
123657
123658
123659
123661
123679
123680
123681
123682
123683
123687
123688
123689
123690
123691
123693
123701
123775
123776
123777
123778
123779
123783
123784
123785
123786
123787
123789
123807
123808
123809
123810
123811
123815
123816
123817
123818
123819
123821
123829
123861
125013
125184
125185
125186
125187
125191
125192
125193
125194
125195
125197
125215
125216
125217
125218
125219
125223
125224
125225
125226
125227
125229
125237
125311
125312
125313
125314
125315
125319
125320
125321
125322
125323
125325
125343
125344
125345
125346
125347
125351
125352
125353
125354
125355
125357
125365
125397
125695
126037
126208
126209
126210
126211
126215
126216
126217
126218
126219
126221
126239
126240
126241
126242
126243
126247
126248
126249
126250
126251
126253
126261
126335
126336
126337
126338
126339
126343
126344
126345
126346
126347
126349
126367
126368
126369
126370
126371
126375
126376
126377
126378
126379
126381
126389
126421
126719
201813
201984
201985
201986
201987
201988
201990
201991
201992
201993
201994
201995
201997
202012
202015
202016
202017
202018
202019
202023
202024
202025
202026
202027
202029
202030
202037
202113
202114
202116
202118
202119
202120
202122
202123
202140
202143
202144
202145
202146
202147
202151
202152
202153
202154
202155
202156
202157
202158
202165
202193
202196
202197
202198
202199
202200
202203
202495
278576
278579
278677
278722
279297
279306
279309
279332
279334
279335
279352
279355
279447
279531
279540
279543
280913
280920
280922
280923
281604
281606
281607
281633
281642
281645
281654
281746
281757
281797
281824
281826
281827
281833
281836
281838
281845
282192
282194
282195
282201
282204
282206
282207
282373
282396
282399
282400
282403
282412
282415
282501
282527
282528
282531
282537
282540
282542
282543
282576
282578
282579
282585
282588
282590
282591
288069
288070
288096
288098
288099
288105
288108
288110
288111
288117
290833
290834
290841
290842
290845
290846
290948
290950
290951
290977
290984
290986
290987
290989
290996
290997
290998
290999
291025
291032
291034
291035
291037
291393
291396
291398
291399
291400
291403
291425
291428
291431
291432
291434
291435
291437
291444
291446
291447
291451
291601
291604
291606
291607
291608
291611
291713
291720
291722
291723
291725
291748
291750
291751
291755
291761
291764
291767
291768
291770
291771
291773
291796
291798
291799
293184
293185
293186
293187
293192
293193
293194
293195
293196
293197
293198
293199
293220
293221
293222
293223
293233
293234
293240
293241
293242
293243
293245
293246
293908
293909
293910
293911
294012
294015
294016
294018
294019
294025
294028
294029
294030
294031
294053
294054
294064
294065
294066
294067
294073
294074
294076
294077
294078
294079
294101
294421
294464
294466
294467
294473
294476
294478
294479
294501
294512
294514
294515
294521
294524
294526
294527
294528
294531
294537
294540
294542
294543
294565
294576
294578
294579
294585
294588
294590
294591
294677
294720
294722
294723
294729
294730
294732
294733
294734
294735
294756
294757
294758
294768
294769
294770
294771
294776
294777
294778
294779
294780
294781
294782
294783
294832
294835
294844
294847
