52
147
210
533
588
590
635
703
840
842
865
875
885
2132
2134
2319
2341
2354
2360
2362
2449
2459
2501
2524
2527
2540
2542
2803
2809
2812
2814
3329
3335
3339
3360
3362
3368
3370
3373
3381
3460
3462
3463
3487
3488
3491
3497
3500
3501
3502
3537
3540
3542
3543
3547
8529
8532
8534
8535
8536
8539
9231
9264
9266
9267
9273
9274
9276
9277
9278
9364
9366
9367
9371
9409
9412
9414
9415
9419
9439
9440
9442
9443
9448
9449
9450
9453
9454
9461
9796
9798
9799
9803
9823
9824
9826
9827
9833
9834
9837
9838
10004
10006
10007
10011
10063
10096
10098
10099
10105
10106
10109
10160
10162
10163
10169
10173
10174
11215
11237
11248
11250
11251
11256
11257
11258
11261
11262
13316
13317
13318
13319
13323
13340
13342
13343
13344
13346
13347
13353
13354
13356
13357
13358
13441
13444
13446
13447
13448
13450
13451
13471
13472
13473
13474
13475
13480
13481
13482
13483
13485
13493
13524
13525
13526
13527
13840
13841
13842
13844
13847
13848
13850
13851
13853
13936
13938
13939
13945
13948
13949
13950
13951
13955
13964
13966
13967
13988
13989
13990
14000
14001
14002
14003
14007
14008
14009
14010
14011
14013
14148
14149
14150
14160
14162
14163
14169
14172
14173
14174
14175
14179
14185
14188
14190
14191
82965
83008
83009
83010
83011
83012
83014
83015
83016
83017
83018
83019
83021
83036
83038
83039
83040
83041
83042
83043
83047
83048
83049
83050
83051
83052
83053
83054
83061
83135
83260
83262
83263
83348
83349
83350
83392
83393
83394
83395
83396
83398
83399
83400
83401
83402
83403
83405
83420
83422
83423
83424
83425
83426
83427
83431
83432
83433
83434
83436
83437
83438
83519
83605
83648
83649
83650
83651
83655
83656
83657
83658
83659
83660
83661
83662
83679
83680
83681
83682
83683
83684
83686
83687
83688
83689
83690
83691
83693
83700
83701
83702
86835
86844
86845
86846
86847
86932
86933
86934
86939
86976
86977
86978
86980
86981
86982
86983
86984
86986
86987
87004
87006
87007
87008
87010
87011
87016
87017
87018
87020
87021
87022
88340
88341
88342
88384
88386
88387
88392
88393
88394
88396
88397
88398
88416
88417
88418
88420
88422
88423
88424
88426
88427
88436
88437
88438
88508
88510
88511
89152
89153
89154
89156
89158
89159
89160
89161
89162
89163
89165
89180
89182
89183
89184
89185
89186
89187
89191
89192
89193
89194
89195
89196
89197
89198
89205
89407
89493
89536
89538
89539
89544
89545
89546
89548
89549
89550
89569
89570
89572
89574
89575
89576
89578
89579
89585
89588
89589
89590
89591
89595
89660
89662
89663
89748
89749
89750
89792
89793
89794
89795
89799
89800
89801
89802
89803
89805
89823
89824
89825
89826
89827
89831
89832
89833
89834
89835
89837
89845
89846
93376
93378
93379
93384
93385
93386
93388
93389
93390
93408
93409
93410
93412
93414
93415
93416
93418
93419
93428
93429
93430
93760
93761
93762
93764
93766
93767
93768
93770
93771
93788
93790
93791
93792
93794
93795
93800
93801
93802
93804
93805
93806
93972
93973
93974
94016
94018
94019
94024
94025
94026
94028
94029
94030
94048
94049
94050
94052
94054
94055
94056
94058
94059
94068
94069
94070
94140
94142
94143
168213
168214
168256
168257
168258
168259
168263
168264
168265
168266
168267
168269
168270
168287
168288
168289
168290
168291
168292
168295
168296
168297
168298
168299
168301
168309
168310
168380
168383
169023
169109
169152
169153
169154
169155
169159
169160
169161
169162
169163
169164
169165
169166
169183
169184
169185
169186
169187
169188
169190
169191
169192
169193
169194
169195
169197
169204
169205
169206
169537
169538
169540
169541
169542
169543
169544
169546
169547
169555
169564
169566
169567
169568
169570
169571
169576
169577
169578
169580
169581
169582
169583
169745
169748
169749
169750
169751
169755
169795
169801
169804
169806
169807
169828
169829
169830
169840
169841
169842
169843
169847
169848
169849
169850
169851
169852
169853
169854
169871
169904
169906
169907
169912
169913
169914
169916
169917
169918
169919
170812
170814
170815
170901
170902
170944
170945
170946
170947
170948
170951
170952
170953
170954
170955
170957
170972
170975
170976
170977
170978
170979
170983
170984
170985
170986
170987
170989
170990
170997
245821
245908
245985
245995
246006
246354
246533
246559
246575
246688
246690
246697
246737
246744
246746
248129
248136
248138
248141
248164
248167
248183
248947
248956
248958
248959
248975
249008
249010
249011
249017
249022
249361
249367
249368
249371
249472
249474
249481
249485
249508
249510
249521
249528
249530
249531
249557
249668
249670
249671
249697
249698
249704
249706
249709
249717
255236
255238
255239
255264
255265
255266
255267
255272
255273
255274
255277
255278
255285
255376
255379
255385
255388
255390
255391
255404
255407
255440
255442
255443
255449
255452
255454
255455
258129
258135
258136
258138
258139
258141
258511
258544
258546
258547
258553
258556
258558
258559
258563
258572
258574
258575
258597
258608
258610
258611
258617
258620
258621
258622
258623
258708
258709
258710
258752
258753
258754
258760
258761
258762
258763
258765
258788
258790
258791
258801
258804
258807
258808
258810
258811
260176
260177
260178
260179
260184
260185
260186
260188
260189
260190
260191
260207
260608
260609
260610
260611
260616
260617
260618
260620
260621
260622
260623
260644
260645
260646
260647
260657
260658
260663
260664
260666
260667
260669
260753
260756
260758
260759
260760
260762
260763
260801
260804
260806
260807
260808
260811
260832
260833
260834
260840
260841
260842
260843
260845
260852
260853
260854
260855
260949
261381
261392
261394
261395
261401
261404
261406
261407
261408
261411
261417
261420
261422
261423
261505
261508
261509
261510
261511
261512
261515
261536
261537
261538
261539
261544
261545
261546
261547
261548
261549
261550
261556
261557
261558
261585
261588
261590
261591
261592
261594
261595
