49165
49206
49327
49368
49370
49777
49852
49854
49985
49995
50016
50018
50024
50026
51281
51287
51291
51504
51507
51513
51517
51604
51606
51607
51652
51654
51683
51689
51952
51954
51962
51965
52484
52486
52508
52511
52515
52521
52524
52526
52609
52616
52618
52619
52641
52642
52648
52650
52651
52661
52693
57669
57680
57682
57683
57689
57690
57692
57693
57694
57708
57711
58431
58517
58560
58562
58563
58568
58569
58570
58573
58593
58596
58598
58599
58603
58612
58614
58615
58949
58960
58962
58963
58969
58972
58973
58974
58988
58991
59152
59153
59154
59160
59162
59165
59260
59262
59263
59267
59276
59278
59279
59300
59301
59302
59313
59319
59320
59322
59323
60223
60352
60354
60355
60360
60361
60362
60364
60365
60366
60385
60388
60390
60391
60395
60401
60404
60406
60407
60411
62480
62481
62482
62483
62488
62489
62490
62491
62493
62511
62579
62588
62590
62591
62592
62594
62595
62601
62604
62605
62606
62607
62628
62629
62630
62631
62641
62644
62646
62647
62648
62650
62651
62977
62980
62981
62982
62983
62987
62995
63001
63004
63006
63007
63008
63010
63011
63017
63020
63021
63022
63023
63104
63105
63106
63111
63112
63113
63114
63115
63117
63136
63137
63138
63143
63144
63145
63146
63147
63149
63156
63157
63158
63188
63189
63190
63313
63316
63317
63318
63319
63320
63322
63323
132101
132112
132113
132114
132115
132116
132118
132119
132120
132121
132122
132123
132125
132143
132172
132174
132175
132196
132197
132198
132208
132209
132210
132212
132214
132215
132216
132218
132219
132239
132272
132273
132274
132275
132279
132280
132281
132282
132284
132285
132286
132556
132558
132559
132580
132581
132582
132587
132592
132593
132594
132596
132597
132598
132599
132600
132602
132603
132656
132658
132659
132664
132665
132666
132668
132669
132670
132752
132753
132754
132756
132758
132759
132760
132762
132763
132804
132805
132806
132816
132818
132819
132824
132825
132826
132828
132829
132830
132844
132846
132847
136131
136137
136140
136141
136142
136143
136161
136164
136165
136166
136167
136171
136176
136177
136178
136180
136181
136182
136183
136184
136186
136187
137537
137540
137541
137542
137543
137547
137552
137554
137555
137560
137561
137562
137564
137565
137566
137567
137571
137577
137580
137581
137582
137583
138256
138257
138258
138260
138261
138262
138263
138264
138266
138267
138307
138316
138318
138319
138340
138341
138342
138352
138353
138354
138356
138358
138359
138360
138362
138363
138416
138418
138419
138424
138425
138426
138428
138429
138430
138431
138703
138725
138736
138738
138739
138744
138745
138746
138748
138749
138750
138764
138766
138767
138788
138789
138790
138800
138801
138802
138803
138807
138808
138809
138810
138811
138813
138885
138896
138897
138898
138899
138903
138904
138905
138906
138907
138909
138927
138948
138949
138950
138960
138961
138962
138963
138967
138968
138969
138970
138971
138972
138973
138974
138988
138990
138991
142384
142386
142387
142392
142393
142394
142396
142397
142398
142399
142480
142481
142482
142484
142485
142486
142487
142488
142490
142491
142529
142532
142533
142534
142535
142539
142544
142546
142547
142552
142553
142554
142556
142557
142558
142559
142563
142569
142572
142573
142574
142575
142864
142865
142866
142868
142869
142870
142871
142872
142874
142875
142915
142921
142924
142925
142926
142927
142945
142948
142949
142950
142951
142955
142960
142961
142962
142964
142965
142966
142967
142968
142970
142971
143024
143026
143027
143032
143033
143034
143036
143037
143038
143039
143169
143172
143173
143174
143175
143179
143184
143186
143187
143192
143193
143194
143196
143197
143198
143199
143203
143209
143212
143213
143214
143215
217412
217413
217414
217424
217425
217426
217427
217431
217432
217433
217434
217435
217436
217437
217438
217452
217454
217455
218127
218149
218160
218161
218162
218163
218167
218168
218169
218170
218171
218172
218173
218174
218256
218257
218258
218260
218262
218263
218264
218265
218266
218267
218269
218287
218308
218309
218310
218320
218322
218323
218328
218329
218330
218332
218333
218334
218348
218350
218351
218644
218645
218646
218647
218651
218688
218691
218697
218700
218701
218702
218703
218721
218724
218725
218726
218727
218731
218736
218737
218738
218740
218741
218742
218743
218744
218746
218747
218800
218803
218809
218812
218813
218814
218815
218944
218945
218946
218948
218950
218951
218952
218954
218955
218957
218976
218977
218978
218979
218983
218984
218985
218986
218987
218989
218990
218996
218997
218998
220108
220110
220111
220132
220133
220134
220144
220145
220146
220147
220148
220150
220151
220152
220153
220154
220155
220157
295062
295115
295156
295517
295715
295724
295726
295813
295843
295852
295854
295855
295890
295901
297291
297313
297320
297323
297332
297334
298004
298006
298007
298112
298114
298115
298121
298124
298126
298149
298161
298168
298170
298173
298516
298518
298623
298627
298636
298638
298639
298661
298672
298674
298675
298681
298685
298686
298817
298824
298826
298827
298829
298852
298855
298859
298868
298870
298871
298875
304389
304400
304403
304409
304412
304414
304415
304428
304431
304516
304517
304518
304544
304546
304547
304553
304557
304558
304565
304593
304600
304602
304603
304605
307280
307282
307283
307289
307292
307294
307295
307712
307713
307714
307720
307721
307722
307723
307725
307748
307750
307751
307755
307761
307764
307767
307768
307770
307771
307857
307863
307864
307866
307867
307869
307908
307910
307911
307936
307937
307938
307944
307945
307946
307947
307949
307950
307957
307958
308052
308053
308054
308055
309332
309334
309335
309339
309567
309696
309698
309699
309705
309708
309710
309711
309733
309744
309746
309747
309753
309754
309756
309757
309758
309759
309808
309811
309817
309820
309822
309823
309909
309952
309954
309955
309961
309962
309964
309965
309966
309967
309988
309989
309990
309991
310000
310001
310002
310003
310008
310009
310010
310011
310013
310014
310529
310532
310534
310535
310536
310538
310539
310541
310561
310562
310564
310567
310568
310570
310571
310573
310580
310581
310582
310583
310587
310672
310673
310674
310675
310680
310681
310682
310683
310684
310685
310686
310687
310703
310725
310726
310736
310738
310739
310745
310748
310749
310750
310751
310752
310755
310761
310764
310766
310767
