16513
16523
16597
16900
16902
16940
16942
17023
17027
17033
17037
17236
17238
18448
18450
18451
18456
18457
18458
18461
18547
18553
18557
18575
18597
18608
18609
18610
18615
18616
18618
18619
18940
18942
18956
18958
18980
18982
18996
18998
18999
19077
19091
19097
19101
19119
19153
19159
19163
19792
19794
19800
19802
24597
24640
24641
24642
24643
24647
24648
24649
24650
24651
24653
24672
24673
24674
24679
24680
24682
24683
24685
24692
24693
24694
24767
25024
25026
25027
25033
25036
25037
25038
25057
25060
25062
25063
25067
25076
25077
25078
25148
25150
25151
25236
25237
25238
25280
25281
25282
25284
25286
25287
25288
25290
25291
25308
25310
25311
25312
25314
25315
25320
25321
25322
25324
25325
25326
26575
26597
26608
26609
26610
26616
26618
26619
26672
26674
26675
26680
26681
26682
26685
26768
26769
26770
26775
26776
26778
26779
26821
26832
26834
26835
26841
26844
26845
26846
26863
27153
27156
27158
27159
27163
27212
27214
27215
27236
27237
27238
27249
27252
27254
27255
27259
27315
27321
27324
27325
27326
27457
27460
27461
27462
27463
27467
27475
27481
27484
27485
27486
27487
27491
27497
27500
27501
27502
27503
29973
30016
30017
30018
30019
30023
30024
30025
30026
30027
30029
30047
30048
30049
30050
30051
30055
30056
30057
30058
30059
30061
30069
30143
98325
98368
98369
98370
98371
98372
98374
98375
98376
98377
98378
98379
98381
98396
98398
98399
98400
98401
98402
98403
98407
98408
98409
98410
98411
98412
98413
98414
98421
98495
98620
98622
98623
98708
98709
98710
98752
98753
98754
98755
98756
98758
98759
98760
98761
98762
98763
98765
98780
98782
98783
98784
98785
98786
98787
98791
98792
98793
98794
98795
98796
98797
98798
98805
98879
98965
99008
99009
99010
99011
99015
99016
99017
99018
99019
99020
99021
99022
99039
99040
99041
99042
99043
99044
99046
99047
99048
99049
99050
99051
99053
99060
99061
99062
100156
100158
100159
100244
100245
100246
100288
100289
100290
100292
100294
100295
100296
100298
100299
100316
100318
100319
100320
100322
100323
100328
100329
100330
100332
100333
100334
100544
100546
100547
100552
100553
100554
100556
100557
100558
100575
100576
100577
100578
100580
100582
100583
100584
100585
100586
100587
100596
100597
100598
100885
100928
100929
100930
100931
100932
100934
100935
100936
100937
100938
100939
100941
100956
100958
100959
100960
100961
100962
100963
100967
100968
100969
100970
100971
100972
100973
100974
100981
101055
101140
101141
101142
101184
101185
101186
101187
101191
101192
101193
101194
101195
101196
101197
101198
101215
101216
101217
101218
101219
101220
101222
101223
101224
101225
101226
101227
101229
101236
101237
101238
101308
101310
101311
106300
106302
106303
106388
106389
106390
106432
106433
106434
106435
106436
106438
106439
106440
106441
106442
106443
106445
106463
106464
106465
106466
106467
106471
106472
106473
106474
106475
106477
106478
106485
106559
106645
106688
106689
106690
106691
106695
106696
106697
106698
106699
106700
106701
106702
106719
106720
106721
106722
106723
106724
106726
106727
106728
106729
106730
106731
106733
106740
106741
106742
107072
107073
107074
107076
107078
107079
107080
107082
107083
107100
107102
107103
107104
107106
107107
107112
107113
107114
107116
107117
107118
107125
107284
107285
107286
107328
107330
107331
107336
107337
107338
107340
107341
107342
107360
107361
107362
107364
107366
107367
107368
107370
107371
107380
107381
107382
107452
107454
107455
108608
108609
108610
108612
108614
108615
108616
108618
108619
108636
108638
108639
108640
108642
108643
108648
108649
108650
108652
108653
108654
108860
108862
108863
108948
108949
108950
108992
108993
108994
108996
108998
108999
109000
109002
109003
109020
109022
109023
109024
109026
109027
109032
109033
109034
109036
109037
109038
109248
109250
109251
109256
109257
109258
109260
109261
109262
109280
109281
109282
109284
109286
109287
109288
109290
109291
109300
109301
109302
109844
109845
109846
109888
109890
109891
109896
109897
109898
109900
109901
109902
109920
109921
109922
109924
109926
109927
109928
109930
109931
109940
109941
109942
110012
110014
110015
185620
185621
185622
185664
185665
185666
185667
185672
185673
185674
185676
185677
185678
185697
185698
185700
185701
185702
185703
185704
185706
185707
185713
185716
185717
185718
185719
185720
185723
185788
185790
185791
262207
262336
262339
262348
262386
262393
262398
262741
262914
262921
263142
263153
263162
263165
264532
264534
265217
265224
265226
265227
265229
265252
265254
265255
265265
265272
265274
265275
265277
265364
265366
265367
265416
265419
265444
265447
265464
265467
265812
265815
265816
265819
265988
265991
266017
266024
266027
266036
266038
266039
266129
266136
266138
266139
266141
266180
266182
266183
266209
266216
266218
266219
266221
266228
266230
266231
271697
271704
271706
271707
271709
274436
274438
274439
274465
274466
274472
274474
274475
274477
274484
274485
274486
274487
274577
274578
274584
274585
274586
274589
274590
274629
274630
274656
274657
274658
274659
274665
274666
274668
274669
274670
274671
274677
274678
275024
275025
275026
275027
275033
275034
275036
275037
275038
275039
275205
275232
275234
275235
275241
275244
275246
275247
275253
275344
275346
275347
275353
275356
275358
275359
275397
275411
275420
275423
275424
275426
275427
275433
275436
275438
275439
275445
276805
276816
276818
276819
276825
276828
276830
276831
276832
276835
276844
276847
277509
277520
277522
277523
277529
277532
277534
277535
277536
277538
277539
277545
277548
277550
277551
277557
277637
277648
277650
277651
277657
277660
277662
277663
277664
277666
277667
277673
277676
277678
277679
277685
277701
277712
277714
277715
277721
277724
277726
277727
277728
277731
277737
277740
277742
277743
278085
278096
278099
278108
278111
278112
278114
278115
278121
278124
278126
278127
278133
278288
278289
278290
278291
278297
278298
278300
278301
278302
278303
278316
278319
278404
278405
278406
278407
278432
278433
278434
278435
278440
278441
278442
278443
278444
278445
278446
278447
278453
278454
278480
278481
278482
278483
278488
278489
278490
278491
278492
278493
278494
278495
