16387
16440
16580
16621
16629
16991
17007
17170
17181
17281
17288
17290
17291
17323
17332
17334
18709
18800
18803
18809
18814
18867
18873
18876
18878
19521
19528
19530
19533
19556
19559
19572
19574
19575
19972
19974
20000
20002
20003
20009
20013
20014
20021
20101
20127
20131
20140
20142
20143
20178
20184
20186
20189
20305
20312
20314
20315
25684
25686
25687
25907
25916
25918
25919
26005
26048
26050
26051
26057
26058
26061
26062
26084
26086
26087
26097
26103
26104
26106
26107
26307
26316
26318
26319
26341
26352
26354
26355
26360
26361
26362
26365
26366
28929
28932
28935
28936
28938
28939
28961
28967
28968
28970
28971
28973
28980
28981
28982
28983
29072
29074
29075
29081
29082
29084
29085
29086
29125
29136
29139
29145
29148
29150
29151
29155
29164
29166
29167
30737
30740
30742
30743
30744
30746
30747
30835
30841
30844
30846
30847
30848
30850
30851
30857
30860
30861
30862
30863
30884
30885
30886
30896
30897
30898
30899
30904
30905
30906
30907
30909
30910
31249
31252
31254
31255
31256
31258
31259
31261
31359
31360
31361
31362
31363
31368
31369
31370
31372
31373
31374
31375
31396
31397
31398
31399
31409
31410
31412
31415
31416
31418
31419
31421
31445
31556
31558
31559
31584
31585
31586
31587
31592
31593
31594
31596
31597
31598
31605
32065
32068
32069
32070
32071
32072
32075
32095
32096
32097
32098
32099
32104
32105
32106
32107
32108
32109
32110
32117
102480
102481
102482
102484
102486
102487
102488
102490
102491
102511
102668
102670
102671
102692
102693
102694
102704
102705
102706
102708
102710
102711
102712
102714
102715
102788
102789
102790
102800
102802
102803
102808
102809
102810
102812
102813
102814
102828
102830
102831
102864
102865
102866
102868
102870
102871
102872
102874
102875
103152
103154
103155
103160
103161
103162
103164
103165
103166
104207
104229
104240
104241
104242
104243
104248
104249
104250
104252
104253
104254
104337
104338
104340
104341
104342
104343
104344
104346
104347
104385
104388
104389
104390
104391
104395
104403
104412
104414
104415
104416
104418
104419
104424
104425
104426
104428
104429
104430
104431
104437
104652
104654
104655
104677
104678
104688
104689
104690
104691
104695
104696
104697
104698
104699
104701
104702
105029
105040
105041
105042
105043
105044
105046
105047
105048
105049
105050
105051
105053
105071
105220
105221
105222
105232
105233
105234
105235
105239
105240
105241
105242
105244
105245
105246
105260
105262
105263
105328
105330
105331
105336
105337
105338
105340
105341
105342
105356
105358
105359
105380
105381
105382
105392
105393
105394
105396
105398
105399
105400
105402
105403
181508
181509
181510
181520
181521
181522
181523
181527
181528
181529
181530
181532
181533
181534
181548
181550
181551
181583
181605
181616
181617
181618
181619
181623
181624
181625
181626
181627
181628
181629
181630
181644
181646
181647
181668
181669
181670
181680
181681
181682
181683
181684
181686
181687
181688
181689
181690
181691
181693
184527
184549
184560
184561
184562
184563
184567
184568
184569
184570
184571
184573
184901
184912
184913
184914
184915
184919
184920
184921
184922
184923
184925
184943
185093
185104
185105
185106
185107
185111
185112
185113
185114
185115
185117
185135
185167
185189
185200
185201
185202
185203
185207
185208
185209
185210
185211
185213
185231
185253
185264
185265
185266
185267
185271
185272
185273
185274
185275
185277
186448
186449
186450
186452
186454
186455
186456
186458
186459
186636
186638
186639
186660
186661
186662
186672
186673
186674
186675
186676
186678
186679
186680
186681
186682
186683
186685
186757
186758
186768
186769
186770
186771
186775
186776
186777
186778
186779
186780
186781
186782
186796
186799
186821
186832
186833
186834
186835
186839
186840
186841
186842
186843
186845
186863
187087
187109
187120
187121
187122
187123
187128
187129
187130
187132
187133
187134
187652
187653
187654
187655
187659
187664
187666
187667
187673
187676
187677
187678
187679
187683
187689
187692
187693
187694
187695
187772
187774
187775
187776
187777
187778
187779
187784
187785
187786
187788
187789
187790
187809
187810
187812
187814
187815
187816
187818
187819
187825
187828
187829
187830
187831
187835
187861
192268
192271
192293
192294
192304
192305
192306
192307
192308
192310
192311
192312
192313
192314
192315
192317
192388
192389
192390
192400
192401
192402
192403
192407
192408
192409
192410
192411
192412
192413
192414
192428
192430
192431
192453
192464
192465
192466
192467
192468
192470
192471
192472
192473
192474
192475
192477
192495
262290
262301
262355
262730
262774
262933
262988
262990
263025
263035
263103
264449
264455
264459
264481
264488
264490
264501
264581
264604
264607
264620
264622
264623
264657
264664
264666
265302
265487
265509
265520
265522
265528
265530
265533
265617
265620
265623
265627
265668
265670
265671
265696
265698
265699
265705
265709
265710
265971
265977
265980
265982
271365
271379
271385
271388
271390
271391
271395
271404
271406
271407
271489
271495
271496
271498
271499
271520
271521
271522
271527
271528
271530
271531
271533
271540
271541
271542
271572
271573
271574
271889
271892
271894
271895
271899
271984
271987
271993
271996
271998
271999
272012
272015
272037
272048
272050
272051
272056
272057
272058
272061
272196
272198
272199
272224
272226
272227
272233
272237
272238
274768
274769
274770
274771
274776
274777
274778
274779
274781
275519
275605
275648
275650
275651
275656
275657
275658
275660
275661
275662
275681
275684
275685
275686
275687
275691
275697
275700
275702
275703
275704
275706
275707
276037
276048
276049
276050
276051
276056
276057
276058
276059
276060
276061
276062
276079
276229
276240
276242
276243
276248
276249
276250
276252
276253
276254
276255
276268
276270
276271
276351
276352
276353
276354
276355
276360
276361
276362
276363
276364
276365
276366
276385
276388
276390
276391
276392
276394
276395
276401
276404
276405
276406
276407
276411
276437
277311
277397
277440
277442
277443
277449
277450
277452
277453
277454
277476
277477
277478
277479
277489
277492
277494
277495
277496
277498
277499
