32826
32967
33372
33374
33552
33555
33561
33697
33704
33706
33748
33750
33751
35139
35148
35150
35151
35173
35186
35194
35197
35263
35904
35906
35907
35913
35918
35942
35953
35960
35962
35963
36357
36371
36380
36382
36383
36396
36399
36484
36486
36487
36512
36514
36521
36522
36525
36533
36561
36567
36571
36688
36690
36691
36697
36700
36701
36702
42069
42240
42242
42243
42249
42252
42254
42255
42277
42288
42289
42290
42296
42297
42298
42301
42388
42390
42391
42433
42436
42439
42440
42443
42465
42472
42474
42475
42477
42484
42486
42748
42751
45312
45314
45315
45321
45324
45325
45326
45327
45348
45349
45350
45361
45362
45368
45370
45371
45373
45457
45460
45462
45463
45464
45467
45505
45508
45510
45511
45512
45515
45536
45537
45538
45544
45545
45546
45547
45549
45556
45557
45558
47125
47168
47170
47171
47176
47177
47178
47180
47181
47182
47183
47204
47205
47206
47207
47216
47217
47218
47223
47224
47226
47227
47229
47292
47295
47621
47632
47634
47635
47641
47644
47646
47647
47651
47660
47662
47663
47748
47750
47751
47755
47776
47777
47778
47779
47784
47785
47786
47787
47789
47790
47797
47798
47825
47828
47830
47831
47832
47834
47835
47837
47941
47952
47954
47955
47961
47964
47965
47966
47967
47983
48405
48448
48450
48451
48457
48458
48460
48461
48462
48463
48484
48485
48486
48487
48496
48497
48498
48500
48502
48503
48504
48505
48506
48507
48509
48563
48572
48574
48575
118869
119040
119041
119042
119043
119044
119046
119047
119048
119049
119050
119051
119053
119068
119070
119071
119072
119073
119074
119075
119079
119080
119081
119082
119083
119084
119085
119086
119093
119164
119166
119167
119168
119169
119170
119171
119175
119176
119177
119178
119179
119180
119181
119182
119199
119200
119201
119202
119203
119204
119206
119207
119208
119209
119210
119211
119213
119220
119221
119222
119253
119551
120063
120405
120576
120577
120578
120579
120583
120584
120585
120586
120587
120588
120589
120590
120608
120609
120610
120612
120614
120615
120616
120618
120619
120621
120628
120629
120630
120631
120635
120708
120709
120710
120711
120720
120723
120729
120732
120733
120734
120735
120736
120739
120745
120748
120749
120750
120751
120784
120785
120786
120788
120790
120791
120792
120793
120794
120795
120797
121084
121087
121429
121600
121601
121602
121603
121607
121608
121609
121610
121611
121613
121614
121631
121632
121633
121634
121635
121636
121638
121639
121640
121641
121642
121643
121645
121652
121653
121654
121727
121728
121729
121730
121731
121732
121734
121735
121736
121737
121738
121739
121741
121756
121758
121759
121760
121761
121762
121763
121767
121768
121769
121770
121771
121772
121773
121774
121781
121812
121813
121814
197716
197717
197718
197888
197889
197890
197891
197895
197896
197897
197898
197899
197900
197901
197902
197919
197920
197921
197922
197923
197924
197926
197927
197928
197929
197930
197931
197933
197940
197941
197942
198015
198016
198017
198018
198019
198023
198024
198025
198026
198027
198029
198044
198047
198048
198049
198050
198051
198055
198056
198057
198058
198059
198061
198062
198069
198101
198396
198398
198399
200956
200958
200959
201300
201301
201302
201472
201473
201474
201475
201476
201478
201479
201480
201481
201482
201483
201485
201500
201502
201503
201504
201505
201506
201507
201511
201512
201513
201514
201515
201516
201517
201518
201525
201596
201598
201599
201600
201601
201602
201603
201607
201608
201609
201610
201611
201612
201613
201614
201631
201632
201633
201634
201635
201636
201638
201639
201640
201641
201642
201643
201645
201652
201653
201654
201685
202837
203008
203009
203010
203011
203012
203014
203015
203016
203017
203018
203019
203021
203039
203040
203041
203042
203043
203047
203048
203049
203050
203051
203053
203054
203061
203135
203136
203137
203138
203139
203140
203143
203144
203145
203146
203147
203149
203167
203168
203169
203170
203171
203175
203176
203177
203178
203179
203181
203182
203189
203220
203221
203222
203519
203860
203861
203862
204032
204033
204034
204035
204040
204041
204042
204044
204045
204046
204064
204065
204066
204068
204070
204071
204072
204074
204075
204084
204085
204086
204087
204091
204164
204165
204166
204167
204171
204179
204185
204188
204189
204190
204191
204192
204195
204201
204204
204205
204206
204207
204240
204241
204242
204244
204246
204247
204248
204250
204251
204540
204542
204543
208127
208469
208640
208641
208642
208643
208647
208648
208649
208650
208651
208653
208654
208671
208672
208673
208674
208675
208676
208679
208680
208681
208682
208683
208685
208693
208767
208768
208769
208770
208771
208775
208776
208777
208778
208779
208781
208799
208800
208801
208802
208803
208807
208808
208809
208810
208811
208813
208821
208853
278672
278745
279104
279106
279117
279143
279156
279363
279369
279396
279398
279415
280832
280834
280840
280842
280845
280871
280875
280884
280886
280979
280985
280990
281040
281042
281053
281685
281859
281865
281868
281870
281892
281894
281905
281911
281915
282000
282002
282008
282010
282013
282053
282067
282073
282076
282078
282079
282092
282095
282367
287745
287748
287750
287751
287752
287754
287755
287776
287777
287778
287784
287785
287786
287787
287789
287797
287876
287877
287878
287900
287902
287903
287907
287913
287916
287918
287919
287953
287959
287960
287962
287963
288277
288323
288332
288334
288335
288357
288358
288369
288370
288375
288376
288378
288379
288381
288444
288446
288447
288576
288577
288578
288584
288586
288587
288589
288609
288615
288616
288618
288619
288628
288629
288630
291156
291157
291158
291159
291852
291855
291877
291888
291889
291890
291891
291896
291897
291898
291900
291901
291902
291985
291988
291990
291991
291992
291995
292033
292036
292038
292039
292043
292063
292064
292066
292067
292072
292073
292074
292076
292077
292078
292085
292417
292420
292422
292423
292427
292447
292448
292450
292451
292456
292457
292458
292460
292461
292462
292469
292625
292628
292629
292630
292631
292635
292684
292686
292687
292709
292720
292721
292722
292723
292728
292729
292730
292731
292732
292733
292734
292751
292773
292784
292786
292787
292792
292793
292794
292796
292797
292798
293839
293872
293874
293875
293881
293884
293885
293886
293887
