32782
32919
33000
33002
33360
33363
33369
33564
33566
33668
33670
33671
33709
33717
33755
35136
35138
35145
35174
35185
35192
35195
35861
35916
35919
35941
35952
35954
35961
35965
36028
36031
36368
36370
36377
36378
36381
36481
36488
36490
36491
36513
36519
36520
36523
36532
36534
36535
36564
36566
36677
36703
36704
36707
36713
36716
36718
36719
42241
42248
42250
42251
42253
42276
42278
42279
42283
42292
42294
42295
42299
42385
42386
42392
42394
42395
42397
42437
42438
42464
42466
42467
42473
42476
42478
42479
42485
45140
45141
45142
45360
45363
45369
45372
45374
45375
45461
45504
45506
45507
45513
45514
45516
45517
45518
45540
45541
45542
45543
45553
45559
45560
45562
45563
45565
45763
45772
45774
45775
45797
45808
45810
45811
45817
45820
45821
45822
45823
47169
47172
47173
47174
47175
47179
47200
47201
47202
47203
47208
47209
47210
47211
47212
47213
47214
47220
47221
47222
47620
47622
47623
47627
47648
47649
47650
47656
47657
47658
47659
47661
47668
47669
47670
47749
47760
47762
47763
47769
47772
47773
47774
47775
47788
47791
47813
47824
47826
47827
47833
47836
47838
47839
47843
47852
47854
47855
47953
47956
47958
47959
47960
47962
47963
48401
48404
48406
48407
48408
48410
48411
48413
48499
48508
48510
48511
48512
48514
48515
48521
48522
48524
48525
48526
48527
48548
48549
48550
48551
48560
48561
48562
48567
48568
48569
48570
48571
48573
48597
119045
119056
119057
119058
119059
119060
119063
119064
119065
119066
119067
119069
119087
119116
119119
119141
119142
119152
119153
119154
119155
119156
119159
119160
119161
119162
119163
119165
119183
119205
119216
119217
119218
119219
119223
119224
119225
119226
119227
119229
119230
120015
120037
120048
120049
120050
120051
120055
120056
120057
120058
120059
120060
120061
120062
120400
120401
120402
120404
120406
120407
120408
120409
120410
120411
120413
120580
120581
120582
120592
120594
120595
120600
120601
120602
120604
120605
120606
120607
120611
120617
120620
120622
120623
120703
120704
120705
120706
120707
120712
120713
120714
120715
120716
120717
120718
120737
120738
120740
120741
120742
120743
120744
120746
120747
120753
120756
120757
120758
120759
120763
120789
121612
121615
121637
121648
121649
121650
121651
121655
121656
121657
121658
121659
121661
121733
121744
121745
121746
121747
121748
121751
121752
121753
121754
121755
121757
121775
121797
121798
121808
121809
121810
121811
121815
121816
121817
121818
121819
121821
121822
121836
121839
197701
197712
197713
197714
197715
197719
197720
197721
197722
197723
197725
197743
197903
197925
197936
197937
197938
197939
197943
197944
197945
197946
197947
197949
198020
198021
198022
198032
198033
198034
198035
198039
198040
198041
198042
198043
198045
198046
198060
198063
198085
198096
198097
198098
198099
198100
198102
198103
198104
198105
198106
198107
198109
198127
198351
198373
198384
198385
198386
198387
198391
198392
198393
198394
198395
198397
201484
201486
201487
201508
201509
201510
201520
201521
201522
201524
201526
201527
201528
201529
201530
201531
201604
201605
201606
201616
201617
201618
201619
201623
201624
201625
201626
201628
201629
201630
201644
201646
201647
201680
201681
201682
201683
201684
201686
201687
201688
201689
201690
201691
201693
201711
203013
203024
203025
203026
203027
203031
203032
203033
203034
203035
203036
203037
203038
203052
203055
203087
203109
203120
203121
203122
203123
203127
203128
203129
203130
203131
203132
203133
203134
203148
203150
203151
203172
203173
203174
203184
203185
203186
203187
203188
203190
203191
203192
203193
203194
203195
203197
203845
203856
203857
203858
203859
203863
203864
203865
203866
203867
203869
203887
204047
204069
204080
204081
204082
204083
204088
204089
204090
204092
204093
204094
204176
204177
204178
204180
204182
204183
204184
204186
204187
204225
204228
204229
204230
204231
204235
204243
204249
204252
204253
204254
204255
204256
204259
204265
204268
204269
204270
204271
204492
204494
204495
204516
204517
204518
204528
204529
204530
204531
204532
204535
204536
204537
204538
204539
204541
208079
208101
208112
208113
208114
208115
208119
208120
208121
208122
208123
208124
208125
208126
208453
208464
208465
208466
208467
208468
208470
208471
208472
208473
208474
208475
208477
208495
208644
208645
208646
208656
208657
208658
208659
208663
208664
208665
208666
208667
208668
208669
208670
208684
208686
208687
208719
208741
208752
208753
208754
208755
208759
208760
208761
208762
208763
208764
208765
208766
208780
208782
208783
208804
208805
208806
208816
208817
208818
208819
208820
208822
208823
208824
208825
208826
208827
208829
278681
278736
278749
279107
279113
279140
279142
279159
279360
279362
279373
279399
279412
279414
280661
280835
280841
280844
280846
280868
280870
280881
280887
280891
280976
280978
280984
280986
280989
281043
281049
281054
281071
281343
281856
281858
281864
281866
281869
281889
281895
281899
281908
281910
281989
282003
282009
282012
282014
282031
282064
282066
282072
282074
282077
287061
287744
287746
287747
287753
287756
287757
287758
287780
287781
287782
287783
287793
287796
287798
287799
287800
287803
287888
287889
287890
287891
287896
287897
287898
287901
287941
287952
287954
287955
287961
287964
287965
287966
287980
287983
288320
288321
288322
288328
288329
288330
288333
288353
288356
288359
288360
288363
288372
288373
288374
288533
288579
288585
288588
288590
288612
288613
288614
288625
288631
288632
288635
288700
288703
289788
289791
291840
291841
291842
291843
291848
291849
291850
291853
291854
291873
291876
291878
291879
291880
291883
291892
291893
291894
291895
291899
291973
291984
291986
291987
291993
291994
291996
291997
291998
292012
292014
292015
292037
292048
292049
292050
292051
292056
292057
292058
292059
292060
292061
292062
292079
292373
292374
292416
292418
292419
292424
292425
292426
292428
292429
292430
292431
292449
292452
292453
292454
292455
292459
292465
292468
292470
292471
292472
292474
292475
292540
292542
292543
292672
292673
292674
292675
292679
292680
292681
292682
292683
292685
292704
292705
292706
292708
292710
292711
292712
292714
292715
292717
292724
292725
292726
292727
292799
