32821
32980
32982
33296
33298
33445
33457
33463
33467
33616
33618
33624
33626
34880
34882
34883
34888
34889
34890
34893
34913
34919
34923
34933
35279
35301
35313
35323
35379
35385
35476
35478
35524
35526
35548
35550
35551
35555
35564
35566
36160
36162
36168
36170
36173
36193
36194
36199
36200
36202
36203
36213
41045
41216
41217
41218
41219
41223
41224
41225
41226
41227
41229
41248
41249
41250
41255
41256
41258
41259
41268
41269
41270
41345
41348
41350
41351
41355
41372
41374
41375
41376
41378
41379
41385
41388
41389
41390
41425
41428
41429
41430
41431
41435
41727
42803
42809
42812
42813
42814
42900
42902
42903
42945
42948
42950
42951
42955
42972
42975
42979
42985
42988
42989
42990
43212
43214
43215
43236
43237
43238
43249
43255
43256
43258
43259
43589
43600
43602
43603
43608
43609
43610
43613
43631
43781
43792
43794
43795
43800
43801
43802
43805
43823
43891
43897
43900
43901
43902
43903
43916
43918
43919
43940
43941
43942
43952
43953
43954
43959
43960
43962
43963
46165
46336
46337
46338
46339
46344
46345
46346
46347
46348
46349
46350
46368
46369
46370
46372
46374
46375
46376
46378
46379
46388
46389
46390
46465
46468
46469
46470
46471
46475
46483
46489
46492
46494
46495
46496
46498
46499
46505
46506
46508
46509
46510
46511
46545
46548
46549
46550
46551
46555
46847
114948
114949
114950
114960
114962
114963
114968
114969
114970
114972
114973
114974
114988
114990
114991
115056
115058
115059
115064
115065
115066
115068
115069
115070
115084
115086
115087
115108
115109
115110
115120
115121
115122
115124
115126
115127
115128
115130
115131
115952
115954
115955
115959
115960
115961
115962
115964
115965
115966
116293
116304
116305
116306
116307
116308
116310
116311
116312
116313
116314
116315
116335
116484
116485
116486
116496
116497
116498
116499
116503
116504
116505
116506
116507
116508
116509
116510
116524
116526
116527
116559
116581
116592
116593
116594
116595
116599
116600
116601
116602
116603
116604
116605
116606
116620
116622
116623
116644
116645
116646
116656
116657
116658
116659
116660
116662
116663
116664
116665
116666
116667
116669
117516
117518
117519
117540
117541
117542
117552
117553
117554
117556
117558
117559
117560
117562
117563
117636
117637
117638
117648
117650
117651
117656
117657
117658
117660
117661
117662
117676
117678
117679
117712
117713
117714
117716
117718
117719
117720
117722
117723
122063
122085
122096
122097
122098
122099
122103
122104
122105
122106
122107
122108
122109
122110
122448
122449
122450
122452
122454
122455
122456
122458
122459
122628
122629
122630
122640
122642
122643
122648
122649
122650
122652
122653
122654
122668
122670
122671
122736
122738
122739
122745
122748
122749
122750
122751
122755
122761
122764
122765
122766
122767
122785
122788
122789
122790
122791
122795
122800
122801
122802
122804
122806
122807
122808
122810
122811
123660
123662
123663
123684
123685
123686
123696
123697
123698
123699
123700
123702
123703
123704
123705
123706
123707
123709
123780
123781
123782
123792
123793
123794
123795
123799
123800
123801
123802
123803
123804
123805
123806
123820
123822
123823
123845
123856
123857
123858
123859
123860
123862
123863
123864
123865
123866
123867
123869
123887
125188
125189
125190
125200
125201
125202
125203
125207
125208
125209
125210
125211
125212
125213
125214
125228
125230
125231
125263
125285
125296
125297
125298
125299
125303
125304
125305
125306
125307
125308
125309
125310
125324
125326
125327
125348
125349
125350
125360
125361
125362
125363
125364
125366
125367
125368
125369
125370
125371
125373
126021
126032
126033
126034
126035
126036
126038
126039
126040
126041
126042
126043
126045
126063
126220
126222
126223
126244
126245
126246
126256
126257
126258
126259
126260
126262
126263
126264
126265
126266
126267
126269
126340
126341
126342
126352
126353
126354
126355
126359
126360
126361
126362
126363
126364
126365
126366
126380
126382
126383
126405
126416
126417
126418
126419
126420
126422
126423
126424
126425
126426
126427
126429
126447
126671
126693
126704
126705
126706
126707
126711
126712
126713
126714
126715
126716
126717
126718
201808
201809
201810
201812
201814
201815
201816
201818
201819
201996
201998
201999
202020
202021
202022
202032
202033
202034
202035
202036
202038
202039
202040
202041
202042
202043
202045
202117
202128
202129
202130
202131
202132
202135
202136
202137
202138
202139
202141
202142
202159
202180
202181
202182
202192
202194
202195
202201
202202
202204
202205
202206
202207
202208
202211
202217
202220
202222
202223
202447
202469
202480
202481
202482
202483
202488
202489
202490
202492
202493
202494
278590
278778
278781
279124
279126
279304
279307
279448
279451
279492
279494
279495
279521
279528
279530
279533
279542
280925
281605
281632
281634
281635
281641
281646
281653
281744
281747
281753
281756
281758
281759
281811
281820
281823
281839
282181
282208
282210
282211
282217
282220
282222
282223
282384
282386
282387
282393
282398
282500
282502
282503
282529
282530
282536
282538
282541
282549
282550
282577
282584
282586
282587
282589
288068
288071
288072
288075
288097
288103
288104
288106
288107
288109
288116
288118
288119
290836
290838
290839
290840
290843
290945
290952
290954
290955
290957
290980
290982
290983
290993
291000
291002
291003
291005
291028
291029
291030
291031
291392
291394
291395
291401
291402
291404
291405
291406
291407
291429
291430
291440
291441
291442
291443
291448
291449
291450
291453
291454
291605
291663
291696
291699
291705
291708
291710
291711
291712
291714
291715
291721
291724
291726
291727
291749
291760
291762
291763
291769
291772
291774
291775
291797
293141
293142
293232
293235
293244
293247
293248
293250
293251
293257
293260
293262
293263
293285
293296
293298
293299
293305
293308
293309
293310
293311
293333
293952
293953
293954
293955
293960
293961
293962
293963
293964
293965
293966
293967
293988
293989
293990
293991
294000
294001
294002
294003
294008
294009
294010
294011
294013
294014
294417
294420
294422
294423
294424
294426
294427
294429
294529
294530
294532
294535
294536
294538
294539
294541
294561
294564
294566
294567
294568
294571
294577
294580
294582
294583
294584
294586
294587
294589
294612
294613
294614
294615
294721
294724
294725
294726
294727
294728
294731
294752
294753
294754
294755
294759
294760
294761
294762
294763
294765
294766
294772
294773
294774
294775
