16417
16427
16516
16518
16920
16922
17011
17017
17039
17080
17082
17235
17241
17245
18497
18503
18507
18528
18530
18536
18538
18541
18892
18894
18916
18918
18935
19004
19006
19007
19093
19137
19143
19147
19168
19170
19177
19178
19181
19733
19779
19785
19788
19790
19812
19814
19825
19828
19830
19831
19835
19900
19902
19903
24836
24837
24838
24851
24857
24860
24861
24862
24863
24867
24873
24876
24877
24878
24879
24959
24960
24962
24963
24968
24969
24970
24972
24973
24974
24993
24996
24998
24999
25000
25002
25003
25012
25013
25014
25015
26383
26405
26416
26417
26418
26424
26426
26427
26512
26513
26514
26520
26522
26523
26565
26576
26579
26585
26589
26590
26607
26864
26866
26867
26873
26876
26877
26878
27217
27220
27222
27223
27227
27396
27398
27399
27420
27422
27423
27427
27433
27436
27437
27438
27520
27521
27522
27523
27528
27529
27530
27531
27533
27552
27553
27554
27559
27560
27562
27563
27572
27573
27574
27605
29776
29777
29778
29780
29782
29783
29784
29786
29787
29967
29989
30000
30001
30002
30003
30007
30008
30009
30010
30011
30013
30096
30097
30098
30100
30102
30103
30104
30106
30107
30109
30148
30149
30150
30160
30162
30163
30168
30169
30170
30172
30173
30174
30175
30188
30190
30191
30415
30437
30448
30449
30450
30451
30456
30457
30458
30460
30461
30462
98577
98580
98581
98582
98583
98587
98624
98626
98627
98632
98633
98634
98636
98637
98638
98639
98656
98657
98658
98660
98661
98662
98663
98664
98666
98667
98673
98676
98677
98678
98679
98683
98739
98745
98748
98749
98750
98751
99520
99522
99523
99528
99529
99530
99532
99533
99534
99535
99552
99553
99554
99556
99557
99558
99559
99560
99562
99563
99569
99572
99573
99574
99579
99904
99905
99906
99908
99910
99911
99912
99914
99915
99932
99933
99934
99935
99936
99938
99939
99944
99945
99946
99948
99949
99950
100116
100117
100118
100160
100162
100163
100168
100169
100170
100172
100173
100174
100192
100193
100194
100196
100198
100199
100200
100202
100203
100212
100213
100214
100284
100286
100287
101171
101177
101180
101181
101182
101183
101265
101268
101269
101270
101271
101275
101312
101313
101314
101316
101317
101318
101319
101320
101322
101323
101331
101337
101340
101341
101342
101343
101344
101346
101347
101352
101353
101354
101356
101357
101358
101359
105664
105666
105667
105672
105673
105674
105676
105677
105678
105696
105697
105698
105700
105702
105703
105704
105706
105707
105716
105717
105718
106049
106050
106052
106053
106054
106055
106056
106058
106059
106067
106073
106076
106077
106078
106079
106080
106082
106083
106088
106089
106090
106092
106093
106094
106095
106257
106260
106261
106262
106263
106267
106307
106313
106316
106317
106318
106319
106337
106340
106341
106342
106343
106347
106353
106356
106357
106358
106359
106360
106362
106363
106419
106425
106428
106429
106430
106431
107324
107326
107327
107412
107413
107414
107456
107457
107458
107460
107462
107463
107464
107466
107467
107484
107486
107487
107488
107490
107491
107496
107497
107498
107500
107501
107502
108820
108821
108822
108864
108865
108866
108867
108871
108872
108873
108874
108875
108876
108877
108878
108895
108896
108897
108898
108900
108902
108903
108904
108905
108906
108907
108916
108917
108918
108988
108990
108991
109589
109632
109633
109634
109635
109636
109638
109639
109640
109641
109642
109643
109645
109660
109662
109663
109664
109665
109666
109667
109671
109672
109673
109674
109675
109676
109677
109678
109759
109884
109886
109887
109972
109973
109974
110016
110017
110018
110020
110022
110023
110024
110026
110027
110044
110046
110047
110048
110050
110051
110056
110057
110058
110060
110061
110062
110272
110274
110275
110279
110280
110281
110282
110284
110285
110286
110303
110304
110305
110306
110308
110310
110311
110312
110313
110314
110315
110324
110325
110326
185408
185409
185410
185412
185413
185414
185415
185416
185418
185419
185427
185433
185436
185437
185438
185439
185440
185442
185443
185448
185449
185450
185452
185453
185454
185455
185660
185662
185663
185749
185750
185792
185793
185794
185795
185799
185800
185801
185802
185803
185805
185806
185825
185826
185828
185830
185831
185832
185834
185835
185837
185841
185844
185845
185846
185847
185851
185919
186005
186048
186049
186050
186051
186056
186057
186058
186060
186061
186062
186080
186081
186082
186084
186086
186087
186088
186090
186091
186100
186101
186102
186103
186107
262159
262201
262374
262385
262392
262743
262955
262964
262967
263057
263066
263069
263138
263157
264528
264530
264531
264537
264540
264542
265247
265260
265263
265349
265376
265379
265385
265388
265390
265391
265424
265426
265433
265438
265796
265798
265799
265825
265832
265834
265837
265845
265846
266001
266008
266010
266011
266013
266113
266120
266122
266123
266125
266148
266151
266155
266164
266167
266196
266198
266199
271680
271681
271682
271683
271689
271690
271693
271694
271716
271717
271718
271729
271736
271738
271739
271741
274453
274547
274556
274559
274560
274562
274563
274569
274572
274574
274575
274597
274608
274610
274611
274617
274620
274622
274623
274965
274966
275068
275071
275072
275074
275075
275081
275084
275086
275087
275109
275120
275122
275123
275129
275132
275133
275134
275135
275157
275264
275265
275266
275267
275272
275273
275274
275275
275276
275277
275278
275300
275301
275302
275303
275313
275314
275320
275322
275323
275325
276753
276756
276759
276760
276762
276763
276765
276865
276868
276871
276872
276874
276875
276877
276897
276900
276902
276903
276904
276906
276907
276913
276916
276918
276919
276920
276922
276923
276948
276950
276951
276955
277572
277574
277575
277600
277601
277602
277608
277609
277610
277611
277613
277614
277620
277621
277622
277623
278021
278022
278032
278034
278035
278041
278044
278046
278047
278048
278050
278051
278057
278060
278062
278063
278069
278149
278150
278163
278172
278175
278176
278178
278179
278185
278186
278188
278189
278190
278191
278197
278224
278225
278226
278227
278232
278233
278234
278235
278236
278237
278238
278239
278352
278353
278354
278355
278360
278361
278362
278363
278364
278365
278366
278367
278380
278383
