32865
32875
32953
33075
33080
33081
33152
33153
33163
33171
33177
33198
33505
33515
33996
33998
34016
34017
34018
34027
34303
34304
34305
34306
34311
34315
34323
34329
34333
34348
34349
34350
34383
34401
34404
34406
34411
34421
34483
34487
34488
34489
34490
35635
35641
35713
35716
35718
35723
35731
35736
35737
35738
37680
37681
37682
37683
37686
37687
37688
37690
37691
37756
37758
37759
37762
37763
37767
37768
37769
37770
37788
37789
37790
37795
37800
37801
37802
37804
37805
37806
38908
38909
38910
38911
38912
38914
38915
38919
38920
38921
38922
38923
38924
38925
38940
38941
38942
38943
38944
38946
38947
38951
38952
38953
38954
38956
38957
38958
38991
39013
39024
39025
39026
39028
39029
39030
39031
39032
39034
39035
39055
39073
39076
39077
39078
39088
39089
39090
39092
39093
39094
39095
39098
39099
39228
39229
39230
39231
39300
39301
39312
39313
39314
39316
39317
39318
39319
39322
39323
39343
39365
39376
39377
39378
39380
39381
39382
39383
39387
39407
39618
39619
39623
39624
39625
39626
39629
39644
39645
39646
39647
39651
39655
39656
39657
39658
39660
39661
39662
44239
44257
44260
44261
44262
44273
44276
44277
44278
44283
44545
44548
44549
44550
44555
44560
44562
44563
44567
44568
44569
44570
44591
44617
44620
44621
44622
44639
44640
44642
44643
44647
44648
44650
44651
44723
44729
44732
44733
44734
44884
44885
127024
127026
127027
127032
127033
127034
127036
127037
127038
127039
127120
127121
127122
127124
127125
127126
127127
127128
127130
127131
127169
127172
127173
127174
127175
127179
127184
127186
127187
127192
127193
127196
127197
127198
127199
127203
127209
127212
127213
127214
127215
127505
127508
127509
127510
127511
127515
127555
127561
127564
127565
127566
127567
127585
127588
127589
127590
127591
127595
127600
127601
127604
127605
127606
127607
127610
127611
127667
127673
127676
127677
127678
127679
127809
127812
127813
127814
127815
127819
127827
127833
127836
127837
127838
127839
127843
127849
127852
127853
127854
127855
129024
129025
129028
129029
129030
129031
129035
129040
129042
129043
129047
129048
129049
129050
129051
129052
129053
129054
129068
129070
129071
129102
129103
129124
129125
129126
129136
129137
129138
129139
129140
129142
129143
129144
129146
129147
129167
129189
129200
129201
129202
129203
129206
129207
129208
129209
129210
129211
129213
129475
129481
129484
129485
129486
129487
129505
129508
129509
129510
129511
129515
129520
129521
129524
129525
129526
129527
129531
129586
129587
129592
129593
129594
129596
129597
129598
129599
129680
129681
129682
129684
129685
129686
129687
129688
129690
129691
129729
129732
129733
129734
129735
129739
129744
129746
129747
129752
129753
129754
129756
129757
129758
129769
129772
129773
129774
129775
130384
130385
130386
130388
130389
130390
130391
130395
184259
184265
184268
184269
184270
184271
184289
184292
184293
184294
184295
184299
184304
184305
184306
184308
184309
184310
184311
184312
184314
184315
189761
189764
189765
189766
189767
189776
189778
189779
189784
189785
189786
189788
189789
189790
189791
189795
189801
189804
189806
189807
192528
192529
192530
192532
192534
192535
192536
192538
192539
192588
192590
192591
192612
192613
192614
192624
192625
192626
192628
192630
192631
192632
192634
192635
192688
192690
192691
192696
192697
192698
192700
192701
192702
192972
192974
192975
192996
192997
192998
193008
193009
193010
193012
193014
193015
193016
193018
193019
193072
193074
193075
193080
193081
193082
193084
193085
193086
193168
193169
193170
193172
193174
193175
193176
193178
193179
193220
193221
193222
193232
193234
193235
193240
193241
193242
193244
193245
193246
193260
193262
193263
194496
194497
194498
194499
194503
194504
194505
194506
194507
194508
194509
194524
194526
194527
194528
194529
194530
194531
194535
194536
194537
194538
194539
194541
194620
194622
194623
194705
194708
194709
194710
194715
194752
194753
194754
194756
194757
194758
194759
194760
194762
194763
194771
194777
194780
194781
194782
194783
194787
194792
194793
194796
194797
194798
194799
195088
195089
195090
195092
195094
195095
195096
195098
195099
195139
195145
195148
195149
195150
195151
195169
195172
195173
195174
195175
195179
195184
195185
195186
195188
195189
195190
195191
195194
195195
195248
195250
195251
195256
195257
195258
195260
195261
195262
195263
195396
195397
195398
195408
195410
195411
195416
195417
195418
195420
195421
195422
195436
195438
195439
262190
262223
262330
262462
262545
262555
262608
262610
262619
262857
262879
262888
262890
263411
263416
263418
263744
263745
263746
263748
263750
263755
263763
263769
263773
263788
263790
264000
264001
264002
264006
264007
264011
264019
264025
264028
264029
264044
264045
264046
264975
264996
264997
264998
265012
265013
265084
265086
265101
265119
265122
265127
265128
265130
267203
267207
267208
267209
267210
267213
267228
267229
267230
267231
267235
267239
267240
267241
267242
267245
268368
268369
268372
268373
268374
268379
268544
268545
268546
268547
268551
268552
268553
268554
268555
268569
268572
268573
268574
268575
268579
268584
268585
268586
268588
268589
268590
268623
268644
268645
268656
268657
268658
268660
268661
268662
268663
268667
268709
268720
268721
268722
268724
268726
268727
268728
268730
268731
269052
269054
269055
269568
269569
269572
269573
269574
269579
269584
269585
269586
269587
269591
269592
269593
269594
269595
269597
269612
269614
269615
269644
269645
269646
269647
269664
269665
269666
269668
269669
269670
269671
269675
269681
269684
269685
269686
269691
269744
269746
269747
269751
269752
269753
269754
269756
269757
269758
273468
273470
273471
273552
273553
273554
273556
273557
273558
273559
273563
273604
273605
273616
273617
273618
273622
273623
273626
273627
273647
273904
273906
273907
273911
273912
273913
273914
273935
273953
273956
273957
273958
273969
273972
273973
273974
274044
274045
274046
274051
274057
274060
274061
274062
274079
274080
274082
274083
274087
274088
274089
274090
