47
72
93
287
288
290
299
368
369
372
374
379
436
437
755
760
762
1075
1080
1081
1151
1155
1159
1160
1162
1177
1196
1197
1198
1472
1473
1474
1476
1477
1478
1483
1490
1491
1495
1496
1498
1518
1519
1599
1684
1685
1729
1732
1733
1744
1745
1746
1748
1750
1755
1775
3020
3021
3022
3039
3047
3050
4300
4302
4303
4319
4320
4321
4322
4324
4325
4326
4327
4331
4595
4599
4600
4601
4602
4620
4621
4622
4623
4638
4639
4640
4641
4642
4643
4644
4646
4647
4648
4650
4651
4687
4705
4708
4709
4720
4721
4722
4724
4725
4726
4731
4773
4784
4785
4786
4788
4789
4790
4795
5375
5701
5712
5713
5716
5717
5718
5723
5888
5889
5890
5892
5893
5894
5899
5904
5905
5906
5907
5908
5909
5910
5911
5912
5914
5915
5934
5935
5952
5954
5955
5959
5960
5961
5962
5963
5964
5965
5971
5976
5977
5980
5981
5982
5983
5986
5987
5991
5992
5993
5994
5996
5997
5998
6076
6077
6078
6079
6399
6740
6741
6912
6913
6914
6916
6917
6918
6919
6923
6928
6929
6930
6931
6932
6934
6935
6936
6937
6938
6939
6956
6958
6959
6979
6983
6984
6985
6986
6989
6995
7000
7001
7004
7005
7006
7011
7016
7017
7018
7020
7021
7022
7100
7101
7102
7103
12082
12083
12087
12088
12089
12090
12156
12157
12158
12163
12168
12169
12170
12173
12188
12189
12190
12195
12200
12201
12202
12204
12205
95228
95230
95231
96596
96597
96598
97280
97281
97282
97284
97286
97287
97288
97290
97291
97308
97310
97311
97312
97314
97315
97320
97321
97322
97324
97325
97326
97395
97401
97404
97405
97406
97407
97408
97410
97411
97416
97417
97418
97420
97421
97422
97423
97440
97441
97442
97444
97446
97447
97448
97450
97451
97457
97460
97461
97462
97743
97764
97765
97776
97777
97778
97779
97780
97781
97782
97783
97784
97785
97786
97787
97807
97828
97829
97830
97840
97841
97842
97843
97844
97846
97847
97848
97850
97851
97920
97921
97922
97924
97925
97926
97927
97930
97931
97938
97939
97944
97945
97946
97948
97949
97950
97951
97955
97961
97964
97965
97966
97967
98001
98004
98005
98006
98007
98011
232448
232450
232451
232456
232457
232458
232460
232461
232462
232480
232481
232482
232484
232486
232487
232488
232490
232491
232500
232501
232502
232576
232577
232578
232580
232582
232583
232584
232586
232587
232601
232604
232606
232607
232608
232610
232611
232616
232617
232618
232620
232621
232622
232623
232657
232660
232661
232662
232663
232667
232960
232961
232962
232964
232965
232966
232967
232968
232970
232971
232979
232985
232988
232989
232990
232991
232992
232994
232995
233000
233001
233002
233004
233005
233006
233007
233075
233081
233084
233085
233086
233087
233088
233090
233091
233096
233097
233098
233100
233101
233102
233103
233120
233121
233122
233124
233125
233126
233127
233128
233130
233131
233137
233140
233141
233142
233143
233147
233297
233300
233301
233302
233303
233307
238593
238596
238597
238598
238599
238603
238611
238617
238620
238621
238622
238623
238627
238633
238636
238637
238638
238639
238707
238713
238716
238717
238718
238719
238723
238729
238732
238733
238734
238735
238753
238756
238757
238758
238759
238763
238769
238772
238773
238774
238775
238779
239091
239097
239100
239101
239102
239103
239104
239106
239107
239112
239113
239116
239117
239118
239119
239137
239140
239141
239142
239143
239146
239147
239153
239156
239157
239158
239159
239163
239233
239236
239237
239238
239239
239243
239251
239257
239260
239261
239262
239263
239267
239273
239276
239277
239278
239279
239313
239316
239317
239318
239319
239323
242001
242004
242005
242006
242007
242011
242691
242697
242700
242701
242702
242703
242720
242721
242724
242725
242726
242727
242730
242731
242737
242740
242741
242742
242743
242747
242816
242817
242818
242820
242821
242822
242823
242824
242826
242827
242835
242841
242844
242845
242846
242847
242848
242850
242851
242856
242857
242858
242860
242861
242862
242863
242897
242900
242901
242902
242903
242907
243196
243198
243199
243200
243201
243202
243203
243207
243208
243209
243210
243211
243213
243228
243230
243231
243232
243233
243234
243235
243239
243240
243241
243242
243243
243245
243253
243324
243326
243327
243328
243330
243331
243336
243337
243338
243340
243341
243342
243359
243360
243361
243362
243363
243364
243366
243367
243368
243370
243371
243380
243381
243382
243541
244723
244729
244732
244733
244734
244735
311341
311439
311478
311757
311777
311783
311787
311868
311870
311953
312005
312024
312026
312047
313103
313125
313137
313142
313143
313147
313216
313217
313218
313222
313223
313227
313244
313245
313246
313260
313261
313262
313301
313584
313586
313592
313594
313924
313925
313926
313939
313944
313945
313949
313967
314132
314134
314179
314185
314189
314208
314210
314215
314218
318524
318525
318526
318527
318608
318609
318610
318612
318613
318614
318615
318619
318660
318661
318662
318672
318674
318675
318679
318680
318681
318682
318683
318685
318700
318702
318703
318976
318977
318978
318980
318982
318983
318984
318986
318987
318995
319001
319004
319005
319006
319007
319011
319016
319017
319018
319020
319021
319022
319023
319088
319090
319091
319095
319096
319097
319098
319099
319101
319116
319118
319119
319137
319140
319141
319142
319152
319153
319154
319156
319157
319158
319159
319162
319163
319316
319317
319318
320451
320456
320457
320458
320460
320461
320462
320479
320480
320481
320482
320486
320487
320488
320490
320491
320501
321808
321809
321810
321812
321814
321815
321819
321859
321865
321868
321869
321870
321887
321888
321889
321890
321892
321894
321895
321896
321898
321899
321909
321980
321981
321982
321983
322628
322629
322630
322640
322642
322643
322647
322648
322649
322650
322671
322828
322830
322831
322852
322853
322854
322865
322868
322869
322870
322875
322943
322944
322946
322951
322952
322954
322955
322972
322974
322975
322979
322984
322985
322989
323315
323320
323321
323322
323325
