16419
16425
16524
16526
16881
16887
16891
16952
16954
17029
17048
17050
17105
17115
18239
18324
18325
18326
18369
18372
18374
18379
18387
18393
18396
18397
18398
18412
18414
18627
18633
18637
18656
18658
18663
18664
18666
18964
18965
18966
19011
19017
19021
19040
19042
19047
19050
19051
19135
19268
19270
19293
19308
19310
23792
23794
23795
23800
23801
23802
23804
23805
23806
24133
24144
24145
24146
24147
24148
24150
24151
24152
24154
24155
24175
24325
24336
24337
24338
24339
24343
24344
24345
24346
24347
24349
24367
24396
24398
24399
24420
24421
24422
24432
24433
24434
24436
24437
24438
24439
24440
24442
24443
24496
24498
24499
24503
24504
24505
24506
24508
24509
24510
25356
25358
25359
25377
25380
25381
25382
25383
25387
25393
25396
25397
25398
25399
25403
25472
25473
25474
25476
25478
25479
25480
25482
25483
25500
25501
25502
25503
25507
25512
25513
25514
25516
25517
25518
25557
26704
26705
26706
26708
26710
26711
26715
26892
26893
26894
26913
26916
26918
26919
26923
26932
26933
26934
27007
27008
27009
27010
27011
27015
27016
27017
27018
27019
27036
27038
27039
27040
27042
27043
27048
27049
27050
27053
27379
27385
27388
27389
27390
27909
27920
27922
27923
27928
27929
27930
27951
27983
28005
28016
28017
28022
28023
28027
28080
28082
28083
28088
28089
28090
99123
99129
99132
99133
99134
99135
99217
99220
99221
99222
99223
99227
99264
99265
99266
99268
99269
99270
99271
99272
99274
99275
99283
99289
99292
99293
99294
99295
99296
99298
99299
99304
99305
99306
99308
99309
99310
99311
100625
100628
100629
100630
100631
100635
100672
100674
100675
100680
100681
100682
100684
100685
100686
100687
100704
100705
100706
100708
100709
100710
100711
100712
100714
100715
100721
100724
100725
100726
100727
100731
100787
100793
100796
100797
100798
100799
101440
101441
101442
101444
101445
101446
101447
101448
101450
101451
101459
101465
101468
101470
101471
101472
101474
101475
101480
101481
101482
101484
101485
101486
101487
101692
101694
101695
101780
101781
101782
101824
101825
101826
101828
101830
101831
101832
101834
101835
101852
101854
101855
101856
101858
101859
101864
101865
101866
101868
101869
101870
102080
102082
102083
102088
102089
102090
102092
102093
102094
102112
102113
102114
102116
102118
102119
102120
102122
102123
102132
102133
102134
102135
106772
106773
106774
106816
106818
106819
106824
106825
106826
106828
106829
106830
106848
106849
106850
106852
106854
106855
106856
106858
106859
106868
106869
106870
106940
106942
106943
107583
107669
107712
107713
107714
107715
107719
107720
107721
107722
107723
107724
107725
107726
107744
107745
107746
107747
107748
107750
107751
107752
107753
107754
107755
107757
107764
107765
107766
108096
108097
108098
108100
108102
108103
108104
108106
108107
108109
108124
108126
108127
108128
108130
108131
108136
108137
108138
108139
108140
108141
108142
108149
108308
108309
108310
108352
108354
108355
108360
108361
108362
108364
108365
108366
108384
108385
108386
108388
108390
108391
108392
108394
108395
108404
108405
108406
108476
108478
108479
109372
109374
109375
109460
109461
109462
109504
109505
109506
109507
109508
109510
109511
109512
109513
109514
109515
109517
109532
109534
109535
109536
109538
109539
109544
109545
109546
109547
109548
109549
109550
109557
111680
111681
111682
111684
111686
111687
111688
111690
111691
111708
111710
111711
111712
111714
111715
111720
111721
111722
111724
111725
111726
111923
111929
111932
111933
111934
111935
112017
112020
112021
112022
112023
112027
112065
112068
112069
112070
112071
112075
112083
112088
112089
112090
112092
112093
112094
112095
112099
112105
112108
112109
112110
112111
112322
112323
112328
112329
112330
112332
112333
112334
112335
112352
112353
112354
112356
112357
112358
112359
112360
112362
112363
112369
112372
112373
112374
112375
112379
179392
179394
179395
179400
179401
179402
179404
179405
179406
179407
179424
179425
179426
179428
179429
179430
179431
179432
179434
179435
179441
179444
179445
179446
179447
179451
179733
179776
179777
179778
179779
179780
179782
179783
179784
179786
179787
179801
179804
179805
179806
179807
179808
179810
179811
179816
179817
179818
179820
179821
179822
179903
179988
179989
179990
180032
180033
180034
180035
180038
180039
180040
180041
180042
180043
180045
180051
180057
180060
180061
180062
180063
180066
180067
180071
180072
180073
180074
180076
180077
180078
180158
180159
245765
245787
245843
245848
245870
246044
246045
246057
246111
246114
246195
246199
246202
246525
246820
246821
246837
246896
246898
246902
246907
246927
246944
246945
246948
246949
246950
246955
247091
247095
247096
247097
247098
247164
247165
247166
247171
247175
247176
247177
247178
247196
247197
247209
247212
247213
247500
247501
247502
247518
247519
247523
247527
247528
247530
248816
248817
248818
248820
248822
248827
249919
249984
249985
249986
249988
249989
249990
249995
250000
250001
250002
250004
250005
250006
250011
250031
250065
250068
250069
250304
250305
250306
250307
250308
250310
250311
250312
250313
250314
250315
250322
250323
250327
250328
250329
250330
250348
250349
250350
250351
250430
250431
250495
250496
250497
250498
250500
250501
250502
250507
250512
250513
250514
250516
250517
250518
250519
250523
250543
250580
250581
251084
251085
251086
251100
251101
251102
251103
251104
251106
251107
251110
251111
251112
251113
251114
251115
251364
251365
251376
251377
251378
251379
251380
251381
251382
251383
251384
251385
251386
251387
251406
251407
251423
251424
251425
251426
251428
251429
251430
251435
251440
251441
251442
251444
251445
251446
251451
251504
251505
251506
251507
251508
251509
251510
251511
251512
251513
251514
251515
251534
251535
251551
251552
251553
251554
251556
251557
251558
251559
251562
251563
251569
251572
251573
252723
252727
252728
252729
252730
252732
252733
252793
252796
252797
252798
252803
252807
252808
252809
252810
252812
252813
252819
252824
252825
252826
252828
252829
252830
252835
252840
252841
252842
252844
252845
252846
257984
257985
257986
257987
257990
257991
257994
257995
258003
258007
258008
258009
258010
258028
258030
258031
