16423
16517
16542
16916
16918
16975
16997
17016
17018
17075
17223
17251
17257
17261
18512
18514
18520
18522
18748
18750
18881
18887
18891
18912
18914
18922
18925
19148
19150
19151
19173
19185
19191
19192
19195
19717
19731
19737
19741
19742
19759
19839
19840
19842
19843
19849
19853
19854
19876
19878
19879
19892
19894
19895
24897
24900
24902
24903
24904
24906
24907
24927
24928
24930
24931
24936
24937
24938
24941
24942
24949
25804
25806
25807
25829
25840
25841
25842
25848
25850
25851
25853
26193
26199
26200
26202
26203
26372
26373
26374
26387
26393
26396
26398
26399
26412
26414
26415
26496
26498
26504
26505
26506
26509
26529
26535
26536
26539
26548
26549
26550
26581
27440
27442
27443
27449
27452
27453
27454
27540
27541
27542
27543
27585
27588
27590
27591
27595
27615
27616
27618
27619
27624
27625
27626
27628
27629
27630
27637
29716
29717
29718
29719
29772
29774
29775
29796
29797
29798
29808
29809
29810
29815
29816
29817
29818
29819
29821
29872
29874
29875
29881
29884
29885
29886
29887
30204
30206
30207
30208
30210
30211
30216
30217
30218
30220
30221
30222
30241
30244
30245
30246
30247
30248
30250
30251
30257
30260
30261
30262
30263
30267
30340
30341
30342
30352
30354
30355
30361
30362
30364
30365
30366
30367
30371
30380
30382
30383
30416
30417
30418
30423
30424
30425
30426
30427
30429
99328
99329
99330
99332
99334
99335
99336
99338
99339
99356
99358
99359
99360
99362
99363
99368
99369
99370
99372
99373
99374
99443
99449
99452
99453
99454
99455
99456
99458
99459
99464
99465
99466
99468
99469
99470
99488
99489
99490
99492
99493
99494
99495
99496
99498
99499
99508
99509
99510
99515
99827
99833
99836
99837
99838
99839
99840
99842
99843
99848
99849
99850
99852
99853
99854
99855
99872
99873
99874
99876
99877
99878
99879
99880
99882
99883
99889
99892
99893
99894
99895
99899
99968
99969
99970
99972
99973
99974
99975
99976
99978
99979
99987
99993
99996
99997
99998
99999
100000
100002
100003
100008
100009
100010
100012
100013
100014
100015
100049
100052
100053
100054
100055
100059
103411
103417
103420
103421
103422
103423
104785
104788
104789
104790
104791
104795
105473
105476
105477
105478
105479
105483
105491
105497
105500
105501
105502
105503
105504
105507
105513
105514
105516
105517
105518
105519
105587
105593
105596
105597
105598
105599
105600
105602
105603
105608
105609
105610
105612
105613
105614
105615
105632
105633
105634
105636
105637
105638
105639
105640
105642
105643
105649
105652
105653
105654
105655
105659
105983
105984
105985
105986
105987
105991
105992
105993
105994
105995
105997
106015
106016
106017
106018
106019
106023
106024
106025
106026
106027
106029
106036
106037
106038
106112
106113
106114
106116
106118
106119
106120
106122
106123
106140
106142
106143
106144
106145
106146
106147
106152
106153
106154
106156
106157
106158
106165
106196
106197
106198
106324
106325
106326
109571
109577
109580
109581
109582
109583
109601
109604
109605
109606
109607
109611
109617
109620
109621
109622
109623
109627
109697
109700
109701
109702
109703
109707
109715
109721
109724
109725
109726
109727
109731
109737
109740
109741
109742
109743
109777
109780
109781
109782
109783
109787
110080
110081
110082
110084
110085
110086
110087
110088
110091
110099
110105
110108
110109
110110
110111
110115
110121
110122
110124
110125
110126
110127
110195
110201
110204
110205
110206
110207
110211
110217
110220
110221
110222
110223
110241
110244
110245
110246
110247
110251
110257
110260
110261
110262
110263
110267
110417
110420
110421
110422
110423
110427
184660
184661
184662
185344
185346
185347
185352
185353
185354
185356
185357
185358
185376
185377
185378
185380
185382
185383
185384
185386
185387
185396
185397
185398
185472
185473
185474
185476
185477
185478
185479
185480
185482
185483
185491
185500
185502
185503
185504
185506
185507
185512
185513
185514
185516
185517
185518
185553
185556
185557
185558
185559
185563
185861
185872
185873
185874
185875
185880
185881
185882
185884
185885
185886
185900
185902
185903
185971
185977
185980
185981
185982
185983
185984
185986
185987
185993
185994
185996
185997
185998
185999
186017
186020
186021
186022
186023
186027
186033
186034
186036
186037
186038
186039
186040
186042
186043
186181
186192
186193
186194
186195
186200
186201
186202
186203
186204
186205
186206
186207
186220
186223
187388
187390
187391
262181
262344
262391
262737
262744
262746
262944
262946
262953
262965
263068
263071
263120
263123
263129
263132
263134
264516
264518
264519
264554
264557
264565
265233
265240
265243
265345
265352
265354
265357
265380
265382
265383
265403
265429
265749
265795
265804
265807
265829
265840
265842
265843
265849
265852
265854
265916
265919
266048
266050
266051
266057
266060
266062
266063
266085
266086
266097
266098
266104
266106
266109
271633
271634
271640
271642
271643
271645
271745
271751
271752
271754
271755
271777
271780
271783
271784
271786
271787
271796
271798
271799
271828
271830
271831
274500
274501
274502
274528
274530
274531
274537
274540
274541
274542
274543
274549
274948
274949
274950
274951
274976
274977
274978
274979
274984
274985
274986
274988
274989
274990
274997
274998
275088
275090
275091
275097
275100
275102
275103
275119
275141
275152
275154
275155
275161
275164
275166
275167
275171
275180
275183
275281
275288
275290
275291
275293
276565
276736
276738
276739
276745
276748
276749
276750
276751
276772
276773
276774
276784
276785
276786
276787
276792
276793
276794
276795
276796
276797
276798
276884
276885
276886
276887
276929
276935
276936
276938
276939
276941
276961
276964
276966
276967
276968
276970
276971
276977
276980
276982
276983
276984
276987
277244
277247
277589
277760
277762
277763
277769
277772
277774
277775
277797
277798
277808
277809
277810
277811
277816
277817
277818
277820
277821
277822
277823
277908
277909
277910
277911
277952
277953
277954
277956
277959
277960
277961
277962
277963
277965
277985
277986
277988
277990
277991
277992
277994
277995
277997
278001
278004
278005
278006
278007
278008
278011
278223
278256
278259
278265
278268
278270
278271
