49265
49330
49335
49471
49557
49604
49606
49619
49625
49866
49886
50430
50769
50772
50774
50779
50949
50960
50962
50967
50968
50970
50991
51020
51021
51022
51040
51041
51042
51046
51047
51051
51123
51129
51132
51133
51971
51977
51981
51999
52003
52008
52010
52083
52088
52090
52111
52132
52133
52134
52148
52149
54256
54257
54258
54259
54263
54264
54265
54266
54267
55573
55616
55617
55618
55620
55622
55623
55626
55627
55635
55640
55641
55642
55644
55645
55646
55660
55661
55662
55663
55743
56341
56384
56385
56386
56388
56390
56391
56392
56394
56395
56403
56408
56409
56410
56412
56413
56414
56419
56425
56428
56429
56430
56431
56511
56591
56612
56613
56614
56624
56625
56626
56628
56629
56630
56631
56632
56634
56635
56703
56704
56705
56706
56707
56708
56710
56711
56712
56713
56714
56715
56723
56729
56732
56733
56734
56735
56739
56744
56745
56746
56748
56749
56750
56789
57039
57061
57072
57073
57074
57075
57076
57078
57079
57080
57081
57082
57083
60431
60449
60452
60453
60454
60465
60468
60469
60470
60475
60540
60542
60543
60547
60552
60553
60554
60557
60572
60574
60575
60576
60578
60579
60583
60584
60585
60586
60589
60876
60877
60878
60896
60897
60898
60902
60903
60907
60979
60985
60988
60989
60990
61060
61061
61072
61073
61074
61079
61080
61082
61083
61103
61136
61137
61140
61141
61142
61147
134924
134926
134927
134948
134949
134950
134960
134961
134962
134963
134964
134966
134967
134968
134970
134971
134973
135044
135045
135046
135056
135057
135058
135059
135063
135064
135065
135066
135067
135068
135069
135070
135084
135086
135087
135109
135120
135121
135122
135123
135124
135126
135127
135128
135129
135130
135131
135133
135151
140548
140549
140560
140561
140562
140563
140567
140568
140569
140570
140571
140572
140573
140574
140590
140591
140623
140645
140656
140657
140658
140659
140663
140664
140665
140666
140667
140668
140669
140670
140684
140686
140687
140708
140709
140710
140720
140721
140722
140723
140724
140726
140727
140728
140729
140730
140731
140733
143429
143440
143441
143442
143443
143447
143448
143449
143450
143451
143453
143471
143631
143653
143664
143665
143666
143667
143671
143672
143673
143674
143675
143677
143749
143760
143761
143762
143763
143767
143768
143769
143770
143771
143773
143791
143813
143824
143825
143826
143827
143831
143832
143833
143834
143835
143837
143855
144079
144101
144112
144113
144114
144115
144119
144120
144121
144122
144123
144125
145161
145164
145165
145166
145167
145185
145188
145189
145190
145191
145195
145200
145201
145202
145204
145205
145206
145207
145211
145279
145280
145281
145282
145283
145284
145286
145287
145288
145290
145291
145299
145305
145308
145309
145310
145311
145314
145315
145320
145321
145322
145324
145325
145326
145364
145365
145366
145648
145650
145651
145656
145657
145658
145660
145661
145662
145989
146000
146001
146002
146003
146004
146006
146007
146008
146010
146011
146031
146180
146181
146182
146192
146193
146194
146195
146199
146200
146201
146202
146203
146204
146205
146206
146220
146222
146223
146255
146277
146288
146289
146290
146291
146295
146296
146297
146298
146299
146301
146318
146319
146340
146341
146352
146353
146354
146355
146356
146358
146359
146360
146361
146362
146363
146365
209125
209136
209138
209139
209144
209145
209146
209148
209149
209150
209488
209489
209490
209492
209494
209495
209496
209498
209499
209668
209669
209670
209680
209682
209683
209688
209689
209690
209692
209693
209694
209708
209710
209711
209776
209778
209779
209784
209785
209786
209788
209789
209790
209804
209806
209807
209828
209829
209830
209840
209841
209842
209844
209846
209847
209848
209850
209851
211012
211013
211014
211024
211025
211026
211027
211030
211031
211032
211033
211034
211035
211037
211054
211055
211212
211214
211215
211236
211237
211238
211248
211249
211250
211251
211252
211254
211255
211256
211258
211259
211261
211332
211333
211334
211344
211346
211347
211352
211353
211354
211356
211357
211358
211372
211374
211375
211408
211409
211410
211412
211414
211415
211416
211418
211419
211663
211685
211696
211697
211698
211699
211703
211704
211705
211706
211707
211708
211709
211710
212229
212240
212241
212242
212243
212244
212246
212247
212248
212250
212251
212271
212291
212297
212300
212301
212302
212303
212319
212320
212321
212322
212324
212325
212326
212327
212328
212330
212331
212337
212340
212341
212342
212402
212403
212408
212409
212410
212412
212413
212414
212415
278529
278552
278604
278623
278631
278834
278839
278915
278920
278921
278922
278940
278942
278953
279269
279285
279747
279751
279752
279754
279772
279773
279774
279788
279789
280051
280056
280057
280058
280076
280078
280095
280096
280097
280098
280102
280103
280107
280178
280183
280184
280186
280207
280225
280228
280229
280230
280245
281407
281489
281492
281494
281499
281552
281553
281558
281563
283395
283400
283401
283402
283404
283405
283420
283421
283422
283423
283427
283431
283432
283433
283434
283437
283471
283489
283492
283493
283494
283504
283505
283508
283509
283510
283515
283568
283569
283570
283572
283574
283575
283578
283579
284611
284616
284617
284620
284621
284622
284623
284639
284640
284641
284642
284643
284644
284646
284647
284648
284649
284650
284651
284661
284723
284728
284729
284730
284732
284733
284734
284800
284801
284802
284804
284805
284806
284807
284811
284816
284817
284818
284819
284822
284823
284824
284825
284826
284827
284844
284846
284847
284881
284884
284885
284886
284891
285132
285133
285134
285151
285152
285153
285154
285155
285156
285158
285159
285160
285162
285163
285235
285239
285240
285241
285242
285244
285245
285246
285311
285312
285313
285314
285315
285316
285317
285318
285319
285320
285322
285323
285330
285331
285335
285336
285337
285338
285340
285341
285356
285357
285358
285359
285397
290044
290045
290046
290369
290372
290373
290374
290384
290385
290386
290390
290391
290392
290394
290395
290415
290577
290580
290581
290582
290624
290625
290626
290630
290631
290634
290635
290643
290648
290649
290650
290653
290668
290669
290670
290751
