19
78
96
98
314
383
386
391
413
428
429
719
740
742
1225
1229
1247
1251
1255
1256
1257
1258
1532
1533
1534
1539
1544
1545
1546
1549
1564
1566
1571
1576
1577
1578
1637
1648
1649
1652
1654
1659
1712
1713
1714
1716
1718
1723
2876
2877
2878
2949
2960
2962
2967
2991
3028
3029
4878
4879
4896
4897
4898
4900
4901
4902
4907
4916
4917
4978
4979
4983
4984
4985
4986
4989
5004
5005
5006
5007
5023
5024
5025
5026
5028
5029
5030
5031
5035
5045
6117
6128
6129
6130
6131
6132
6134
6135
6136
6137
6138
6139
6158
6159
6177
6180
6181
6182
6187
6192
6193
6194
6196
6197
6198
6199
6203
6259
6265
6268
6269
6270
6271
6275
6280
6281
6282
6284
6285
6286
6300
6301
6302
6303
6304
6306
6307
6311
6312
6313
6314
6315
6317
6592
6593
6594
6595
6596
6598
6599
6600
6601
6602
6603
6611
6616
6617
6618
6620
6621
6622
6633
6636
6637
6638
6719
6800
6801
6804
6805
6806
6811
6848
6849
6852
6853
6854
6859
6864
6865
6866
6867
6868
6870
6871
6872
6873
6874
6875
6895
11504
11506
11507
11511
11512
11513
11514
11793
11796
11797
11798
11803
11840
11842
11843
11847
11848
11850
11851
11859
11865
11868
11869
11870
11881
11884
11885
11886
11967
12100
12101
12112
12113
12114
12118
12119
12123
12143
94400
94402
94403
94408
94409
94410
94412
94413
94414
94415
94432
94433
94434
94436
94438
94439
94440
94442
94443
94449
94452
94453
94454
94455
94459
94784
94785
94786
94788
94789
94790
94791
94792
94794
94795
94803
94809
94812
94813
94814
94815
94816
94818
94819
94824
94825
94826
94828
94829
94830
94831
94993
94996
94997
94998
94999
95003
95040
95042
95043
95048
95049
95050
95052
95053
95054
95055
95072
95073
95074
95076
95077
95078
95079
95080
95082
95083
95089
95092
95093
95094
95095
95099
95155
95161
95164
95165
95166
95167
96273
96276
96277
96278
96320
96321
96322
96323
96327
96328
96329
96330
96331
96332
96333
96348
96350
96351
96352
96353
96354
96355
96359
96360
96361
96362
96363
96364
96365
96373
96444
96446
96447
96569
96572
96574
96575
96657
96660
96661
96662
96663
96667
96704
96705
96706
96708
96709
96710
96711
96712
96714
96715
96723
96729
96732
96733
96734
96735
96736
96738
96739
96744
96745
96746
96748
96749
96750
96751
96960
96962
96963
96968
96969
96970
96972
96973
96974
96991
96992
96993
96994
96995
96996
96998
96999
97000
97002
97003
97012
97013
97014
97557
97600
97601
97602
97604
97605
97606
97607
97608
97610
97611
97619
97624
97625
97626
97628
97629
97630
97635
97641
97644
97645
97646
97647
233273
233276
233278
233279
233364
233365
233366
233408
233409
233410
233412
233414
233415
233416
233418
233419
233436
233438
233439
233440
233442
233443
233448
233449
233450
233452
233453
233454
238868
238869
238870
238912
238914
238915
238920
238921
238922
238923
238924
238925
238926
238944
238945
238946
238948
238950
238951
238952
238954
238955
238957
238964
238965
238966
239036
239038
239039
241685
241728
241729
241730
241731
241732
241734
241735
241736
241737
241738
241739
241741
241756
241758
241759
241760
241761
241762
241763
241767
241768
241769
241770
241771
241772
241773
241774
241781
241855
241980
241982
241983
242068
242069
242070
242112
242113
242114
242115
242116
242118
242119
242120
242121
242122
242123
242125
242140
242142
242143
242144
242145
242146
242147
242151
242152
242153
242154
242155
242156
242157
242158
242165
242239
242325
242368
242369
242370
242371
242375
242376
242377
242378
242379
242380
242381
242382
242399
242400
242401
242402
242403
242404
242406
242407
242408
242409
242410
242411
242413
242420
242421
242422
243507
243512
243513
243514
243516
243517
243518
243519
243589
243600
243601
243602
243604
243605
243606
243607
243608
243610
243611
243631
243652
243653
243654
243664
243665
243666
243667
243671
243672
243673
243674
243675
243677
243692
243694
243695
243907
243913
243916
243917
243918
243919
243936
243937
243938
243940
243941
243942
243943
243946
243947
243953
243956
243957
243958
243959
243963
244245
244288
244289
244290
244292
244294
244295
244296
244298
244299
244313
244316
244317
244318
244319
244320
244322
244323
244328
244329
244330
244332
244333
244334
244500
244501
244502
244544
244545
244546
244547
244551
244552
244553
244554
244555
244556
244557
244558
244575
244576
244577
244578
244579
244580
244582
244583
244584
244585
244586
244587
244589
244596
244597
244598
244668
244670
244671
311325
311340
311397
311412
311414
311700
311702
311749
311767
311768
311770
311791
312003
312008
312035
312041
312569
312572
312573
312901
312912
312914
312919
312920
312922
312943
313105
313108
313109
313110
313115
313155
313160
313161
313162
313182
313183
313187
313192
313193
313194
313278
313279
314124
314126
314144
314145
314146
314151
314155
314233
314237
314252
314254
314272
314273
314283
316364
316366
316367
316384
316385
316386
316388
316389
316390
316395
316404
316405
316406
317700
317701
317702
317712
317713
317714
317715
317716
317718
317719
317720
317722
317723
317743
317763
317768
317769
317772
317773
317774
317791
317792
317793
317794
317795
317798
317799
317800
317801
317802
317803
317875
317881
317884
317885
317886
318533
318544
318545
318546
318548
318549
318550
318551
318555
318722
318723
318727
318728
318729
318730
318732
318733
318734
318748
318750
318751
318752
318753
318754
318755
318759
318760
318761
318762
318763
318765
318832
318834
318835
318839
318840
318841
318842
318844
318845
318846
318860
318861
318862
318863
318880
318881
318882
318884
318885
318886
318887
318891
318897
318900
318901
318902
318907
319228
319229
319230
319231
322608
322610
322611
322615
322616
322617
322618
322621
322688
322689
322690
322692
322693
322694
322695
322699
322707
322712
322713
322714
322717
322732
322734
322735
322772
322773
323023
323044
323045
323057
323060
323061
323062
323067
323120
323122
323127
323128
323130
323131
323199
323200
323201
323202
323206
323207
323208
323210
323211
323219
323225
323228
323229
323230
323244
323245
323246
