16556
16558
16599
16913
16923
17021
17072
17074
17221
17244
17246
17263
18500
18502
18527
18531
18537
18540
18542
18883
18889
18893
18919
18932
18934
19136
19138
19144
19146
19169
19176
19179
19189
19732
19734
19735
19739
19791
19813
19824
19826
19832
19834
19837
19888
19891
19897
19901
24848
24849
24850
24852
24854
24855
24856
24858
24859
24911
24944
24946
24947
24952
24953
24954
24956
24957
24958
24975
24997
25008
25009
25010
25011
25016
25017
25018
25019
25021
26368
26370
26371
26377
26380
26381
26382
26401
26404
26406
26407
26411
26420
26422
26423
26501
26515
26521
26524
26525
26526
26540
26542
26543
26577
26578
26583
26584
26586
26587
26879
27221
27392
27393
27394
27400
27401
27402
27403
27405
27424
27425
27426
27431
27432
27434
27435
27444
27445
27446
27524
27525
27526
27527
27548
27550
27551
27555
27561
27564
27565
27566
27567
27601
27604
27606
27607
27611
29764
29765
29766
29779
29785
29788
29789
29790
29791
29795
29801
29804
29806
29807
30012
30014
30015
30101
30144
30145
30146
30147
30151
30152
30153
30154
30155
30157
30176
30177
30178
30179
30183
30184
30185
30186
30187
30189
30196
30197
30198
30271
30357
30400
30402
30403
30408
30409
30410
30412
30413
30414
30433
30436
30438
30439
30440
30442
30443
30452
30453
30454
30455
30459
98625
98628
98629
98630
98631
98635
98643
98649
98652
98653
98654
98655
98659
98665
98668
98669
98670
98671
99379
99385
99388
99389
99390
99391
99473
99476
99477
99478
99479
99483
99521
99524
99525
99526
99527
99531
99536
99539
99545
99546
99548
99549
99550
99551
99555
99561
99564
99565
99566
99567
99856
99857
99858
99860
99861
99862
99863
99864
99866
99867
99907
99913
99916
99917
99918
99919
99937
99940
99941
99942
99943
99947
99952
99953
99954
99956
99957
99958
99959
99960
99962
99963
100016
100018
100019
100024
100025
100026
100028
100029
100030
100031
100161
100164
100165
100166
100167
100171
100176
100178
100179
100184
100185
100186
100188
100189
100190
100191
100195
100201
100204
100205
100206
100207
101315
101321
101324
101325
101326
101327
101345
101348
101349
101350
101351
101355
101361
101364
101365
101366
101367
101371
105520
105522
105523
105528
105529
105530
105532
105533
105534
105535
105616
105617
105618
105620
105621
105622
105623
105624
105626
105627
105665
105668
105669
105670
105671
105675
105680
105682
105683
105688
105689
105690
105692
105693
105694
105695
105699
105705
105708
105709
105710
105711
106001
106004
106005
106006
106007
106011
106048
106051
106057
106060
106061
106062
106063
106081
106084
106085
106086
106087
106091
106097
106100
106101
106102
106103
106107
106163
106169
106172
106173
106174
106175
106304
106305
106306
106308
106310
106311
106312
106314
106315
106332
106334
106335
106336
106338
106339
106344
106345
106346
106348
106349
106350
107459
107465
107468
107469
107470
107471
107489
107492
107493
107494
107495
107499
107504
107505
107506
107508
107509
107510
107511
107512
107514
107515
108868
108869
108870
108880
108882
108883
108888
108889
108890
108892
108893
108894
108899
108908
108909
108910
108911
109584
109585
109586
109588
109590
109591
109592
109594
109595
109644
109646
109647
109668
109669
109670
109680
109681
109682
109684
109685
109686
109687
109688
109690
109691
109744
109746
109747
109752
109753
109754
109756
109757
109758
110019
110025
110028
110029
110030
110031
110049
110052
110053
110054
110055
110059
110064
110065
110066
110068
110069
110070
110071
110072
110074
110075
110128
110130
110131
110136
110137
110138
110140
110141
110142
110143
110224
110225
110226
110228
110229
110230
110231
110232
110234
110235
110273
110276
110277
110278
110283
110288
110290
110291
110296
110297
110298
110300
110301
110302
110307
110316
110317
110318
110319
185361
185364
185365
185366
185367
185371
185411
185417
185420
185421
185422
185423
185441
185444
185445
185446
185447
185451
185457
185458
185460
185461
185462
185463
185464
185467
185523
185529
185532
185533
185534
185535
185804
185807
185829
185840
185842
185843
185848
185849
185850
185852
185853
185854
185855
185859
185868
185870
185871
185893
185894
185904
185905
185906
185907
185911
185912
185913
185914
185915
185916
185917
185918
186000
186001
186002
186004
186006
186007
186008
186010
186011
186013
186052
186053
186054
186055
186059
186064
186066
186067
186072
186073
186074
186076
186077
186078
186079
186083
186089
186092
186093
186094
186095
262194
262349
262372
262395
262916
262919
262945
262952
262954
262966
263058
263109
263136
263139
263145
263148
263150
264543
264556
264559
265232
265234
265235
265241
265244
265246
265348
265350
265378
265386
265389
265397
265425
265432
265434
265435
265437
265793
265800
265802
265803
265828
265831
265835
265844
265847
266004
266006
266007
266112
266114
266115
266121
266124
266126
266149
266150
266161
266168
266170
266171
266173
266197
271637
271692
271695
271728
271730
271731
271737
271740
271742
271743
271759
271792
271795
271801
271804
271806
271807
274496
274498
274499
274505
274508
274510
274511
274533
274534
274544
274545
274546
274552
274553
274554
274555
274557
274558
274961
274964
274967
274968
274970
274971
274973
275073
275080
275082
275083
275085
275108
275110
275111
275115
275121
275124
275126
275127
275128
275130
275131
275156
275158
275159
275268
275270
275271
275297
275298
275304
275306
275307
275309
275316
275317
275318
275319
276741
276752
276754
276755
276761
276764
276766
276767
276768
276771
276777
276780
276782
276783
276869
276870
276895
276896
276898
276899
276905
276908
276909
276910
276911
276917
276944
276945
276946
276947
276952
276953
276954
276956
276957
276958
276959
277573
277584
277586
277587
277593
277596
277597
277598
277599
277603
277612
277615
278016
278017
278018
278020
278023
278024
278025
278026
278027
278029
278049
278052
278054
278055
278056
278058
278059
278061
278065
278068
278070
278071
278072
278074
278075
278160
278161
278162
278167
278168
278169
278170
278171
278173
278174
278212
278213
278214
278215
278240
278241
278242
278243
278248
278249
278250
278251
278252
278253
278254
278255
278261
278262
278356
278357
278358
278359
