18
71
89
108
268
269
286
291
296
298
335
352
353
356
358
363
434
1072
1073
1074
1076
1078
1083
1139
1143
1144
1145
1146
1164
1166
1183
1186
1191
1194
1340
1341
1342
1407
1408
1409
1410
1412
1414
1419
1427
1431
1432
1433
1434
1454
1455
1731
1736
1737
1738
1756
1757
1769
1772
1773
3044
3045
3061
4288
4289
4290
4292
4293
4294
4299
4304
4306
4307
4310
4311
4312
4313
4314
4315
4334
4335
4556
4557
4558
4572
4573
4574
4575
4578
4579
4583
4584
4585
4586
4659
4663
4664
4665
4666
4668
4669
4732
4733
4734
4739
4743
4744
4745
4746
4755
4760
4761
4762
4764
4765
4766
4777
4780
4781
4782
5327
5345
5348
5349
5360
5361
5362
5364
5365
5366
5367
5371
5628
5629
5630
5631
5632
5634
5635
5639
5640
5641
5642
5643
5644
5645
5651
5656
5657
5658
5660
5661
5662
5667
5671
5672
5673
5674
5676
5677
5678
5708
5709
5710
5711
5726
5727
5728
5729
5730
5731
5732
5733
5734
5735
5736
5737
5738
5739
5808
5810
5811
5814
5815
5816
5817
5818
5819
5821
6927
6944
6945
6948
6949
6950
6955
6960
6961
6962
6964
6965
6966
6971
7024
7025
7026
7027
7028
7029
7030
7031
7032
7034
7035
7054
7055
7071
7072
7073
7074
7076
7077
7078
7079
7083
7093
12095
12165
12176
12177
12180
12181
12182
12187
12228
12229
12240
12241
12242
12244
12245
12246
12251
97331
97337
97340
97341
97342
97343
97425
97428
97429
97430
97431
97435
97473
97476
97477
97478
97479
97483
97490
97491
97496
97497
97500
97501
97502
97503
97507
97513
97516
97517
97518
97519
97793
97796
97797
97798
97808
97809
97810
97811
97812
97814
97815
97816
97817
97818
97819
97821
97838
97839
97865
97868
97869
97870
97871
97889
97892
97893
97894
97895
97899
97904
97905
97906
97908
97909
97910
97911
97912
97914
97915
97968
97970
97971
97975
97976
97977
97978
97980
97981
97982
98116
98117
98128
98129
98130
98132
98133
98134
98135
98136
98138
98139
98159
230339
230345
230348
230349
230350
230351
230369
230372
230373
230374
230375
230379
230385
230388
230389
230390
230391
230395
231745
231748
231749
231750
231751
231755
231763
231769
231772
231773
231774
231775
231779
231785
231788
231789
231790
231791
232465
232468
232469
232470
232471
232475
232515
232521
232524
232525
232526
232527
232545
232548
232549
232550
232551
232555
232560
232561
232564
232565
232566
232567
232570
232571
232627
232633
232636
232637
232638
232639
232899
232905
232908
232909
232910
232911
232929
232932
232933
232934
232935
232939
232944
232945
232946
232948
232949
232950
232951
232952
232954
232955
233008
233010
233011
233016
233017
233018
233020
233021
233022
233023
233104
233105
233106
233108
233109
233110
233111
233112
233114
233115
233153
233156
233157
233158
233159
233163
233168
233170
233171
233176
233177
233178
233180
233181
233182
233183
233187
233193
233196
233197
233198
233199
237889
237892
237893
237894
237895
237899
237904
237906
237907
237912
237913
237914
237916
237917
237918
237919
237923
237929
237932
237933
237934
237935
238640
238642
238643
238648
238649
238650
238652
238653
238654
238736
238737
238738
238740
238742
238743
238744
238746
238747
238788
238789
238790
238800
238802
238803
238808
238809
238810
238812
238813
238814
238815
238828
238830
238831
239120
239121
239122
239124
239125
239126
239127
239128
239130
239131
239171
239177
239180
239182
239183
239201
239204
239205
239206
239207
239216
239217
239218
239220
239222
239223
239224
239226
239227
239280
239282
239283
239288
239289
239290
239292
239293
239294
239295
239425
239428
239429
239430
239431
239435
239440
239442
239443
239448
239449
239450
239452
239453
239454
239455
239459
239465
239468
239469
239470
239471
240588
240590
240591
240609
240612
240613
240614
240615
240624
240625
240626
240628
240630
240631
240632
240634
240635
242704
242705
242706
242708
242709
242710
242711
242712
242714
242715
242755
242761
242764
242765
242766
242767
242785
242788
242789
242790
242791
242795
242800
242801
242802
242804
242805
242806
242807
242808
242810
242811
242864
242866
242867
242872
242873
242874
242876
242877
242878
242879
243136
243138
243139
243144
243145
243146
243148
243149
243150
243168
243169
243170
243172
243174
243175
243176
243178
243179
243188
243189
243190
243251
243257
243260
243261
243262
243263
243345
243348
243349
243350
243351
243355
243392
243393
243396
243397
243398
243399
243403
243411
243417
243420
243421
243422
243423
243427
243433
243436
243437
243438
243439
311421
311460
311462
311759
311781
311796
311798
311859
311865
311952
311954
312023
313145
313148
313149
313150
313232
313233
313239
313243
313285
313296
313298
313303
313304
313306
313327
313548
313550
313569
313572
313574
313579
313589
313920
313922
313928
313930
313951
313955
313960
313961
314177
314183
314187
314204
314206
314221
318668
318670
318671
318689
318692
318693
318694
318699
318705
318708
318709
318710
318711
318715
318997
319040
319041
319042
319044
319046
319047
319048
319050
319051
319065
319068
319069
319070
319071
319075
319080
319081
319082
319084
319085
319086
319167
319252
319253
319254
319296
319297
319298
319299
319303
319304
319305
319306
319307
319309
319324
319326
319327
319328
319329
319330
319331
319335
319336
319337
319338
319339
319341
319423
320304
320306
320307
320312
320313
320314
320316
320317
320318
320389
320400
320401
320402
320403
320407
320408
320409
320410
320411
320431
320453
320464
320465
320466
320468
320470
320471
320472
320474
320475
321621
321792
321794
321795
321799
321800
321801
321802
321803
321820
321822
321823
321824
321826
321827
321832
321833
321834
321837
321907
321913
321916
321917
321918
321932
321933
321934
321935
321953
321956
321957
321958
321959
321963
321972
321973
321974
322303
322816
322817
322818
322820
322822
322823
322827
322844
322845
322846
322851
322857
322860
322861
322862
322930
322931
322936
322937
322938
322941
322959
322980
322981
322982
322993
322996
322998
322999
323003
