49159
49182
49272
49274
49317
49603
49609
49632
49634
49640
49642
49812
49814
49875
50956
50958
50977
50980
50982
50987
50996
50997
51071
51075
51080
51081
51082
51103
51106
51107
51112
51113
51114
51443
51449
51453
51792
51794
51799
51802
51984
51985
51991
51995
52044
52046
52065
52075
52156
52157
52158
56357
56368
56369
56370
56371
56375
56376
56377
56378
56379
56448
56449
56450
56452
56453
56454
56455
56459
56467
56472
56473
56474
56476
56477
56478
56492
56493
56494
56495
56529
56532
56533
56534
56819
56824
56825
56826
56828
56829
56830
56831
56835
56841
56844
56845
56846
56847
56864
56865
56866
56868
56869
56870
56871
56875
56881
56884
56885
56886
56891
56956
56958
56959
56960
56962
56963
56967
56968
56969
56970
56971
56973
56988
56990
56991
56992
56994
56995
56999
57000
57001
57002
57003
57005
58319
58340
58341
58352
58353
58354
58356
58358
58359
58362
58363
59669
59712
59713
59714
59716
59718
59719
59720
59722
59723
59731
59737
59740
59741
59742
59747
59753
59756
59757
59758
60437
60480
60481
60482
60487
60488
60490
60491
60508
60509
60510
60515
60521
60524
60525
60526
60607
60720
60722
60723
60727
60728
60730
60801
60804
60805
60806
60819
60824
60825
60826
60829
60844
60846
60847
60884
60885
60886
61135
61156
61157
61168
61169
61170
61172
61174
61175
61179
134159
134181
134192
134193
134194
134195
134199
134200
134201
134202
134203
134204
134205
134206
134277
134288
134289
134290
134291
134292
134294
134295
134296
134298
134299
134301
134340
134341
134342
134352
134354
134355
134360
134361
134362
134364
134365
134366
134380
134382
134383
134672
134673
134674
134676
134678
134679
134680
134682
134683
134732
134734
134735
134756
134757
134758
134768
134769
134770
134772
134774
134775
134776
134778
134779
134832
134834
134835
134840
134841
134842
134844
134845
134846
134980
134981
134982
134992
134994
134995
135000
135001
135002
135004
135005
135006
135007
135017
135020
135022
135023
140304
140305
140306
140308
140309
140310
140311
140312
140314
140315
140355
140361
140364
140365
140366
140367
140385
140388
140389
140390
140391
140395
140400
140401
140402
140404
140405
140406
140407
140408
140410
140411
140464
140466
140467
140472
140473
140474
140476
140477
140478
140479
140739
140745
140748
140749
140750
140751
140769
140772
140773
140774
140775
140779
140784
140785
140786
140788
140789
140790
140791
140792
140794
140795
140848
140850
140851
140856
140857
140858
140860
140861
140862
140863
140944
140945
140946
140948
140949
140950
140951
140952
140954
140955
140993
140996
140997
140998
140999
141003
141008
141010
141011
141016
141017
141018
141020
141021
141022
141023
141027
141033
141036
141037
141038
141039
143681
143684
143685
143686
143687
143691
143696
143698
143699
143704
143705
143706
143708
143709
143710
143711
143715
143721
143724
143725
143726
143727
144432
144434
144435
144440
144441
144442
144444
144445
144446
144447
144528
144529
144530
144532
144533
144534
144535
144536
144538
144539
144577
144580
144581
144582
144592
144594
144595
144600
144601
144602
144604
144605
144606
144620
144622
144623
144900
144901
144902
144912
144913
144914
144915
144919
144920
144921
144922
144923
144925
144940
144942
144943
144972
144974
144975
144996
144997
144998
145008
145009
145010
145011
145012
145014
145015
145016
145017
145018
145019
145021
145039
145061
145072
145073
145074
145075
145079
145080
145081
145082
145083
145085
145221
145232
145233
145234
145236
145238
145239
145240
145242
145243
145263
146371
146377
146380
146381
146382
146383
146401
146404
146405
146406
146407
146411
146416
146417
146418
146420
146421
146422
146423
146424
146426
146427
209868
209870
209871
209892
209893
209894
209904
209905
209906
209907
209908
209910
209911
209912
209913
209914
209915
209917
211268
211269
211270
211280
211281
211282
211283
211287
211288
211289
211290
211291
211292
211293
211294
211308
211310
211311
211973
211984
211985
211986
211987
211988
211990
211991
211992
211993
211994
211995
211997
212015
212044
212046
212047
212068
212069
212070
212080
212081
212082
212084
212086
212087
212088
212090
212091
212133
212144
212146
212147
212151
212152
212153
212154
212155
212156
212157
212158
212416
212418
212419
212423
212424
212425
212426
212428
212429
212430
212444
212446
212447
212448
212449
212450
212451
212454
212455
212456
212457
212458
212459
212461
212537
212540
212541
212542
212543
212624
212625
212628
212629
212630
212631
212635
212672
212673
212676
212677
212678
212679
212683
212688
212690
212691
212696
212697
212698
212700
212701
212702
212703
212707
212713
212716
212717
212718
212719
278601
278620
278718
278817
278820
278822
278898
278903
278927
278945
278948
278949
278950
279287
279612
279613
279614
279680
279681
279682
279684
279686
279691
279699
279703
279704
279706
279727
280003
280007
280008
280009
280010
280025
280028
280029
280030
280041
280044
280045
280124
280126
280193
280196
280197
280198
280208
280209
280210
280214
280215
280219
280239
280277
281545
281564
281566
281571
281576
281577
282864
282865
282866
282868
282869
282870
282875
283132
283133
283134
283135
283136
283138
283139
283143
283144
283145
283146
283147
283155
283160
283161
283162
283164
283165
283177
283180
283181
283182
283212
283213
283214
283230
283231
283232
283234
283235
283238
283239
283240
283241
283242
283243
283315
283319
283320
283321
283322
283325
284419
284423
284424
284425
284426
284428
284429
284430
284441
284444
284445
284446
284447
284450
284451
284455
284456
284457
284458
284460
284461
284494
284495
284512
284513
284516
284517
284518
284523
284528
284529
284530
284532
284533
284534
284535
284539
284581
284592
284593
284594
284595
284596
284597
284598
284599
284600
284601
284602
284603
284921
284924
284925
284926
285200
285201
285204
285205
285206
285211
285248
285249
285250
285252
285253
285254
285255
285258
285259
285264
285265
285266
285267
285270
285271
285272
285273
285274
285275
285292
285293
285294
285295
285375
285461
285504
285505
285506
285508
285509
285510
285515
285520
285521
285522
285524
285525
285526
285527
285530
285531
285551
290575
290596
290597
290608
290609
290612
290613
290614
290619
290675
290679
290680
290681
290682
290700
290702
290703
290719
290720
290721
290722
290726
290727
290731
