16392
16394
16512
16514
16520
16522
16552
16554
16896
16898
16936
16938
17024
17026
17032
17034
17056
17058
17066
18433
18439
18440
18442
18443
18463
18464
18466
18467
18472
18473
18474
18477
18559
18563
18569
18570
18573
18593
18599
18603
18613
18944
18946
18952
18954
18976
18978
18997
19072
19073
19074
19079
19080
19082
19083
19103
19107
19113
19117
19157
19797
24576
24577
24578
24580
24581
24582
24583
24587
24595
24601
24604
24605
24606
24607
24608
24610
24611
24617
24620
24621
24622
24623
24700
24702
24703
24704
24706
24707
24712
24713
24714
24716
24717
24718
24719
24736
24737
24738
24740
24741
24742
24743
24747
24753
24756
24757
24758
24759
24763
25084
25086
25087
25088
25090
25091
25097
25100
25101
25102
25120
25121
25122
25124
25126
25127
25131
25140
25141
25142
25216
25217
25218
25220
25222
25223
25224
25226
25227
25244
25246
25247
25251
25256
25257
25258
25260
25261
25262
25300
25301
25302
26623
26626
26627
26632
26633
26634
26637
26656
26657
26658
26663
26667
26677
26752
26753
26754
26759
26760
26762
26763
26783
26784
26786
26787
26793
26797
26836
26837
26838
27136
27137
27138
27140
27142
27143
27147
27164
27166
27167
27168
27170
27171
27176
27177
27178
27180
27181
27182
27260
27262
27263
27267
27272
27273
27274
27276
27277
27278
27297
27300
27302
27303
27307
27316
27317
27318
27476
27477
27478
30033
30036
30037
30038
30039
30043
98304
98305
98306
98308
98309
98310
98311
98312
98314
98315
98323
98329
98332
98333
98334
98335
98339
98344
98345
98346
98348
98349
98350
98351
98419
98425
98428
98429
98430
98431
98435
98440
98441
98442
98444
98445
98446
98447
98464
98465
98466
98468
98469
98470
98471
98475
98481
98484
98485
98486
98487
98491
98803
98809
98812
98813
98814
98815
98819
98824
98825
98826
98828
98829
98830
98831
98848
98849
98852
98853
98854
98855
98856
98858
98859
98865
98868
98869
98870
98871
98875
98944
98945
98946
98948
98949
98950
98951
98952
98954
98955
98963
98969
98972
98973
98974
98975
98979
98985
98988
98989
98990
98991
99025
99028
99029
99030
99031
99035
100339
100345
100348
100349
100350
100351
100352
100354
100355
100361
100364
100365
100366
100367
100385
100388
100389
100390
100391
100395
100401
100404
100405
100406
100407
100411
100481
100484
100485
100486
100487
100491
100499
100505
100508
100509
100510
100511
100515
100521
100524
100525
100526
100527
100561
100564
100565
100566
100567
100571
100864
100865
100866
100868
100869
100870
100871
100872
100874
100875
100883
100889
100892
100893
100894
100895
100899
100905
100908
100909
100910
100911
100979
100985
100988
100989
100990
100991
100995
101001
101004
101005
101006
101007
101025
101028
101029
101030
101031
101035
101041
101044
101045
101046
101047
101051
101201
101204
101205
101206
101207
101211
106483
106489
106492
106493
106494
106495
106499
106505
106508
106509
106510
106511
106529
106532
106533
106534
106535
106539
106545
106548
106549
106550
106551
106555
106624
106625
106626
106628
106629
106630
106631
106635
106643
106649
106652
106653
106654
106655
106656
106658
106659
106665
106668
106669
106670
106671
106705
106708
106709
106710
106711
106715
107009
107012
107013
107014
107015
107016
107018
107019
107027
107033
107036
107037
107038
107039
107043
107049
107052
107053
107054
107055
107123
107129
107132
107133
107134
107135
107136
107138
107139
107145
107148
107149
107150
107151
107168
107169
107170
107172
107173
107174
107175
107179
107185
107188
107189
107190
107191
107195
107345
107348
107349
107350
107351
107355
108545
108548
108549
108550
108551
108552
108554
108555
108563
108569
108572
108573
108574
108575
108576
108578
108579
108584
108585
108586
108588
108589
108590
108591
108659
108665
108668
108669
108670
108671
108675
108680
108681
108682
108684
108685
108686
108687
108705
108708
108709
108710
108711
108715
108721
108724
108725
108726
108727
108731
109043
109049
109052
109053
109054
109055
109059
109065
109068
109069
109070
109071
109088
109089
109092
109093
109094
109095
109099
109105
109108
109109
109110
109111
109115
109185
109188
109189
109190
109191
109192
109194
109195
109203
109209
109212
109213
109214
109215
109219
109225
109226
109228
109229
109230
109231
109265
109268
109269
109270
109271
109275
109905
109908
109909
109910
109911
109915
185681
185684
185685
185686
185687
185688
185691
262972
262975
263104
263107
263116
263119
263152
263155
263164
263167
265216
265219
265228
265231
265264
265267
265273
265276
265278
265279
265365
265408
265410
265411
265417
265420
265422
265423
265445
265456
265458
265459
265465
265468
265470
265471
265813
265984
265986
265987
265993
265996
265998
265999
266021
266032
266034
266035
266041
266044
266046
266047
266133
266176
266178
266179
266185
266188
266190
266191
266213
266224
266226
266227
266233
266236
266238
266239
271701
274432
274434
274435
274441
274444
274446
274447
274469
274480
274482
274483
274489
274492
274494
274495
274581
274624
274626
274627
274633
274636
274638
274639
274661
274672
274674
274675
274681
274684
274686
274687
275029
275200
275202
275203
275209
275212
275214
275215
275237
275248
275250
275251
275257
275258
275260
275261
275262
275263
275349
275350
275392
275393
275394
275395
275401
275402
275404
275405
275406
275407
275429
275430
275440
275441
275442
275443
275449
275450
275452
275453
275454
275455
276821
276822
277504
277505
277506
277507
277513
277514
277516
277517
277518
277519
277541
277542
277552
277553
277554
277555
277561
277562
277564
277565
277566
277567
277652
277653
277654
277696
277697
277698
277699
277704
277705
277706
277707
277708
277709
277710
277711
277732
277733
277734
277735
277744
277745
277746
277747
277752
277753
277754
277755
277756
277757
277758
277759
278100
278101
278102
278103
278272
278273
278274
278275
278280
278281
278282
278283
278284
278285
278286
278287
278308
278309
278310
278311
278320
278321
278322
278323
278328
278329
278330
278331
278332
278333
278334
278335
278420
278421
278422
278423
278464
278465
278466
278467
278472
278473
278474
278475
278476
278477
278478
278479
278500
278501
278502
278503
278512
278513
278514
278515
278520
278521
278522
278523
278524
278525
278526
278527
