65584
65587
65685
65730
66305
66314
66317
66340
66342
66343
66360
66363
66455
66539
66548
66551
67921
67928
67930
67931
68612
68614
68615
68641
68650
68653
68662
68754
68765
68805
68832
68834
68835
68841
68844
68846
68853
69200
69202
69203
69209
69212
69214
69215
69381
69404
69407
69408
69411
69420
69423
69509
69535
69536
69539
69545
69548
69550
69551
69584
69586
69587
69593
69596
69598
69599
75077
75078
75104
75106
75107
75113
75116
75118
75119
75125
77841
77842
77849
77850
77853
77854
77956
77958
77959
77985
77992
77994
77995
77997
78004
78005
78006
78007
78033
78040
78042
78043
78045
78401
78404
78406
78407
78408
78411
78433
78436
78439
78440
78442
78443
78445
78452
78454
78455
78459
78609
78612
78614
78615
78616
78619
78721
78728
78730
78731
78733
78756
78758
78759
78763
78769
78772
78775
78776
78778
78779
78781
78804
78806
78807
80192
80193
80194
80195
80200
80201
80202
80203
80204
80205
80206
80207
80228
80229
80230
80231
80241
80242
80248
80249
80250
80251
80253
80254
80916
80917
80918
80919
81020
81023
81024
81026
81027
81033
81036
81037
81038
81039
81061
81062
81072
81073
81074
81075
81081
81082
81084
81085
81086
81087
81109
81429
81472
81474
81475
81481
81484
81486
81487
81509
81520
81522
81523
81529
81532
81534
81535
81536
81539
81545
81548
81550
81551
81573
81584
81586
81587
81593
81596
81598
81599
81685
81728
81730
81731
81737
81738
81740
81741
81742
81743
81764
81765
81766
81776
81777
81778
81779
81784
81785
81786
81787
81788
81789
81790
81791
81840
81843
81852
81855
152661
152832
152833
152834
152835
152836
152838
152839
152840
152841
152842
152843
152845
152860
152863
152864
152865
152866
152867
152871
152872
152873
152874
152875
152877
152878
152885
152961
152962
152964
152966
152967
152968
152970
152971
152988
152991
152992
152993
152994
152995
152999
153000
153001
153002
153003
153004
153005
153006
153013
153041
153044
153045
153046
153047
153048
153051
153343
229460
229461
229462
229632
229633
229634
229635
229639
229640
229641
229642
229643
229644
229645
229646
229663
229664
229665
229666
229667
229668
229670
229671
229672
229673
229674
229675
229677
229684
229685
229686
229759
229760
229761
229762
229763
229764
229766
229767
229768
229769
229770
229771
229773
229788
229790
229791
229792
229793
229794
229795
229799
229800
229801
229802
229803
229804
229805
229806
229813
229844
229845
229846
230140
230142
230143
230655
230997
231168
231169
231170
231171
231175
231176
231177
231178
231179
231181
231199
231200
231201
231202
231203
231207
231208
231209
231210
231211
231213
231221
231295
231296
231297
231298
231299
231303
231304
231305
231306
231307
231309
231327
231328
231329
231330
231331
231335
231336
231337
231338
231339
231341
231349
231381
231676
231679
232020
232021
232022
232192
232193
232194
232195
232196
232198
232199
232200
232201
232202
232203
232205
232220
232222
232223
232224
232225
232226
232227
232231
232232
232233
232234
232235
232236
232237
232238
232245
232316
232318
232319
232320
232321
232322
232323
232327
232328
232329
232330
232331
232332
232333
232334
232351
232352
232353
232354
232355
232356
232358
232359
232360
232361
232362
232363
232365
232372
232373
232374
232405
236799
237141
237312
237313
237314
237315
237319
237320
237321
237322
237323
237324
237325
237326
237343
237344
237345
237346
237347
237348
237350
237351
237352
237353
237354
237355
237357
237364
237365
237366
237440
237441
237442
237444
237446
237447
237448
237450
237451
237468
237470
237471
237472
237474
237475
237480
237481
237482
237484
237485
237486
237493
237524
237525
237526
237820
237822
237823
238165
238166
238336
238337
238338
238339
238343
238344
238345
238346
238347
238349
238367
238368
238369
238370
238371
238375
238376
238377
238378
238379
238381
238389
238463
238464
238465
238466
238467
238471
238472
238473
238474
238475
238477
238495
238496
238497
238498
238499
238503
238504
238505
238506
238507
238509
238517
238549
239701
239872
239873
239874
239875
239879
239880
239881
239882
239883
239885
239903
239904
239905
239906
239907
239911
239912
239913
239914
239915
239917
239925
239999
240000
240001
240002
240003
240007
240008
240009
240010
240011
240013
240031
240032
240033
240034
240035
240039
240040
240041
240042
240043
240045
240053
240085
240383
240725
240896
240897
240898
240899
240903
240904
240905
240906
240907
240909
240927
240928
240929
240930
240931
240935
240936
240937
240938
240939
240941
240949
241023
241024
241025
241026
241027
241031
241032
241033
241034
241035
241037
241055
241056
241057
241058
241059
241063
241064
241065
241066
241067
241069
241077
241109
241407
311455
311459
311813
311827
311833
311837
311855
311932
311934
311948
311950
312145
313364
313365
313366
313420
313422
313444
313446
313460
313462
313463
313532
313534
313535
313840
313842
313848
313850
313904
313906
313912
313914
313917
314001
314007
314011
314053
314067
314073
314077
314095
314689
314692
314695
314699
314719
314720
314723
314729
314733
319569
319572
319574
319575
319576
319578
319579
319756
319758
319759
319780
319781
319782
319792
319793
319794
319799
319800
319802
319803
319805
319877
319888
319889
319890
319891
319895
319896
319897
319898
319899
319901
319919
319941
319952
319954
319955
319960
319961
319962
319965
319983
320240
320242
320243
320248
320249
320250
320252
320253
320254
321343
321429
321472
321474
321480
321482
321485
321504
321505
321506
321511
321512
321514
321515
321525
321728
321730
321731
321736
321737
321738
321741
321761
321767
321768
321770
321771
321780
321781
321782
322113
322116
322118
322119
322123
322140
322142
322143
322147
322153
322156
322157
322158
322321
322324
322326
322327
322331
322380
322382
322383
322404
322405
322406
322416
322417
322418
322420
322422
322423
322424
322426
322427
322483
322489
322492
322493
322494
324868
324869
324870
324871
324883
324889
324892
324893
324894
324895
324899
324905
324908
324909
324910
324911
324979
324988
324990
324991
324992
324994
324995
325000
325001
325002
325004
325005
325006
325007
325025
325028
325029
325030
325031
325032
325035
325041
325044
325045
325046
325047
325051
