65575
65669
65694
66068
66070
66127
66149
66168
66170
66227
66375
66403
66409
66413
67664
67666
67672
67674
67900
67902
68033
68039
68043
68064
68066
68074
68077
68300
68302
68303
68325
68337
68343
68344
68347
68869
68883
68889
68893
68894
68911
68991
68992
68994
68995
69001
69005
69006
69028
69030
69031
69044
69046
69047
74049
74052
74054
74055
74056
74058
74059
74079
74080
74082
74083
74088
74089
74090
74093
74094
74101
74956
74958
74959
74981
74992
74993
74994
75000
75002
75003
75005
75345
75351
75352
75354
75355
75524
75525
75526
75539
75545
75548
75550
75551
75564
75566
75567
75648
75650
75656
75657
75658
75661
75681
75687
75688
75691
75700
75701
75702
75733
76592
76594
76595
76601
76604
76605
76606
76692
76693
76694
76695
76737
76740
76742
76743
76747
76767
76768
76770
76771
76776
76777
76778
76780
76781
76782
76789
78868
78869
78870
78871
78924
78926
78927
78948
78949
78950
78960
78961
78962
78967
78968
78969
78970
78971
78973
79024
79026
79027
79033
79036
79037
79038
79039
79356
79358
79359
79360
79362
79363
79368
79369
79370
79372
79373
79374
79393
79396
79397
79398
79399
79400
79402
79403
79409
79412
79413
79414
79415
79419
79492
79493
79494
79504
79506
79507
79513
79514
79516
79517
79518
79519
79523
79532
79534
79535
79568
79569
79570
79575
79576
79577
79578
79579
79581
148480
148481
148482
148484
148486
148487
148488
148490
148491
148508
148510
148511
148512
148514
148515
148520
148521
148522
148524
148525
148526
148595
148601
148604
148605
148606
148607
148608
148610
148611
148616
148617
148618
148620
148621
148622
148640
148641
148642
148644
148645
148646
148647
148648
148650
148651
148660
148661
148662
148667
148979
148985
148988
148989
148990
148991
148992
148994
148995
149000
149001
149002
149004
149005
149006
149007
149024
149025
149026
149028
149029
149030
149031
149032
149034
149035
149041
149044
149045
149046
149047
149051
149120
149121
149122
149124
149125
149126
149127
149128
149130
149131
149139
149145
149148
149149
149150
149151
149152
149154
149155
149160
149161
149162
149164
149165
149166
149167
149201
149204
149205
149206
149207
149211
152563
152569
152572
152573
152574
152575
153937
153940
153941
153942
153943
153947
154625
154628
154629
154630
154631
154635
154643
154649
154652
154653
154654
154655
154656
154659
154665
154666
154668
154669
154670
154671
154739
154745
154748
154749
154750
154751
154752
154754
154755
154760
154761
154762
154764
154765
154766
154767
154784
154785
154786
154788
154789
154790
154791
154792
154794
154795
154801
154804
154805
154806
154807
154811
155135
155136
155137
155138
155139
155143
155144
155145
155146
155147
155149
155167
155168
155169
155170
155171
155175
155176
155177
155178
155179
155181
155188
155189
155190
155264
155265
155266
155268
155270
155271
155272
155274
155275
155292
155294
155295
155296
155297
155298
155299
155304
155305
155306
155308
155309
155310
155317
155348
155349
155350
155476
155477
155478
158723
158729
158732
158733
158734
158735
158753
158756
158757
158758
158759
158763
158769
158772
158773
158774
158775
158779
158849
158852
158853
158854
158855
158859
158867
158873
158876
158877
158878
158879
158883
158889
158892
158893
158894
158895
158929
158932
158933
158934
158935
158939
159232
159233
159234
159236
159237
159238
159239
159240
159243
159251
159257
159260
159261
159262
159263
159267
159273
159274
159276
159277
159278
159279
159347
159353
159356
159357
159358
159359
159363
159369
159372
159373
159374
159375
159393
159396
159397
159398
159399
159403
159409
159412
159413
159414
159415
159419
159569
159572
159573
159574
159575
159579
233812
233813
233814
234496
234498
234499
234504
234505
234506
234508
234509
234510
234528
234529
234530
234532
234534
234535
234536
234538
234539
234548
234549
234550
234624
234625
234626
234628
234629
234630
234631
234632
234634
234635
234643
234652
234654
234655
234656
234658
234659
234664
234665
234666
234668
234669
234670
234705
234708
234709
234710
234711
234715
235013
235024
235025
235026
235027
235032
235033
235034
235036
235037
235038
235052
235054
235055
235123
235129
235132
235133
235134
235135
235136
235138
235139
235145
235146
235148
235149
235150
235151
235169
235172
235173
235174
235175
235179
235185
235186
235188
235189
235190
235191
235192
235194
235195
235333
235344
235345
235346
235347
235352
235353
235354
235355
235356
235357
235358
235359
235372
235375
236540
236542
236543
311333
311496
311543
311889
311896
311898
312096
312098
312105
312117
312220
312223
312272
312275
312281
312284
312286
313668
313670
313671
313706
313709
313717
314385
314392
314395
314497
314504
314506
314509
314532
314534
314535
314555
314581
314901
314947
314956
314959
314981
314992
314994
314995
315001
315004
315006
315068
315071
315200
315202
315203
315209
315212
315214
315215
315237
315238
315249
315250
315256
315258
315261
320785
320786
320792
320794
320795
320797
320897
320903
320904
320906
320907
320929
320932
320935
320936
320938
320939
320948
320950
320951
320980
320982
320983
323652
323653
323654
323680
323682
323683
323689
323692
323693
323694
323695
323701
324100
324101
324102
324103
324128
324129
324130
324131
324136
324137
324138
324140
324141
324142
324149
324150
324240
324242
324243
324249
324252
324254
324255
324271
324293
324304
324306
324307
324313
324316
324318
324319
324323
324332
324335
324433
324440
324442
324443
324445
325717
325888
325890
325891
325897
325900
325901
325902
325903
325924
325925
325926
325936
325937
325938
325939
325944
325945
325946
325947
325948
325949
325950
326036
326037
326038
326039
326081
326087
326088
326090
326091
326093
326113
326116
326118
326119
326120
326122
326123
326129
326132
326134
326135
326136
326139
326396
326399
326741
326912
326914
326915
326921
326924
326926
326927
326949
326950
326960
326961
326962
326963
326968
326969
326970
326972
326973
326974
326975
327060
327061
327062
327063
327104
327105
327106
327108
327111
327112
327113
327114
327115
327117
327137
327138
327140
327142
327143
327144
327146
327147
327149
327153
327156
327157
327158
327159
327160
327163
327375
327408
327411
327417
327420
327422
327423
