135
169
173
540
542
676
678
692
694
855
859
2065
2071
2075
2127
2149
2160
2161
2162
2168
2170
2171
2227
2233
2237
2547
2553
2557
2575
2597
2609
2619
2704
2706
2712
2714
2768
2770
2776
2778
3397
3398
3411
3417
3420
3421
3422
3436
3438
3439
8260
8261
8262
8272
8274
8275
8281
8284
8285
8286
8287
8291
8297
8300
8302
8303
8499
8505
8508
8510
8511
8596
8597
8598
8641
8644
8646
8647
8648
8650
8651
8668
8670
8671
8672
8674
8675
8680
8681
8682
8684
8685
8686
8899
8905
8908
8909
8910
8911
8929
8932
8933
8934
8935
8939
8945
8948
8949
8950
8951
8955
10179
10185
10188
10190
10212
10214
10228
10230
10231
10300
10302
10303
10388
10389
10390
10433
10436
10438
10439
10443
10463
10464
10466
10467
10473
10476
10477
10478
10773
10816
10818
10819
10824
10825
10826
10829
10848
10849
10850
10855
10856
10858
10859
10869
10943
11029
11072
11074
11075
11080
11081
11082
11085
11104
11105
11106
11111
11112
11114
11115
11125
11199
13584
13585
13586
13588
13590
13591
13592
13594
13595
13644
13646
13647
13668
13669
13670
13680
13681
13682
13684
13686
13687
13688
13689
13690
13691
13693
13744
13746
13747
13752
13753
13754
13756
13757
13758
81989
82000
82001
82002
82003
82007
82008
82009
82010
82011
82013
82031
82191
82213
82224
82225
82226
82227
82231
82232
82233
82234
82235
82237
82309
82320
82321
82322
82323
82327
82328
82329
82330
82331
82333
82351
82373
82384
82385
82386
82387
82391
82392
82393
82394
82395
82397
82415
82639
82661
82672
82673
82674
82675
82679
82680
82681
82682
82683
82685
83724
83726
83727
83748
83749
83750
83760
83761
83762
83763
83764
83766
83767
83768
83769
83770
83771
83773
83844
83845
83846
83856
83857
83858
83859
83863
83864
83865
83866
83867
83868
83869
83870
83884
83886
83887
83909
83920
83921
83922
83923
83924
83926
83927
83928
83929
83930
83931
83933
83951
84175
84197
84208
84209
84210
84211
84215
84216
84217
84218
84219
84221
84222
84549
84560
84561
84562
84563
84567
84568
84569
84570
84571
84573
84591
84741
84752
84753
84754
84755
84759
84760
84761
84762
84763
84765
84783
84815
84837
84848
84849
84850
84851
84855
84856
84857
84858
84859
84861
84879
84901
84912
84913
84914
84915
84919
84920
84921
84922
84923
84925
89871
89893
89904
89905
89906
89907
89911
89912
89913
89914
89915
89917
89989
90000
90001
90002
90003
90007
90008
90009
90010
90011
90013
90031
90053
90064
90065
90066
90067
90071
90072
90073
90074
90075
90076
90077
90078
90092
90095
90319
90341
90352
90353
90354
90355
90359
90360
90361
90362
90363
90365
90693
90704
90705
90706
90707
90708
90711
90712
90713
90714
90715
90717
90735
90884
90885
90886
90896
90897
90898
90899
90903
90904
90905
90906
90907
90908
90909
90910
90924
90926
90927
90959
90981
90992
90993
90994
90995
90999
91000
91001
91002
91003
91004
91005
91006
91020
91022
91023
91044
91045
91046
91056
91057
91058
91059
91060
91062
91063
91064
91065
91066
91067
91069
92229
92240
92241
92242
92243
92244
92246
92247
92248
92249
92250
92251
92253
92271
92428
92430
92431
92452
92453
92454
92464
92465
92466
92467
92468
92470
92471
92472
92473
92474
92475
92477
92548
92549
92550
92560
92561
92562
92563
92567
92568
92569
92570
92571
92572
92573
92574
92588
92590
92591
92613
92624
92625
92626
92627
92628
92630
92631
92632
92633
92634
92635
92637
92655
92879
92901
92912
92913
92914
92915
92919
92920
92921
92922
92923
92924
92925
92926
93444
93445
93446
93456
93457
93458
93459
93463
93464
93465
93466
93467
93468
93469
93470
93484
93486
93487
93519
93541
93552
93553
93554
93555
93559
93560
93561
93562
93563
93564
93565
93566
93580
93582
93583
93604
93605
93606
93616
93617
93618
93619
93620
93622
93623
93624
93625
93626
93627
93629
169221
169232
169233
169234
169235
169239
169240
169241
169242
169243
169245
169246
169260
169263
169295
169328
169330
169331
169337
169338
169340
169341
169342
169343
169344
169347
169353
169356
169357
169358
169359
169380
169381
169382
169392
169393
169394
169395
169396
169398
169399
169400
169401
169402
169403
169405
245820
245961
245966
245989
246577
246586
246589
246676
246678
246721
246728
246730
246731
246733
246756
246759
246776
246779
248151
248872
248875
248884
248887
248977
248984
248986
248987
249028
249030
249031
249057
249064
249066
249067
249069
249076
249078
249079
249425
249434
249437
249606
249634
249641
249642
249645
249646
249653
249744
249746
249747
249753
249756
249758
249797
249824
249826
249827
249833
249836
249838
249839
249845
255312
255314
255315
255321
255324
255326
255327
258053
258064
258067
258076
258079
258080
258083
258089
258092
258094
258095
258181
258192
258195
258204
258207
258208
258210
258211
258217
258220
258222
258223
258256
258258
258259
258265
258268
258270
258271
258629
258656
258658
258659
258665
258668
258670
258671
258677
258832
258834
258835
258841
258842
258844
258845
258846
258847
258948
258949
258950
258951
258976
258977
258978
258979
258984
258985
258986
258988
258989
258990
258991
258997
258998
259024
259025
259026
259032
259033
259034
259035
259037
259038
260420
260422
260423
260449
260450
260456
260457
260458
260459
260461
260462
260468
260469
260470
260471
261137
261144
261146
261147
261149
261249
261252
261254
261255
261256
261258
261259
261281
261284
261287
261288
261290
261291
261293
261300
261302
261303
261304
261307
261329
261332
261334
261335
261336
261338
261339
261341
261697
261700
261702
261703
261704
261706
261707
261709
261729
261732
261734
261735
261736
261738
261739
261741
261745
261748
261750
261751
261752
261754
261755
261757
261908
261910
261911
261912
261915
262016
262017
262018
262019
262024
262025
262026
262027
262028
262029
262030
262031
262052
262053
262054
262055
262065
262066
262068
262071
262072
262073
262074
262075
262077
262078
262100
262101
262102
262103
