49663
49667
49673
49677
49697
49703
49707
49717
49823
49827
49833
49837
51187
51193
51196
51197
51198
51212
51214
51215
51236
51237
51238
51252
51254
51332
51334
51356
51358
51372
51374
51412
51414
51713
51719
51723
51747
51753
51757
51836
51838
51852
51854
51876
51878
51892
51894
52053
57292
57294
57295
57316
57317
57318
57328
57329
57330
57332
57334
57335
57336
57338
57339
57392
57394
57395
57400
57401
57402
57404
57405
57406
57488
57489
57490
57492
57494
57495
57496
57498
57499
57540
57541
57542
57552
57553
57554
57555
57559
57560
57561
57562
57563
57565
57580
57582
57583
57861
57872
57873
57874
57875
57879
57880
57881
57882
57883
57885
57903
57935
57957
57968
57969
57970
57971
57975
57976
57977
57978
57979
57981
57999
58021
58032
58033
58034
58035
58039
58040
58041
58042
58043
58045
58181
58192
58193
58194
58195
58199
58200
58201
58202
58203
58205
58223
59396
59397
59398
59411
59417
59420
59421
59422
59436
59438
59439
59507
59512
59513
59514
59517
59532
59534
59535
59556
59557
59558
59569
59572
59574
59575
59579
59888
59890
59891
59896
59897
59898
59901
59919
59941
59952
59953
59954
59959
59960
59962
59963
60037
60048
60050
60051
60056
60057
60058
60061
60079
60112
60113
60114
60119
60120
60122
60123
60753
60756
60758
60759
60763
131120
131122
131123
131128
131129
131130
131132
131133
131134
131216
131217
131218
131220
131222
131223
131224
131226
131227
131268
131269
131270
131280
131282
131283
131288
131289
131290
131292
131293
131294
131308
131310
131311
131600
131601
131602
131604
131606
131607
131608
131610
131611
131660
131662
131663
131684
131685
131686
131696
131697
131698
131700
131702
131703
131704
131706
131707
131760
131762
131763
131768
131769
131770
131772
131773
131774
131908
131909
131910
131920
131922
131923
131928
131929
131930
131932
131933
131934
131948
131950
131951
133136
133137
133138
133140
133141
133142
133143
133144
133146
133147
133187
133193
133196
133197
133198
133199
133217
133220
133221
133222
133223
133232
133233
133234
133236
133238
133239
133240
133242
133243
133296
133298
133299
133304
133305
133306
133308
133309
133310
133311
133580
133582
133583
133604
133605
133606
133616
133617
133618
133620
133622
133623
133624
133626
133627
133680
133682
133683
133688
133689
133690
133692
133693
133694
133776
133777
133778
133780
133782
133783
133784
133786
133787
133828
133829
133830
133840
133842
133843
133848
133849
133850
133852
133853
133854
133868
133870
133871
134465
134468
134469
134470
134471
134475
134480
134482
134483
134488
134489
134490
134492
134493
134494
134495
134499
134505
134508
134509
134510
134511
139280
139281
139282
139284
139286
139287
139288
139290
139291
139340
139342
139343
139364
139365
139366
139376
139377
139378
139380
139382
139383
139384
139386
139387
139440
139442
139443
139448
139449
139450
139452
139453
139454
139715
139721
139724
139725
139726
139727
139745
139748
139749
139750
139751
139755
139760
139761
139762
139764
139765
139766
139767
139768
139770
139771
139824
139826
139827
139832
139833
139834
139836
139837
139838
139839
139920
139921
139922
139924
139925
139926
139927
139928
139930
139931
139969
139972
139973
139974
139975
139979
139984
139986
139987
139992
139993
139994
139996
139997
139998
140003
140009
140012
140013
140014
140015
141251
141257
141260
141261
141262
141263
141281
141284
141285
141286
141287
141291
141296
141297
141298
141300
141301
141302
141303
141304
141306
141307
141360
141362
141363
141368
141369
141370
141372
141373
141374
141375
141456
141457
141458
141460
141461
141462
141463
141464
141466
141467
141505
141508
141509
141510
141511
141515
141520
141522
141523
141528
141529
141530
141532
141533
141534
141535
141539
141545
141548
141549
141550
141551
141840
141841
141842
141844
141845
141846
141847
141848
141850
141851
141891
141897
141900
141901
141902
141903
141921
141924
141925
141926
141927
141931
141936
141937
141938
141940
141941
141942
141943
141944
141946
141947
142000
142002
142003
142008
142009
142010
142012
142013
142014
142015
142145
142148
142149
142150
142151
142155
142160
142162
142163
142168
142169
142170
142172
142173
142174
142175
142179
142185
142188
142189
142190
142191
144708
144709
144710
144720
144722
144723
144728
144729
144730
144732
144733
144734
144748
144750
144751
212937
212940
212941
212942
212943
212960
212961
212964
212965
212966
212967
212971
212976
212977
212978
212980
212981
212982
212983
212986
212987
278597
278608
278609
278612
278613
278784
278785
278788
278789
278790
278800
278801
278802
278806
278811
278831
278850
278854
278859
278866
278870
278875
278895
278975
279554
279558
279563
279570
279599
279619
279623
279626
279635
279639
279642
279662
279811
279815
279816
279817
279818
279827
279831
279832
279833
279834
279852
279853
279854
279875
279879
279880
279881
279882
279891
279895
279896
279897
279898
279916
279917
279918
279996
279997
279998
280318
281599
282627
282631
282632
282633
282634
282643
282647
282648
282649
282650
282668
282669
282670
282691
282695
282696
282697
282698
282700
282701
282707
282711
282712
282713
282714
282716
282717
282728
282729
282732
282733
282734
282809
282812
282813
282814
282883
282887
282888
282889
282890
282892
282893
282894
282899
282904
282905
282908
282909
282910
282915
282919
282920
282921
282922
282924
282925
282926
282952
282953
282956
282957
282958
282968
282969
282972
282973
282974
282979
282983
282984
282985
282986
282988
282989
283059
283063
283064
283065
283066
283068
283069
283384
283385
283388
283389
283390
283656
283657
283660
283661
283662
283672
283673
283676
283677
283678
283683
283687
283688
283689
283690
283692
283693
283724
283725
283726
283740
283741
283742
283743
283746
283747
283751
283752
283753
283754
283827
283831
283832
283833
283834
283837
283916
283917
283918
283919
283932
283933
283934
283935
283936
283937
283938
283939
283942
283943
283944
283945
283946
283947
283980
283981
283982
283983
283996
283997
283998
283999
284000
284001
284002
284003
284004
284005
284006
284007
284008
284009
284010
284011
284080
284081
284082
284083
284084
284085
284086
284087
284088
284089
284090
284091
284402
284403
284406
284407
284408
284409
284410
284411
285683
285687
285688
285689
285690
285692
285693
290812
290813
290814
