32828
32969
32974
32997
33585
33594
33597
33684
33686
33729
33736
33738
33739
33741
33764
33767
33784
33787
35159
35880
35883
35892
35895
35985
35992
35994
35995
36036
36038
36039
36065
36072
36074
36075
36077
36084
36086
36087
36433
36442
36445
36614
36642
36649
36650
36653
36654
36661
36752
36754
36755
36761
36764
36766
36805
36832
36834
36835
36841
36844
36846
36847
36853
42320
42322
42323
42329
42332
42334
42335
45061
45072
45075
45084
45087
45088
45091
45097
45100
45102
45103
45189
45200
45203
45212
45215
45216
45218
45219
45225
45228
45230
45231
45264
45266
45267
45273
45276
45278
45279
45637
45664
45666
45667
45673
45676
45678
45679
45685
45840
45842
45843
45849
45850
45852
45853
45854
45855
45956
45957
45958
45959
45984
45985
45986
45987
45992
45993
45994
45996
45997
45998
45999
46005
46006
46032
46033
46034
46040
46041
46042
46043
46045
46046
47428
47430
47431
47457
47458
47464
47465
47466
47467
47469
47470
47476
47477
47478
47479
48145
48152
48154
48155
48157
48257
48260
48262
48263
48264
48266
48267
48289
48292
48295
48296
48298
48299
48301
48308
48310
48311
48312
48315
48337
48340
48342
48343
48344
48346
48347
48349
48705
48708
48710
48711
48712
48714
48715
48717
48737
48740
48742
48743
48744
48746
48747
48749
48753
48756
48758
48759
48760
48762
48763
48765
48916
48918
48919
48920
48923
49024
49025
49026
49027
49032
49033
49034
49035
49036
49037
49038
49039
49060
49061
49062
49063
49073
49074
49076
49079
49080
49081
49082
49083
49085
49086
49108
49109
49110
49111
120069
120080
120081
120082
120083
120087
120088
120089
120090
120091
120093
120094
120108
120111
120143
120176
120178
120179
120185
120186
120188
120189
120190
120191
120192
120195
120201
120204
120205
120206
120207
120228
120229
120230
120240
120241
120242
120243
120244
120246
120247
120248
120249
120250
120251
120253
196677
196688
196689
196690
196691
196695
196696
196697
196698
196699
196701
196719
196879
196901
196912
196913
196914
196915
196919
196920
196921
196922
196923
196925
196997
197008
197009
197010
197011
197015
197016
197017
197018
197019
197021
197039
197061
197072
197073
197074
197075
197079
197080
197081
197082
197083
197085
197103
197327
197349
197360
197361
197362
197363
197367
197368
197369
197370
197371
197373
198412
198414
198415
198436
198437
198438
198448
198449
198450
198451
198452
198454
198455
198456
198457
198458
198459
198461
198532
198533
198534
198544
198545
198546
198547
198551
198552
198553
198554
198555
198556
198557
198558
198572
198574
198575
198597
198608
198609
198610
198611
198612
198614
198615
198616
198617
198618
198619
198621
198639
198863
198885
198896
198897
198898
198899
198903
198904
198905
198906
198907
198909
198910
199237
199248
199249
199250
199251
199255
199256
199257
199258
199259
199261
199279
199429
199440
199441
199442
199443
199447
199448
199449
199450
199451
199453
199471
199503
199525
199536
199537
199538
199539
199543
199544
199545
199546
199547
199549
199567
199589
199600
199601
199602
199603
199607
199608
199609
199610
199611
199613
204559
204581
204592
204593
204594
204595
204599
204600
204601
204602
204603
204605
204677
204688
204689
204690
204691
204695
204696
204697
204698
204699
204701
204719
204741
204752
204753
204754
204755
204759
204760
204761
204762
204763
204764
204765
204766
204780
204783
205007
205029
205040
205041
205042
205043
205047
205048
205049
205050
205051
205053
205381
205392
205393
205394
205395
205396
205399
205400
205401
205402
205403
205405
205423
205572
205573
205574
205584
205585
205586
205587
205591
205592
205593
205594
205595
205596
205597
205598
205612
205614
205615
205647
205669
205680
205681
205682
205683
205687
205688
205689
205690
205691
205692
205693
205694
205708
205710
205711
205732
205733
205734
205744
205745
205746
205747
205748
205750
205751
205752
205753
205754
205755
205757
206917
206928
206929
206930
206931
206932
206934
206935
206936
206937
206938
206939
206941
206959
207116
207118
207119
207140
207141
207142
207152
207153
207154
207155
207156
207158
207159
207160
207161
207162
207163
207165
207236
207237
207238
207248
207249
207250
207251
207255
207256
207257
207258
207259
207260
207261
207262
207276
207278
207279
207301
207312
207313
207314
207315
207316
207318
207319
207320
207321
207322
207323
207325
207343
207567
207589
207600
207601
207602
207603
207607
207608
207609
207610
207611
207612
207613
207614
208132
208133
208134
208144
208145
208146
208147
208151
208152
208153
208154
208155
208156
208157
208158
208172
208174
208175
208207
208229
208240
208241
208242
208243
208247
208248
208249
208250
208251
208252
208253
208254
208268
208270
208271
208292
208293
208294
208304
208305
208306
208307
208308
208310
208311
208312
208313
208314
208315
208317
278663
278697
278701
279068
279070
279204
279206
279220
279222
279383
279387
280593
280599
280603
280655
280677
280688
280689
280690
280696
280698
280699
280755
280761
280765
281075
281081
281085
281103
281125
281137
281147
281232
281234
281240
281242
281296
281298
281304
281306
281925
281926
281939
281945
281948
281949
281950
281964
281966
281967
286788
286789
286790
286800
286802
286803
286809
286812
286813
286814
286815
286819
286825
286828
286830
286831
287027
287033
287036
287038
287039
287124
287125
287126
287169
287172
287174
287175
287176
287178
287179
287196
287198
287199
287200
287202
287203
287208
287209
287210
287212
287213
287214
287427
287433
287436
287437
287438
287439
287457
287460
287461
287462
287463
287467
287473
287476
287477
287478
287479
287483
288707
288713
288716
288718
288740
288742
288756
288758
288759
288828
288830
288831
288916
288917
288918
288961
288964
288966
288967
288971
288991
288992
288994
288995
289001
289004
289005
289006
289301
289344
289346
289347
289352
289353
289354
289357
289376
289377
289378
289383
289384
289386
289387
289397
289471
289557
289600
289602
289603
289608
289609
289610
289613
289632
289633
289634
289639
289640
289642
289643
289653
289727
292112
292113
292114
292116
292118
292119
292120
292122
292123
292172
292174
292175
292196
292197
292198
292208
292209
292210
292212
292214
292215
292216
292217
292218
292219
292221
292272
292274
292275
292280
292281
292282
292284
292285
292286
