125
164
166
463
485
500
502
563
569
656
658
727
1849
1852
1853
1854
1936
1937
1943
1947
1989
2000
2002
2007
2008
2010
2031
2252
2254
2273
2276
2278
2283
2293
2624
2626
2632
2634
2655
2659
2664
2665
2881
2887
2891
2908
2910
2925
7372
7374
7375
7393
7396
7397
7398
7403
7409
7412
7413
7414
7415
7419
7701
7744
7745
7746
7748
7750
7751
7752
7754
7755
7769
7772
7773
7774
7775
7779
7784
7785
7786
7788
7789
7790
7871
7956
7957
7958
8000
8001
8002
8003
8007
8008
8009
8010
8011
8013
8028
8030
8031
8032
8033
8034
8035
8039
8040
8041
8042
8043
8045
8127
9008
9010
9011
9016
9017
9018
9020
9021
9022
9093
9104
9105
9106
9107
9111
9112
9113
9114
9115
9135
9157
9168
9169
9170
9172
9174
9175
9176
9178
9179
10325
10496
10498
10499
10503
10504
10505
10506
10507
10524
10526
10527
10528
10530
10531
10536
10537
10538
10541
10611
10617
10620
10621
10622
10636
10637
10638
10639
10657
10660
10661
10662
10663
10667
10676
10677
10678
11007
11520
11521
11522
11524
11526
11527
11531
11548
11549
11550
11555
11561
11564
11565
11566
11634
11635
11640
11641
11642
11645
11663
11684
11685
11686
11697
11700
11702
11703
11707
82883
82889
82892
82893
82894
82895
82913
82916
82917
82918
82919
82923
82929
82932
82933
82934
82935
82939
84289
84292
84293
84294
84295
84299
84307
84313
84316
84317
84318
84319
84323
84329
84332
84333
84334
84335
85009
85012
85013
85014
85015
85019
85059
85065
85068
85069
85070
85071
85089
85092
85093
85094
85095
85099
85104
85105
85108
85109
85110
85111
85114
85115
85171
85177
85180
85181
85182
85183
85443
85449
85452
85453
85454
85455
85473
85476
85477
85478
85479
85483
85488
85489
85490
85492
85493
85494
85495
85496
85498
85499
85552
85554
85555
85560
85561
85562
85564
85565
85566
85567
85648
85649
85650
85652
85653
85654
85655
85656
85658
85659
85697
85700
85701
85702
85703
85707
85712
85714
85715
85720
85721
85722
85724
85725
85726
85727
85731
85737
85740
85741
85742
85743
90433
90436
90437
90438
90439
90443
90448
90450
90451
90456
90457
90458
90460
90461
90462
90463
90467
90473
90476
90477
90478
90479
91184
91186
91187
91192
91193
91194
91196
91197
91198
91280
91281
91282
91284
91286
91287
91288
91290
91291
91332
91333
91334
91344
91346
91347
91352
91353
91354
91356
91357
91358
91359
91372
91374
91375
91664
91665
91666
91668
91669
91670
91671
91672
91674
91675
91715
91721
91724
91726
91727
91745
91748
91749
91750
91751
91760
91761
91762
91764
91766
91767
91768
91770
91771
91824
91826
91827
91832
91833
91834
91836
91837
91838
91839
91969
91972
91973
91974
91975
91979
91984
91986
91987
91992
91993
91994
91996
91997
91998
91999
92003
92009
92012
92013
92014
92015
93132
93134
93135
93153
93156
93157
93158
93159
93168
93169
93170
93172
93174
93175
93176
93178
93179
95248
95249
95250
95252
95253
95254
95255
95256
95258
95259
95299
95305
95308
95309
95310
95311
95329
95332
95333
95334
95335
95339
95344
95345
95346
95348
95349
95350
95351
95352
95354
95355
95408
95410
95411
95416
95417
95418
95420
95421
95422
95423
95680
95682
95683
95688
95689
95690
95692
95693
95694
95712
95713
95714
95716
95718
95719
95720
95722
95723
95732
95733
95734
95795
95801
95804
95805
95806
95807
95889
95892
95893
95894
95895
95899
95936
95937
95940
95941
95942
95943
95947
95955
95961
95964
95965
95966
95967
95971
95977
95980
95981
95982
95983
244787
244793
244796
244797
244798
244799
244881
244884
244885
244886
244887
244891
244929
244932
244933
244934
244935
244939
244946
244947
244952
244953
244956
244957
244958
244959
244963
244969
244972
244973
244974
244975
245249
245252
245253
245254
245264
245265
245266
245267
245268
245270
245271
245272
245273
245274
245275
245277
245294
245295
245321
245324
245325
245326
245327
245345
245348
245349
245350
245351
245355
245360
245361
245362
245364
245365
245366
245367
245368
245370
245371
245424
245426
245427
245431
245432
245433
245434
245436
245437
245438
245572
245573
245584
245585
245586
245588
245589
245590
245591
245592
245594
245595
245615
311314
311367
311385
311404
311564
311565
311582
311587
311592
311594
311631
311648
311649
311652
311654
311659
311730
312368
312369
312370
312372
312374
312379
312435
312439
312440
312441
312442
312460
312462
312479
312482
312487
312490
312636
312637
312638
312703
312704
312705
312706
312708
312710
312715
312723
312727
312728
312729
312730
312750
312751
313027
313032
313033
313034
313052
313053
313065
313068
313069
314340
314341
314357
315584
315585
315586
315588
315589
315590
315595
315600
315602
315603
315606
315607
315608
315609
315610
315611
315630
315631
315852
315853
315854
315868
315869
315870
315871
315874
315875
315879
315880
315881
315882
315955
315959
315960
315961
315962
315964
315965
316028
316029
316030
316035
316039
316040
316041
316042
316051
316056
316057
316058
316060
316061
316062
316073
316076
316077
316078
316623
316641
316644
316645
316656
316657
316658
316660
316661
316662
316663
316667
316924
316925
316926
316927
316928
316930
316931
316935
316936
316937
316938
316939
316940
316941
316947
316952
316953
316954
316956
316957
316958
316963
316967
316968
316969
316970
316972
316973
316974
317004
317005
317006
317007
317022
317023
317024
317025
317026
317027
317028
317029
317030
317031
317032
317033
317034
317035
317104
317106
317107
317110
317111
317112
317113
317114
317115
317117
318223
318240
318241
318244
318245
318246
318251
318256
318257
318258
318260
318261
318262
318267
318320
318321
318322
318323
318324
318325
318326
318327
318328
318330
318331
318350
318351
318367
318368
318369
318370
318372
318373
318374
318375
318379
318389
323391
323461
323472
323473
323476
323477
323478
323483
323524
323525
323536
323537
323538
323540
323541
323542
323547
