32820
32915
32978
33301
33356
33358
33403
33471
33608
33610
33633
33643
33653
34900
34902
35087
35109
35122
35128
35130
35217
35227
35269
35292
35295
35308
35310
35571
35577
35580
35582
36097
36103
36107
36128
36130
36136
36138
36141
36149
36228
36230
36231
36255
36256
36259
36265
36268
36269
36270
36305
36308
36310
36311
36315
41297
41300
41302
41303
41304
41307
41999
42032
42034
42035
42041
42042
42044
42045
42046
42132
42134
42135
42139
42177
42180
42182
42183
42187
42207
42208
42210
42211
42216
42217
42218
42221
42222
42229
42564
42566
42567
42571
42591
42592
42594
42595
42601
42602
42605
42606
42772
42774
42775
42779
42831
42864
42866
42867
42873
42874
42877
42928
42930
42931
42937
42941
42942
43983
44005
44016
44018
44019
44024
44025
44026
44029
44030
46084
46085
46086
46087
46091
46108
46110
46111
46112
46114
46115
46121
46122
46124
46125
46126
46209
46212
46214
46215
46216
46218
46219
46239
46240
46241
46242
46243
46248
46249
46250
46251
46253
46261
46292
46293
46294
46295
46608
46609
46610
46612
46615
46616
46618
46619
46621
46704
46706
46707
46713
46716
46717
46718
46719
46723
46732
46734
46735
46756
46757
46758
46768
46769
46770
46771
46775
46776
46777
46778
46779
46781
46916
46917
46918
46928
46930
46931
46937
46940
46941
46942
46943
46947
46953
46956
46958
46959
115733
115776
115777
115778
115779
115780
115782
115783
115784
115785
115786
115787
115789
115804
115806
115807
115808
115809
115810
115811
115815
115816
115817
115818
115819
115820
115821
115822
115829
115903
116028
116030
116031
116116
116117
116118
116160
116161
116162
116163
116164
116166
116167
116168
116169
116170
116171
116173
116188
116190
116191
116192
116193
116194
116195
116199
116200
116201
116202
116204
116205
116206
116287
116373
116416
116417
116418
116419
116423
116424
116425
116426
116427
116428
116429
116430
116447
116448
116449
116450
116451
116452
116454
116455
116456
116457
116458
116459
116461
116468
116469
116470
119603
119612
119613
119614
119615
119700
119701
119702
119707
119744
119745
119746
119748
119749
119750
119751
119752
119754
119755
119772
119774
119775
119776
119778
119779
119784
119785
119786
119788
119789
119790
121108
121109
121110
121152
121154
121155
121160
121161
121162
121164
121165
121166
121184
121185
121186
121188
121190
121191
121192
121194
121195
121204
121205
121206
121276
121278
121279
121920
121921
121922
121924
121926
121927
121928
121929
121930
121931
121933
121948
121950
121951
121952
121953
121954
121955
121959
121960
121961
121962
121963
121964
121965
121966
121973
122175
122261
122304
122306
122307
122312
122313
122314
122316
122317
122318
122337
122338
122340
122342
122343
122344
122346
122347
122353
122356
122357
122358
122359
122363
122428
122430
122431
122516
122517
122518
122560
122561
122562
122563
122567
122568
122569
122570
122571
122573
122591
122592
122593
122594
122595
122599
122600
122601
122602
122603
122605
122613
122614
126144
126146
126147
126152
126153
126154
126156
126157
126158
126176
126177
126178
126180
126182
126183
126184
126186
126187
126196
126197
126198
126528
126529
126530
126532
126534
126535
126536
126538
126539
126556
126558
126559
126560
126562
126563
126568
126569
126570
126572
126573
126574
126740
126741
126742
126784
126786
126787
126792
126793
126794
126796
126797
126798
126816
126817
126818
126820
126822
126823
126824
126826
126827
126836
126837
126838
126908
126910
126911
200981
200982
201024
201025
201026
201027
201031
201032
201033
201034
201035
201037
201038
201055
201056
201057
201058
201059
201060
201063
201064
201065
201066
201067
201069
201077
201078
201148
201151
201791
201877
201920
201921
201922
201923
201927
201928
201929
201930
201931
201932
201933
201934
201951
201952
201953
201954
201955
201956
201958
201959
201960
201961
201962
201963
201965
201972
201973
201974
202305
202306
202308
202309
202310
202311
202312
202314
202315
202323
202332
202334
202335
202336
202338
202339
202344
202345
202346
202348
202349
202350
202351
202513
202516
202517
202518
202519
202523
202563
202569
202572
202574
202575
202596
202597
202598
202608
202609
202610
202611
202615
202616
202617
202618
202619
202620
202621
202622
202639
202672
202674
202675
202680
202681
202682
202684
202685
202686
202687
203580
203582
203583
203669
203670
203712
203713
203714
203715
203716
203719
203720
203721
203722
203723
203725
203740
203743
203744
203745
203746
203747
203751
203752
203753
203754
203755
203757
203758
203765
278589
278676
278753
278763
278774
279122
279301
279327
279343
279456
279458
279465
279505
279512
279514
280897
280904
280906
280909
280932
280935
280951
281715
281724
281726
281727
281743
281776
281778
281779
281785
281790
282129
282135
282136
282139
282240
282242
282249
282253
282276
282278
282289
282296
282298
282299
282325
282436
282438
282439
282465
282466
282472
282474
282477
282485
288004
288006
288007
288032
288033
288034
288035
288040
288041
288042
288045
288046
288053
288144
288147
288153
288156
288158
288159
288172
288175
288208
288210
288211
288217
288220
288222
288223
290897
290903
290904
290906
290907
290909
291279
291312
291314
291315
291321
291324
291326
291327
291331
291340
291342
291343
291365
291376
291378
291379
291385
291388
291389
291390
291391
291476
291477
291478
291520
291521
291522
291528
291529
291530
291531
291533
291556
291558
291559
291569
291572
291575
291576
291578
291579
292944
292945
292946
292947
292952
292953
292954
292956
292957
292958
292959
292975
293376
293377
293378
293379
293384
293385
293386
293388
293389
293390
293391
293412
293413
293414
293415
293425
293426
293431
293432
293434
293435
293437
293521
293524
293526
293527
293528
293530
293531
293569
293572
293574
293575
293576
293579
293600
293601
293602
293608
293609
293610
293611
293613
293620
293621
293622
293623
293717
294149
294160
294162
294163
294169
294172
294174
294175
294176
294179
294185
294188
294190
294191
294273
294276
294277
294278
294279
294280
294283
294304
294305
294306
294307
294312
294313
294314
294315
294316
294317
294318
294324
294325
294326
294353
294356
294358
294359
294360
294362
294363
