49199
49224
49245
49439
49440
49442
49451
49520
49521
49524
49526
49531
49588
49589
49907
49912
49914
50227
50232
50233
50303
50307
50311
50312
50314
50329
50348
50349
50350
50624
50625
50626
50628
50629
50630
50635
50642
50643
50647
50648
50650
50670
50671
50751
50836
50837
50881
50884
50885
50896
50897
50898
50900
50902
50907
50927
52172
52173
52174
52191
52199
52202
53452
53454
53455
53471
53472
53473
53474
53476
53477
53478
53479
53483
53747
53751
53752
53753
53754
53772
53773
53774
53775
53790
53791
53792
53793
53794
53795
53796
53798
53799
53800
53802
53803
53839
53857
53860
53861
53872
53873
53874
53876
53877
53878
53883
53925
53936
53937
53938
53940
53941
53942
53947
54527
54853
54864
54865
54868
54869
54870
54875
55040
55041
55042
55044
55045
55046
55051
55056
55057
55058
55059
55060
55061
55062
55063
55064
55066
55067
55086
55087
55104
55106
55107
55111
55112
55113
55114
55115
55116
55117
55123
55128
55129
55132
55133
55134
55135
55138
55139
55143
55144
55145
55146
55148
55149
55150
55228
55229
55230
55231
55551
55892
55893
56064
56065
56066
56068
56069
56070
56071
56075
56080
56081
56082
56083
56084
56086
56087
56088
56089
56090
56091
56108
56110
56111
56131
56135
56136
56137
56138
56141
56147
56152
56153
56156
56157
56158
56163
56168
56169
56170
56172
56173
56174
56252
56253
56254
56255
61234
61235
61239
61240
61241
61242
61308
61309
61310
61315
61320
61321
61322
61325
61340
61341
61342
61347
61352
61353
61354
61356
61357
144380
144382
144383
145748
145749
145750
146432
146433
146434
146436
146438
146439
146440
146442
146443
146460
146462
146463
146464
146466
146467
146472
146473
146474
146476
146477
146478
146547
146553
146556
146557
146558
146559
146560
146562
146563
146568
146569
146570
146572
146573
146574
146575
146592
146593
146594
146596
146598
146599
146600
146602
146603
146609
146612
146613
146614
146895
146916
146917
146928
146929
146930
146931
146932
146933
146934
146935
146936
146937
146938
146939
146959
146980
146981
146982
146992
146993
146994
146995
146996
146998
146999
147000
147002
147003
147072
147073
147074
147076
147077
147078
147079
147082
147083
147090
147091
147096
147097
147098
147100
147101
147102
147103
147107
147113
147116
147117
147118
147119
147153
147156
147157
147158
147159
147163
199680
199682
199683
199688
199689
199690
199692
199693
199694
199712
199713
199714
199716
199718
199719
199720
199722
199723
199732
199733
199734
199808
199809
199810
199812
199814
199815
199816
199818
199819
199833
199836
199838
199839
199840
199842
199843
199848
199849
199850
199852
199853
199854
199855
199889
199892
199893
199894
199895
199899
200192
200193
200194
200196
200197
200198
200199
200200
200202
200203
200211
200217
200220
200221
200222
200223
200224
200226
200227
200232
200233
200234
200236
200237
200238
200239
200307
200313
200316
200317
200318
200319
200320
200322
200323
200328
200329
200330
200332
200333
200334
200335
200352
200353
200354
200356
200357
200358
200359
200360
200362
200363
200369
200372
200373
200374
200375
200379
200529
200532
200533
200534
200535
200539
205825
205828
205829
205830
205831
205835
205843
205849
205852
205853
205854
205855
205859
205865
205868
205869
205870
205871
205939
205945
205948
205949
205950
205951
205955
205961
205964
205965
205966
205967
205985
205988
205989
205990
205991
205995
206001
206004
206005
206006
206007
206011
206323
206329
206332
206333
206334
206335
206336
206338
206339
206344
206345
206348
206349
206350
206351
206369
206372
206373
206374
206375
206378
206379
206385
206388
206389
206390
206391
206395
206465
206468
206469
206470
206471
206475
206483
206489
206492
206493
206494
206495
206499
206505
206508
206509
206510
206511
206545
206548
206549
206550
206551
206555
209233
209236
209237
209238
209239
209243
209923
209929
209932
209933
209934
209935
209952
209953
209956
209957
209958
209959
209962
209963
209969
209972
209973
209974
209975
209979
210048
210049
210050
210052
210053
210054
210055
210056
210058
210059
210067
210073
210076
210077
210078
210079
210080
210082
210083
210088
210089
210090
210092
210093
210094
210095
210129
210132
210133
210134
210135
210139
210428
210430
210431
210432
210433
210434
210435
210439
210440
210441
210442
210443
210445
210460
210462
210463
210464
210465
210466
210467
210471
210472
210473
210474
210475
210477
210485
210556
210558
210559
210560
210562
210563
210568
210569
210570
210572
210573
210574
210591
210592
210593
210594
210595
210596
210598
210599
210600
210602
210603
210612
210613
210614
210773
211955
211961
211964
211965
211966
211967
278573
278671
278710
278989
279009
279015
279019
279100
279102
279185
279237
279256
279258
279279
280335
280357
280369
280374
280375
280379
280448
280449
280450
280454
280455
280459
280476
280477
280478
280492
280493
280494
280533
280816
280818
280824
280826
281156
281157
281158
281171
281176
281177
281181
281199
281364
281366
281411
281417
281421
281440
281442
281447
281450
285756
285757
285758
285759
285840
285841
285842
285844
285845
285846
285847
285851
285892
285893
285894
285904
285906
285907
285911
285912
285913
285914
285915
285917
285932
285934
285935
286208
286209
286210
286212
286214
286215
286216
286218
286219
286227
286233
286236
286237
286238
286239
286243
286248
286249
286250
286252
286253
286254
286255
286320
286322
286323
286327
286328
286329
286330
286331
286333
286348
286350
286351
286369
286372
286373
286374
286384
286385
286386
286388
286389
286390
286391
286394
286395
286548
286549
286550
287683
287688
287689
287690
287692
287693
287694
287711
287712
287713
287714
287718
287719
287720
287722
287723
287733
289040
289041
289042
289044
289046
289047
289051
289091
289097
289100
289101
289102
289119
289120
289121
289122
289124
289126
289127
289128
289130
289131
289141
289212
289213
289214
289215
289860
289861
289862
289872
289874
289875
289879
289880
289881
289882
289903
290060
290062
290063
290084
290085
290086
290097
290100
290101
290102
290107
290175
290176
290178
290183
290184
290186
290187
290204
290206
290207
290211
290216
290217
290221
290547
290552
290553
290554
290557
