16897
16903
16907
16927
16931
16937
16941
17057
17063
17067
17077
17237
18436
18437
18438
18460
18462
18476
18478
18479
18556
18558
18572
18574
18596
18598
18612
18614
18943
18947
18953
18957
18977
18983
18987
19076
19078
19100
19102
19116
19118
19156
19158
19793
19796
19798
19799
19803
24592
24593
24594
24596
24598
24599
24600
24602
24603
24652
24654
24655
24676
24677
24678
24688
24689
24690
24691
24695
24696
24697
24698
24699
24701
24752
24754
24755
24760
24761
24762
24764
24765
24766
25039
25061
25072
25073
25074
25075
25079
25080
25081
25082
25083
25085
25103
25125
25136
25137
25138
25139
25143
25144
25145
25146
25147
25149
25221
25232
25233
25234
25235
25239
25240
25241
25242
25243
25245
25263
25285
25296
25297
25298
25299
25303
25304
25305
25306
25307
25309
25327
26611
26617
26620
26621
26622
26636
26638
26639
26660
26661
26662
26673
26676
26678
26679
26683
26756
26757
26758
26771
26777
26780
26781
26782
26796
26798
26799
26833
26839
26840
26842
26843
27141
27152
27154
27155
27160
27161
27162
27165
27183
27248
27250
27251
27256
27257
27258
27261
27279
27301
27312
27313
27314
27319
27320
27322
27323
27472
27473
27474
27479
27480
27482
27483
30020
30021
30022
30032
30034
30035
30040
30041
30042
30044
30045
30046
30060
30062
30063
98320
98321
98322
98324
98326
98327
98328
98330
98331
98380
98382
98383
98404
98405
98406
98416
98417
98418
98420
98422
98423
98424
98426
98427
98480
98482
98483
98488
98489
98490
98492
98493
98494
98764
98766
98767
98788
98789
98790
98800
98801
98802
98804
98806
98807
98808
98810
98811
98864
98866
98867
98872
98873
98874
98876
98877
98878
98960
98961
98962
98964
98966
98967
98968
98970
98971
99012
99013
99014
99024
99026
99027
99032
99033
99034
99036
99037
99038
99052
99054
99055
100291
100297
100300
100301
100302
100303
100321
100324
100325
100326
100327
100331
100336
100337
100338
100340
100341
100342
100343
100344
100346
100347
100400
100402
100403
100408
100409
100410
100412
100413
100414
100415
100496
100497
100498
100500
100501
100502
100503
100504
100506
100507
100545
100548
100549
100550
100551
100555
100560
100562
100563
100568
100569
100570
100572
100573
100574
100579
100588
100589
100590
100591
100880
100881
100882
100884
100886
100887
100888
100890
100891
100940
100942
100943
100964
100965
100966
100976
100977
100978
100980
100982
100983
100984
100986
100987
101040
101042
101043
101048
101049
101050
101052
101053
101054
101188
101189
101190
101200
101202
101203
101208
101209
101210
101212
101213
101214
101228
101230
101231
106444
106446
106447
106468
106469
106470
106480
106481
106482
106484
106486
106487
106488
106490
106491
106544
106546
106547
106552
106553
106554
106556
106557
106558
106640
106641
106642
106644
106646
106647
106648
106650
106651
106692
106693
106694
106704
106706
106707
106712
106713
106714
106716
106717
106718
106732
106734
106735
107024
107025
107026
107028
107029
107030
107031
107032
107034
107035
107075
107081
107084
107085
107086
107087
107105
107108
107109
107110
107111
107115
107120
107121
107122
107124
107126
107127
107128
107130
107131
107184
107186
107187
107192
107193
107194
107196
107197
107198
107199
107329
107332
107333
107334
107335
107339
107344
107346
107347
107352
107353
107354
107356
107357
107358
107359
107363
107369
107372
107373
107374
107375
108560
108561
108562
108564
108565
108566
108567
108568
108570
108571
108611
108617
108620
108621
108622
108623
108641
108644
108645
108646
108647
108651
108656
108657
108658
108660
108661
108662
108663
108664
108666
108667
108720
108722
108723
108728
108729
108730
108732
108733
108734
108735
108995
109001
109004
109005
109006
109007
109025
109028
109029
109030
109031
109035
109040
109041
109042
109044
109045
109046
109047
109048
109050
109051
109104
109106
109107
109112
109113
109114
109116
109117
109118
109119
109200
109201
109202
109204
109205
109206
109207
109208
109210
109211
109249
109252
109253
109254
109255
109259
109264
109266
109267
109272
109273
109274
109276
109277
109278
109279
109283
109289
109292
109293
109294
109295
109889
109892
109893
109894
109895
109899
109904
109906
109907
109912
109913
109914
109916
109917
109918
109919
109923
109929
109932
109933
109934
109935
185668
185669
185670
185671
185675
185680
185682
185683
185689
185690
185692
185693
185694
185695
185696
185699
185705
185708
185709
185710
185711
262351
262384
262387
262396
262399
262912
262915
262924
262926
262927
262949
262960
262962
262963
262969
262974
263061
263106
263113
263118
263141
263154
263161
263166
264533
265218
265225
265230
265253
265266
265409
265418
265421
265446
265457
265466
265469
265814
265985
265992
265994
265995
265997
266020
266022
266023
266033
266040
266042
266043
266045
266132
266134
266135
266177
266184
266186
266187
266189
266212
266214
266215
266225
266232
266234
266235
266237
271700
271702
271703
274433
274440
274442
274443
274445
274468
274470
274471
274481
274488
274490
274491
274493
274580
274582
274583
274587
274625
274628
274631
274632
274634
274635
274637
274660
274662
274663
274664
274667
274673
274676
274679
274680
274682
274683
274685
275028
275030
275031
275032
275035
275201
275204
275206
275207
275208
275210
275211
275213
275233
275236
275238
275239
275240
275242
275243
275245
275249
275252
275254
275255
275256
275259
275345
275348
275351
275352
275354
275355
275357
275396
275398
275399
275400
275403
275425
275428
275431
275432
275434
275435
275437
275444
275446
275447
275448
275451
276817
276820
276823
276824
276826
276827
276829
277508
277510
277511
277512
277515
277537
277540
277543
277544
277546
277547
277549
277556
277558
277559
277560
277563
277649
277655
277656
277658
277659
277661
277700
277702
277703
277729
277730
277736
277738
277739
277741
277748
277749
277750
277751
278097
278098
278104
278105
278106
278107
278109
278110
278276
278277
278278
278279
278304
278305
278306
278307
278312
278313
278314
278315
278317
278318
278324
278325
278326
278327
278416
278417
278418
278419
278424
278425
278426
278427
278428
278429
278430
278431
278468
278469
278470
278471
278496
278497
278498
278499
278504
278505
278506
278507
278508
278509
278510
278511
278516
278517
278518
278519
