65545
65688
65759
65772
66119
66157
66324
66327
66419
66428
66430
66447
66480
66482
66493
67856
67859
67865
67870
67969
67976
67978
67979
68001
68011
68022
68688
68690
68691
68697
68701
69068
69071
69093
69104
69106
69112
69113
69114
69117
69171
69180
69182
69183
69269
69313
69320
69322
69323
69325
69345
69351
69355
69364
69366
74816
74818
74819
74824
74825
74826
74829
74830
74852
74854
74855
74865
74868
74870
74871
74872
74875
75268
75270
75271
75275
75296
75298
75304
75305
75306
75309
75317
75397
75420
75422
75423
75427
75433
75436
75438
75439
75472
75473
75474
75480
75482
75483
75485
75604
75606
75607
78101
78144
78146
78147
78153
78156
78158
78159
78180
78181
78182
78192
78193
78194
78200
78202
78203
78205
78268
78270
78271
79676
79678
79679
79765
79808
79809
79810
79811
79816
79817
79818
79819
79820
79821
79822
79841
79844
79846
79847
79848
79850
79851
79857
79860
79861
79862
79863
79867
79935
80021
80064
80066
80067
80073
80074
80076
80077
80078
80079
80100
80101
80102
80103
80113
80114
80116
80119
80120
80122
80123
80125
80464
80465
80466
80471
80472
80474
80475
80477
80644
80645
80646
80647
80668
80670
80671
80672
80674
80675
80681
80684
80685
80686
80687
80772
80773
80774
80775
80799
80800
80802
80803
80808
80809
80810
80812
80813
80814
80821
80849
80852
80854
80855
80856
80858
80859
148817
148820
148821
148822
148823
148827
151552
151555
151560
151561
151562
151564
151565
151566
151567
151584
151585
151586
151588
151589
151590
151591
151592
151594
151595
151601
151604
151605
151606
151607
151611
151680
151681
151682
151684
151685
151686
151687
151688
151690
151691
151699
151705
151708
151709
151710
151711
151712
151714
151715
151720
151721
151722
151724
151725
151726
151727
151761
151764
151765
151766
151767
151771
152064
152065
152066
152068
152069
152070
152071
152072
152074
152075
152083
152089
152092
152093
152094
152095
152096
152098
152099
152104
152105
152106
152108
152109
152110
152111
152179
152185
152188
152189
152190
152191
152192
152194
152195
152200
152201
152202
152204
152205
152206
152207
152224
152225
152226
152228
152229
152230
152231
152232
152234
152235
152241
152244
152245
152246
152247
152251
152401
152404
152405
152406
152407
152411
153605
153616
153617
153618
153619
153623
153624
153625
153626
153627
153629
153630
153647
153712
153714
153715
153720
153721
153722
153724
153725
153726
153727
153731
153737
153740
153741
153742
153743
153764
153765
153766
153776
153777
153778
153780
153782
153783
153784
153786
153787
153789
154099
154105
154108
154109
154110
154111
154112
154114
154115
154120
154121
154122
154124
154125
154126
154127
154144
154145
154146
154148
154149
154150
154151
154152
154154
154155
154161
154164
154165
154166
154167
154171
154241
154244
154245
154246
154247
154251
154259
154265
154268
154269
154270
154271
154272
154274
154275
154281
154282
154284
154285
154286
154287
154321
154324
154325
154326
154327
154328
154331
154949
154950
154960
154962
154963
154968
154969
154970
154972
154973
154974
154975
154988
154990
154991
159731
159737
159740
159741
159742
159743
233473
233474
233476
233477
233478
233479
233483
233491
233497
233500
233501
233502
233503
233507
233513
233516
233517
233518
233519
233587
233593
233594
233596
233597
233598
233599
233603
233609
233612
233613
233614
233615
233633
233636
233637
233638
233639
233643
233649
233652
233653
233654
233655
233659
233968
233970
233971
233976
233977
233978
233980
233981
233982
233983
233987
233993
233996
233997
233998
233999
234017
234020
234021
234022
234023
234027
234032
234033
234034
234036
234037
234038
234039
234040
234042
234043
234113
234116
234117
234118
234119
234123
234128
234130
234131
234136
234137
234138
234140
234141
234142
234143
234147
234153
234156
234157
234158
234159
234193
234194
234196
234197
234198
234199
234200
234203
235521
235522
235524
235526
235527
235528
235530
235531
235548
235551
235552
235553
235554
235555
235559
235560
235561
235562
235563
235564
235565
235566
235573
235648
235649
235650
235652
235654
235655
235656
235658
235659
235676
235679
235680
235681
235682
235683
235687
235688
235689
235690
235691
235692
235693
235694
235701
235732
235733
235734
235735
235739
236033
236036
236037
236038
236039
236043
236048
236051
236057
236060
236061
236062
236063
236067
236073
236076
236077
236078
236079
236147
236153
236156
236157
236158
236159
236160
236162
236163
236168
236169
236170
236172
236173
236174
236175
236193
236196
236197
236198
236199
236200
236203
236209
236212
236213
236214
236215
236219
236369
236370
236372
236373
236374
236375
236376
236378
236379
236881
236884
236885
236886
236887
236891
311355
311441
311534
311876
311878
311904
311906
312191
312204
312206
312229
312248
312250
313618
313624
313626
313629
313728
313730
313741
313764
313766
313767
313780
313783
313813
314437
314460
314462
314463
314476
314478
314479
314867
314876
314878
314879
314892
314894
314895
314917
314928
314930
314936
314937
314938
314941
315028
315030
315031
315076
315078
315079
315104
315106
315112
315114
315117
315125
320577
320580
320582
320583
320587
320608
320609
320610
320616
320617
320618
320619
320621
320629
321024
321025
321026
321032
321034
321037
321057
321060
321062
321063
321067
321076
321078
321079
321168
321170
321171
321176
321177
321178
321181
321221
321235
321241
321244
321246
321247
321251
321260
321262
321263
321365
323860
323862
323863
323867
323955
323961
323964
323966
323967
323968
323971
323977
323980
323982
323983
324005
324016
324017
324018
324019
324024
324025
324026
324027
324029
325583
325605
325616
325618
325619
325624
325625
325626
325628
325629
325630
325631
325635
325644
325646
325647
325669
325680
325681
325682
325683
325688
325689
325690
325691
325692
325693
325694
325777
325780
325782
325783
325784
325787
325825
325828
325830
325831
325832
325835
325856
325857
325858
325859
325864
325865
325866
325867
325868
325869
325870
325877
325878
326212
326213
326214
326227
326233
326236
326238
326239
326240
326242
326243
326249
326252
326254
326255
326416
326417
326418
326419
326424
326425
326426
326427
326429
326528
326529
326530
326531
326536
326537
326538
326539
326541
326542
326561
326564
326566
326567
326571
326577
326580
326582
326583
326584
326587
326613
