65559
65630
65635
65641
65724
65807
65829
65845
65907
65912
65914
65952
65954
65963
66290
66693
66704
66705
66706
66710
66715
66769
66772
66773
66774
67020
67021
67022
67039
67042
67043
67047
67048
67050
67123
67128
67129
67133
67199
67200
67202
67207
67211
67219
67224
67225
67226
67244
67246
68547
68551
68552
68554
68573
68588
68589
69875
69879
69880
69881
69882
69885
70145
70148
70149
70150
70160
70161
70162
70164
70165
70166
70167
70171
70191
70208
70210
70211
70215
70216
70217
70218
70219
70227
70232
70233
70234
70236
70237
70252
70253
70254
70332
70334
70335
70469
70480
70481
70482
70484
70485
70486
70491
71439
71456
71457
71460
71461
71462
71467
71472
71473
71474
71476
71477
71478
71483
71539
71544
71545
71546
71548
71549
71550
71555
71560
71561
71564
71565
71566
71567
71580
71582
71583
71584
71585
71586
71587
71588
71590
71591
71592
71593
71594
71595
71909
71920
71921
71922
71923
71924
71925
71926
71927
71928
71930
71931
72191
72192
72193
72194
72195
72196
72197
72198
72199
72200
72202
72203
72210
72211
72215
72216
72217
72218
72221
72236
72237
72238
72239
72259
72264
72265
72268
72269
72270
72284
72285
72286
72287
72288
72290
72291
72295
72296
72297
72298
72299
72371
72376
72377
72378
72380
72381
72382
77580
77581
77582
77599
77600
77601
77602
77603
77606
77607
77608
77610
77611
77680
77681
77682
77684
77685
77686
77691
77732
77733
77744
77745
77748
77749
77750
77755
160574
160575
160660
160661
160704
160705
160706
160707
160710
160711
160712
160713
160714
160715
160717
160734
160735
160736
160737
160738
160739
160743
160744
160745
160746
160747
160748
160749
160757
162068
162069
162070
162112
162113
162114
162115
162119
162120
162121
162122
162123
162124
162125
162143
162144
162145
162146
162147
162150
162151
162152
162153
162154
162155
162157
162164
162165
162238
162239
162837
162880
162881
162882
162883
162884
162886
162887
162888
162889
162890
162891
162893
162908
162910
162911
162912
162913
162914
162915
162919
162920
162921
162922
162923
162924
162925
162926
162933
163007
163123
163129
163132
163133
163134
163135
163205
163216
163217
163218
163220
163221
163222
163223
163224
163226
163227
163265
163268
163269
163270
163275
163280
163281
163282
163283
163284
163286
163287
163288
163289
163290
163291
163293
163308
163310
163311
163522
163523
163528
163529
163530
163532
163533
163534
163535
163552
163553
163554
163556
163557
163558
163559
163560
163562
163563
163569
163572
163573
163574
216127
216213
216256
216257
216258
216259
216263
216264
216265
216266
216267
216268
216269
216270
216287
216288
216289
216290
216291
216292
216294
216295
216296
216297
216298
216299
216301
216308
216309
216310
216597
216640
216641
216642
216643
216644
216646
216647
216648
216649
216650
216651
216653
216668
216670
216671
216672
216673
216674
216675
216679
216680
216681
216682
216683
216684
216685
216686
216693
216767
216852
216853
216854
216896
216897
216898
216899
216903
216904
216905
216906
216907
216908
216909
216910
216928
216929
216930
216931
216932
216934
216935
216936
216938
216939
216941
216948
216949
216950
217020
217022
217023
222272
222273
222274
222276
222278
222279
222280
222282
222283
222300
222302
222303
222304
222306
222307
222312
222313
222314
222316
222317
222318
222524
222526
222527
222612
222613
222614
222656
222657
222658
222660
222662
222663
222664
222666
222667
222684
222686
222687
222688
222690
222691
222696
222697
222698
222700
222701
222702
222912
222914
222915
222920
222921
222922
222924
222925
222926
222944
222945
222946
222948
222950
222951
222952
222954
222955
222964
222965
222966
225553
225556
225557
225558
225559
225600
225602
225603
225608
225609
225610
225612
225613
225614
225615
225632
225633
225634
225636
225638
225639
225640
225642
225643
225652
225653
225654
225721
225724
225726
225727
226496
226498
226499
226503
226504
226505
226506
226507
226508
226509
226510
226527
226528
226529
226530
226531
226532
226534
226535
226536
226537
226538
226539
226541
226548
226549
226550
226836
226837
226838
226880
226881
226882
226883
226887
226888
226889
226890
226891
226893
226910
226911
226912
226913
226914
226915
226919
226920
226921
226922
226923
226925
226933
227004
227006
227007
227093
227136
227137
227138
227140
227142
227143
227144
227146
227147
227155
227161
227164
227165
227166
227167
227170
227171
227176
227177
227178
227180
227181
227182
227263
228156
228158
228159
228244
228245
228246
228288
228289
228290
228292
228294
228295
228296
228298
228299
228316
228318
228319
228320
228322
228323
228328
228329
228330
228332
228333
228334
294940
295026
295089
295368
295370
295391
295395
295401
295487
295573
295620
295622
295641
296707
296713
296717
296735
296736
296738
296743
296744
296746
296819
296825
296828
296829
296830
296844
296845
296846
296864
296865
296868
296870
296871
296875
296885
297212
297214
297553
297556
297558
297563
297733
297746
297752
297754
297775
297807
297828
297830
297844
297845
297907
297913
302089
302092
302093
302094
302095
302112
302113
302114
302116
302118
302119
302122
302123
302132
302133
302134
302204
302205
302206
302207
302211
302216
302217
302218
302220
302221
302222
302239
302240
302241
302242
302243
302247
302248
302249
302250
302251
302261
302540
302542
302543
302561
302564
302565
302566
302571
302576
302577
302578
302580
302581
302582
302583
302587
302640
302642
302643
302647
302648
302649
302650
302652
302653
302721
302724
302725
302726
302736
302737
302738
302739
302743
302744
302745
302746
302747
302749
302764
302766
302767
302800
302801
302802
302804
302805
302806
302807
302811
304115
304120
304121
304124
304125
304126
305477
305488
305489
305490
305494
305495
305496
305498
305499
305519
306181
306192
306193
306194
306196
306198
306199
306202
306203
306243
306249
306252
306253
306254
306271
306272
306273
306274
306278
306279
306280
306282
306283
306293
306361
306364
306365
306366
306489
306492
306493
306494
306576
306577
306578
306582
306583
306587
306629
306640
306641
306642
306647
306650
306651
306889
306892
306893
306894
306912
306913
306914
306918
306919
306922
306923
306933
