26
77
304
305
315
380
381
382
419
424
426
756
758
1216
1217
1218
1222
1227
1235
1240
1241
1242
1262
1520
1521
1522
1524
1526
1527
1531
1551
1572
1573
1585
1588
1589
1590
1651
1657
1661
1676
1677
1678
1695
1696
1698
1703
1706
1707
2965
3009
3012
3013
3014
3026
3031
3034
3055
4864
4865
4866
4868
4869
4870
4871
4875
4882
4883
4887
4888
4889
4890
4908
4910
4911
4931
4936
4937
4940
4941
4942
4956
4958
4959
4960
4962
4963
4967
4968
4969
4970
4971
5043
5048
5049
5052
5053
5054
5951
6033
6036
6037
6038
6080
6081
6082
6084
6085
6086
6087
6090
6091
6096
6098
6099
6103
6104
6105
6106
6107
6108
6109
6110
6124
6125
6126
6127
6207
6292
6293
6336
6337
6338
6340
6341
6342
6343
6344
6346
6347
6352
6354
6355
6359
6360
6361
6362
6365
6380
6381
6382
6383
6607
6629
6640
6641
6642
6644
6645
6646
6647
6651
6671
6689
6692
6693
6694
6704
6705
6706
6708
6709
6710
6715
6771
6775
6776
6777
6778
6780
6781
6782
6793
6796
6797
6798
6814
6815
6816
6817
6818
6819
6822
6823
6824
6825
6826
6827
11519
11860
11861
12032
12033
12034
12036
12037
12038
12043
12048
12050
12051
12055
12056
12058
12059
12079
12099
12104
12105
12108
12109
12124
12126
12131
12135
12136
12137
12138
12220
12221
12222
94463
94805
94976
94977
94978
94979
94983
94984
94985
94986
94987
94988
94989
94990
95007
95008
95009
95010
95011
95012
95014
95015
95016
95017
95018
95019
95021
95028
95029
95030
95103
95104
95105
95106
95107
95108
95110
95111
95112
95113
95114
95115
95117
95132
95134
95135
95136
95137
95138
95139
95143
95144
95145
95146
95147
95148
95149
95150
95157
95188
95189
95190
96340
96341
96512
96513
96514
96515
96518
96519
96520
96521
96522
96523
96525
96540
96542
96543
96544
96545
96546
96547
96551
96552
96553
96554
96555
96556
96557
96558
96565
96636
96638
96639
96640
96641
96642
96643
96647
96648
96649
96650
96651
96652
96653
96654
96671
96672
96673
96674
96675
96676
96678
96679
96680
96681
96682
96683
96685
96692
96693
96694
96725
97023
97365
97536
97537
97538
97539
97540
97542
97543
97544
97545
97546
97547
97549
97561
97564
97565
97566
97567
97568
97570
97571
97575
97576
97577
97578
97580
97581
97582
97648
97650
97651
97655
97656
97657
97658
97659
97660
97661
97662
97676
97677
97678
97679
97696
97697
97700
97701
97702
97703
97707
97712
97713
97716
97717
97718
97719
97723
98047
232700
232702
232703
233044
233045
233046
233216
233217
233218
233219
233220
233222
233223
233224
233225
233226
233227
233229
233244
233246
233247
233248
233249
233250
233251
233255
233256
233257
233258
233259
233260
233261
233262
233269
233343
233344
233345
233346
233347
233351
233352
233353
233354
233355
233357
233375
233376
233377
233378
233379
233382
233383
233384
233385
233386
233387
233389
233396
233397
233429
238677
238848
238849
238850
238851
238854
238855
238856
238857
238858
238859
238861
238879
238880
238881
238882
238883
238887
238888
238889
238890
238891
238892
238893
238901
238975
238976
238977
238978
238979
238983
238984
238985
238986
238987
238989
239007
239008
239009
239010
239011
239015
239016
239017
239018
239019
239021
239029
239061
239359
241748
241749
241750
241920
241921
241922
241923
241927
241928
241929
241930
241931
241932
241933
241934
241951
241952
241953
241954
241955
241956
241958
241959
241960
241961
241962
241963
241965
241972
241973
241974
242047
242048
242049
242050
242051
242052
242054
242055
242056
242057
242058
242059
242061
242076
242078
242079
242080
242081
242082
242083
242087
242088
242089
242090
242091
242092
242093
242094
242101
242132
242133
242134
242428
242430
242431
242940
242942
242943
243284
243285
243286
243456
243457
243458
243459
243460
243462
243463
243464
243466
243467
243481
243484
243485
243486
243487
243488
243490
243491
243496
243497
243498
243500
243501
243502
243568
243570
243571
243576
243577
243578
243580
243581
243582
243593
243596
243597
243598
243599
243616
243617
243620
243621
243622
243623
243627
243633
243636
243637
243638
243639
243643
243967
244309
244480
244481
244482
244483
244487
244488
244489
244490
244491
244492
244493
244494
244511
244512
244513
244514
244515
244518
244519
244520
244521
244522
244523
244525
244533
244604
244606
244607
244608
244609
244610
244611
244615
244616
244617
244618
244619
244620
244621
244639
244640
244641
244642
244643
244646
244647
244648
244649
244650
244651
244653
244661
244693
311419
311472
311745
311755
311773
311788
311790
312000
312002
312007
312028
312045
312575
312917
313089
313092
313094
313099
313107
313113
313117
313132
313134
313167
313188
313189
313201
313204
313205
313206
313211
313264
313266
313271
313272
313274
314112
314114
314119
314120
314122
314140
314142
314153
314157
314224
314226
314231
314289
314294
314299
316412
316413
316414
316415
317765
317776
317777
317778
317780
317781
317782
317783
317787
318468
318469
318480
318481
318482
318483
318484
318486
318487
318488
318490
318491
318511
318531
318537
318540
318541
318542
318559
318560
318561
318562
318564
318566
318567
318568
318570
318571
318581
318643
318648
318649
318652
318653
318654
318771
318777
318780
318781
318782
318783
318853
318864
318865
318866
318868
318870
318871
318872
318874
318875
318895
318916
318917
318918
318928
318929
318930
318931
318932
318934
318935
318936
318937
318938
318939
318959
319171
319177
319180
319181
319182
319199
319200
319201
319202
319204
319206
319207
319208
319210
319211
319221
322563
322568
322569
322570
322572
322573
322574
322591
322592
322594
322595
322599
322600
322601
322602
322603
322675
322680
322681
322682
322685
322700
322702
322703
322721
322724
322725
322726
322731
322740
322741
322742
323008
323010
323011
323015
323016
323017
323018
323036
323038
323039
323043
323048
323049
323050
323053
323135
323220
323221
323222
323265
323268
323269
323270
323282
323283
323287
323288
323289
323290
323293
323310
323311
