49212
49353
49358
49381
49969
49978
49981
50068
50070
50113
50120
50122
50123
50125
50148
50151
50168
50171
51543
52264
52267
52276
52279
52369
52376
52378
52379
52420
52422
52423
52449
52456
52458
52459
52461
52468
52470
52471
52817
52826
52829
52998
53026
53033
53034
53037
53038
53045
53136
53138
53139
53145
53148
53150
53189
53216
53218
53219
53225
53228
53230
53231
53237
58704
58706
58707
58713
58716
58718
58719
61445
61456
61459
61468
61471
61472
61475
61481
61484
61486
61487
61573
61584
61587
61596
61599
61600
61602
61603
61609
61612
61614
61615
61648
61650
61651
61657
61660
61662
61663
62021
62048
62050
62051
62057
62060
62062
62063
62069
62224
62226
62227
62233
62234
62236
62237
62238
62239
62340
62341
62342
62343
62368
62369
62370
62371
62376
62377
62378
62380
62381
62382
62383
62389
62390
62416
62417
62418
62424
62425
62426
62427
62429
62430
63812
63814
63815
63841
63842
63848
63849
63850
63851
63853
63854
63860
63861
63862
63863
64529
64536
64538
64539
64541
64641
64644
64646
64647
64648
64650
64651
64673
64676
64679
64680
64682
64683
64685
64692
64694
64695
64696
64699
64721
64724
64726
64727
64728
64730
64731
64733
65089
65092
65094
65095
65096
65098
65099
65101
65121
65124
65126
65127
65128
65130
65131
65133
65137
65140
65142
65143
65144
65146
65147
65149
65300
65302
65303
65304
65307
65408
65409
65410
65411
65416
65417
65418
65419
65420
65421
65422
65423
65444
65445
65446
65447
65457
65458
65460
65463
65464
65465
65466
65467
65469
65470
65492
65493
65494
65495
136453
136464
136465
136466
136467
136471
136472
136473
136474
136475
136477
136478
136492
136495
136527
136560
136562
136563
136569
136570
136572
136573
136574
136575
136576
136579
136585
136588
136589
136590
136591
136612
136613
136614
136624
136625
136626
136627
136628
136630
136631
136632
136633
136634
136635
136637
213061
213072
213073
213074
213075
213079
213080
213081
213082
213083
213085
213103
213263
213285
213296
213297
213298
213299
213303
213304
213305
213306
213307
213309
213381
213392
213393
213394
213395
213399
213400
213401
213402
213403
213405
213423
213445
213456
213457
213458
213459
213463
213464
213465
213466
213467
213469
213487
213711
213733
213744
213745
213746
213747
213751
213752
213753
213754
213755
213757
214796
214798
214799
214820
214821
214822
214832
214833
214834
214835
214836
214838
214839
214840
214841
214842
214843
214845
214916
214917
214918
214928
214929
214930
214931
214935
214936
214937
214938
214939
214940
214941
214942
214956
214958
214959
214981
214992
214993
214994
214995
214996
214998
214999
215000
215001
215002
215003
215005
215023
215247
215269
215280
215281
215282
215283
215287
215288
215289
215290
215291
215293
215294
215621
215632
215633
215634
215635
215639
215640
215641
215642
215643
215645
215663
215813
215824
215825
215826
215827
215831
215832
215833
215834
215835
215837
215855
215887
215909
215920
215921
215922
215923
215927
215928
215929
215930
215931
215933
215951
215973
215984
215985
215986
215987
215991
215992
215993
215994
215995
215997
220943
220965
220976
220977
220978
220979
220983
220984
220985
220986
220987
220989
221061
221072
221073
221074
221075
221079
221080
221081
221082
221083
221085
221103
221125
221136
221137
221138
221139
221143
221144
221145
221146
221147
221148
221149
221150
221164
221167
221391
221413
221424
221425
221426
221427
221431
221432
221433
221434
221435
221437
221765
221776
221777
221778
221779
221780
221783
221784
221785
221786
221787
221789
221807
221956
221957
221958
221968
221969
221970
221971
221975
221976
221977
221978
221979
221980
221981
221982
221996
221998
221999
222031
222053
222064
222065
222066
222067
222071
222072
222073
222074
222075
222076
222077
222078
222092
222094
222095
222116
222117
222118
222128
222129
222130
222131
222132
222134
222135
222136
222137
222138
222139
222141
223301
223312
223313
223314
223315
223316
223318
223319
223320
223321
223322
223323
223325
223343
223500
223502
223503
223524
223525
223526
223536
223537
223538
223539
223540
223542
223543
223544
223545
223546
223547
223549
223620
223621
223622
223632
223633
223634
223635
223639
223640
223641
223642
223643
223644
223645
223646
223660
223662
223663
223685
223696
223697
223698
223699
223700
223702
223703
223704
223705
223706
223707
223709
223727
223951
223973
223984
223985
223986
223987
223991
223992
223993
223994
223995
223996
223997
223998
224516
224517
224518
224528
224529
224530
224531
224535
224536
224537
224538
224539
224540
224541
224542
224556
224558
224559
224591
224613
224624
224625
224626
224627
224631
224632
224633
224634
224635
224636
224637
224638
224652
224654
224655
224676
224677
224678
224688
224689
224690
224691
224692
224694
224695
224696
224697
224698
224699
224701
295047
295081
295085
295452
295454
295588
295590
295604
295606
295767
295771
296977
296983
296987
297039
297061
297072
297073
297074
297080
297082
297083
297139
297145
297149
297459
297465
297469
297487
297509
297521
297531
297616
297618
297624
297626
297680
297682
297688
297690
298309
298310
298323
298329
298332
298333
298334
298348
298350
298351
303172
303173
303174
303184
303186
303187
303193
303196
303197
303198
303199
303203
303209
303212
303214
303215
303411
303417
303420
303422
303423
303508
303509
303510
303553
303556
303558
303559
303560
303562
303563
303580
303582
303583
303584
303586
303587
303592
303593
303594
303596
303597
303598
303811
303817
303820
303821
303822
303823
303841
303844
303845
303846
303847
303851
303857
303860
303861
303862
303863
303867
305091
305097
305100
305102
305124
305126
305140
305142
305143
305212
305214
305215
305300
305301
305302
305345
305348
305350
305351
305355
305375
305376
305378
305379
305385
305388
305389
305390
305685
305728
305730
305731
305736
305737
305738
305741
305760
305761
305762
305767
305768
305770
305771
305781
305855
305941
305984
305986
305987
305992
305993
305994
305997
306016
306017
306018
306023
306024
306026
306027
306037
306111
308496
308497
308498
308500
308502
308503
308504
308506
308507
308556
308558
308559
308580
308581
308582
308592
308593
308594
308596
308598
308599
308600
308601
308602
308603
308605
308656
308658
308659
308664
308665
308666
308668
308669
308670
