32814
32847
32954
33086
33169
33179
33232
33234
33243
33481
33503
33512
33514
34035
34040
34042
34368
34369
34370
34372
34374
34379
34387
34393
34397
34412
34414
34624
34625
34626
34630
34631
34635
34643
34649
34652
34653
34668
34669
34670
35599
35620
35621
35622
35636
35637
35708
35710
35725
35743
35746
35751
35752
35754
37827
37831
37832
37833
37834
37837
37852
37853
37854
37855
37859
37863
37864
37865
37866
37869
38992
38993
38996
38997
38998
39003
39168
39169
39170
39171
39175
39176
39177
39178
39179
39193
39196
39197
39198
39199
39203
39208
39209
39210
39212
39213
39214
39247
39268
39269
39280
39281
39282
39284
39285
39286
39287
39291
39333
39344
39345
39346
39348
39350
39351
39352
39354
39355
39676
39678
39679
40192
40193
40196
40197
40198
40203
40208
40209
40210
40211
40215
40216
40217
40218
40219
40221
40236
40238
40239
40268
40269
40270
40271
40288
40289
40290
40292
40293
40294
40295
40299
40305
40308
40309
40310
40315
40368
40370
40371
40375
40376
40377
40378
40380
40381
40382
44092
44094
44095
44176
44177
44178
44180
44181
44182
44183
44187
44228
44229
44240
44241
44242
44246
44247
44250
44251
44271
44528
44530
44531
44535
44536
44537
44538
44559
44577
44580
44581
44582
44593
44596
44597
44598
44668
44669
44670
44675
44681
44684
44685
44686
44703
44704
44706
44707
44711
44712
44713
44714
118723
118729
118732
118733
118734
118735
118753
118756
118757
118758
118759
118763
118768
118769
118770
118772
118773
118774
118775
118776
118778
118779
124225
124228
124229
124230
124231
124240
124242
124243
124248
124249
124250
124252
124253
124254
124255
124259
124265
124268
124270
124271
126992
126993
126994
126996
126998
126999
127000
127002
127003
127052
127054
127055
127076
127077
127078
127088
127089
127090
127092
127094
127095
127096
127098
127099
127152
127154
127155
127160
127161
127162
127164
127165
127166
127436
127438
127439
127460
127461
127462
127472
127473
127474
127476
127478
127479
127480
127482
127483
127536
127538
127539
127544
127545
127546
127548
127549
127550
127632
127633
127634
127636
127638
127639
127640
127642
127643
127684
127685
127686
127696
127698
127699
127704
127705
127706
127708
127709
127710
127724
127726
127727
128960
128961
128962
128963
128967
128968
128969
128970
128971
128972
128973
128988
128990
128991
128992
128993
128994
128995
128999
129000
129001
129002
129003
129005
129084
129086
129087
129169
129172
129173
129174
129179
129216
129217
129218
129220
129221
129222
129223
129224
129226
129227
129235
129241
129244
129245
129246
129247
129251
129256
129257
129260
129261
129262
129263
129552
129553
129554
129556
129558
129559
129560
129562
129563
129603
129609
129612
129613
129614
129615
129633
129636
129637
129638
129639
129643
129648
129649
129650
129652
129653
129654
129655
129658
129659
129712
129714
129715
129720
129721
129722
129724
129725
129726
129727
129860
129861
129862
129872
129874
129875
129880
129881
129882
129884
129885
129886
129900
129902
129903
192560
192562
192563
192568
192569
192570
192572
192573
192574
192575
192656
192657
192658
192660
192661
192662
192663
192664
192666
192667
192705
192708
192709
192710
192711
192715
192720
192722
192723
192728
192729
192732
192733
192734
192735
192739
192745
192748
192749
192750
192751
193041
193044
193045
193046
193047
193051
193091
193097
193100
193101
193102
193103
193121
193124
193125
193126
193127
193131
193136
193137
193140
193141
193142
193143
193146
193147
193203
193209
193212
193213
193214
193215
193345
193348
193349
193350
193351
193355
193363
193369
193372
193373
193374
193375
193379
193385
193388
193389
193390
193391
194560
194561
194564
194565
194566
194567
194571
194576
194578
194579
194583
194584
194585
194586
194587
194588
194589
194590
194604
194606
194607
194638
194639
194660
194661
194662
194672
194673
194674
194675
194676
194678
194679
194680
194682
194683
194703
194725
194736
194737
194738
194739
194742
194743
194744
194745
194746
194747
194749
195011
195017
195020
195021
195022
195023
195041
195044
195045
195046
195047
195051
195056
195057
195060
195061
195062
195063
195067
195122
195123
195128
195129
195130
195132
195133
195134
195135
195216
195217
195218
195220
195221
195222
195223
195224
195226
195227
195265
195268
195269
195270
195271
195275
195280
195282
195283
195288
195289
195290
195292
195293
195294
195305
195308
195309
195310
195311
195920
195921
195922
195924
195925
195926
195927
195931
262241
262251
262329
262451
262456
262457
262528
262529
262539
262547
262553
262574
262881
262891
263372
263374
263392
263393
263394
263403
263679
263680
263681
263682
263687
263691
263699
263705
263709
263724
263725
263726
263759
263777
263780
263782
263787
263797
263859
263863
263864
263865
263866
265011
265017
265089
265092
265094
265099
265107
265112
265113
265114
267056
267057
267058
267059
267062
267063
267064
267066
267067
267132
267134
267135
267138
267139
267143
267144
267145
267146
267164
267165
267166
267171
267176
267177
267178
267180
267181
267182
268284
268285
268286
268287
268288
268290
268291
268295
268296
268297
268298
268299
268300
268301
268316
268317
268318
268319
268320
268322
268323
268327
268328
268329
268330
268332
268333
268334
268367
268389
268400
268401
268402
268404
268405
268406
268407
268408
268410
268411
268431
268449
268452
268453
268454
268464
268465
268466
268468
268469
268470
268471
268474
268475
268604
268605
268606
268607
268676
268677
268688
268689
268690
268692
268693
268694
268695
268698
268699
268719
268741
268752
268753
268754
268756
268757
268758
268759
268763
268783
268994
268995
268999
269000
269001
269002
269005
269020
269021
269022
269023
269027
269031
269032
269033
269034
269036
269037
269038
273615
273633
273636
273637
273638
273649
273652
273653
273654
273659
273921
273924
273925
273926
273931
273936
273938
273939
273943
273944
273945
273946
273967
273993
273996
273997
273998
274015
274016
274018
274019
274023
274024
274026
274027
274099
274105
274108
274109
274110
274260
274261
