49201
49350
49376
49378
49733
49772
49774
49946
50050
50061
50084
50087
50103
50133
51476
51478
51479
51580
51583
51599
51621
51632
51634
51645
52295
52299
52321
52328
52330
52331
52333
52341
52737
52743
52744
52746
52747
52769
52776
52778
52779
52788
52790
52880
52882
52883
52889
52892
52894
52944
52947
52953
52956
52958
52975
53076
53078
53079
58448
58449
58450
58456
58458
58459
58461
58828
58831
58853
58864
58866
58867
58873
58877
58878
58931
58937
58940
58942
58943
59029
59072
59073
59074
59080
59081
59082
59085
59108
59110
59111
59115
59121
59124
59126
59127
59131
61701
61702
61724
61727
61728
61730
61731
61737
61740
61742
61743
61828
61829
61830
61831
61855
61856
61858
61859
61865
61868
61869
61870
61871
61877
61905
61906
61911
61912
61914
61915
61917
63493
63494
63504
63506
63507
63513
63516
63517
63518
63519
63523
63529
63532
63534
63535
63617
63620
63622
63623
63624
63626
63627
63648
63649
63650
63655
63656
63657
63658
63659
63661
63668
63669
63670
63671
63697
63700
63701
63702
63703
63707
64021
64064
64067
64073
64076
64078
64079
64101
64112
64113
64114
64115
64120
64121
64122
64123
64124
64125
64126
64176
64179
64185
64188
64190
64191
64320
64321
64322
64323
64328
64329
64330
64331
64332
64333
64334
64356
64358
64359
64363
64369
64372
64374
64375
64376
64378
64379
64848
64849
64850
64851
64856
64857
64858
64859
64860
64861
64862
64879
135232
135233
135234
135236
135237
135238
135239
135240
135242
135243
135251
135257
135260
135261
135262
135263
135264
135266
135267
135272
135273
135274
135276
135277
135278
135475
135481
135484
135485
135486
135487
135569
135572
135573
135574
135575
135579
135616
135617
135618
135620
135621
135622
135623
135624
135626
135627
135635
135641
135644
135645
135646
135647
135648
135650
135651
135656
135657
135658
135660
135661
135662
135663
135872
135874
135875
135880
135881
135882
135884
135885
135886
135887
135904
135905
135906
135908
135909
135910
135911
135912
135914
135915
135921
135924
135925
135926
135927
135931
137023
137152
137154
137155
137160
137161
137162
137164
137165
137166
137167
137185
137188
137189
137190
137191
137195
137201
137204
137206
137207
137208
137210
137211
137267
137276
137278
137279
137364
137365
137366
137408
137409
137410
137411
137412
137415
137416
137417
137418
137419
137421
137439
137440
137441
137442
137443
137444
137447
137448
137449
137450
137451
137453
137460
137461
137462
137792
137793
137794
137796
137798
137799
137800
137802
137803
137820
137822
137823
137824
137825
137826
137827
137832
137833
137834
137836
137837
137838
137845
138004
138005
138006
138011
138048
138050
138051
138056
138057
138058
138060
138061
138062
138063
138080
138081
138082
138084
138085
138086
138087
138088
138090
138091
138097
138100
138101
138102
138103
138107
138163
138169
138172
138173
138174
138175
214292
214293
214294
214299
214336
214338
214339
214344
214345
214346
214348
214349
214350
214368
214369
214370
214372
214374
214375
214376
214378
214379
214388
214389
214390
214460
214462
214463
217151
217237
217280
217281
217282
217283
217287
217288
217289
217290
217291
217292
217293
217294
217311
217312
217313
217314
217315
217316
217318
217319
217320
217321
217322
217323
217325
217332
217333
217334
217621
217664
217665
217666
217667
217668
217670
217671
217672
217673
217674
217675
217677
217692
217694
217695
217696
217697
217698
217699
217703
217704
217705
217706
217707
217708
217709
217710
217717
217791
217876
217877
217878
217920
217921
217922
217923
217927
217928
217929
217930
217931
217932
217933
217934
217951
217952
217953
217954
217955
217956
217958
217959
217960
217961
217962
217963
217965
217972
217973
217974
218044
218046
218047
219201
219204
219205
219206
219207
219211
219219
219225
219228
219229
219230
219231
219232
219234
219235
219241
219242
219244
219245
219246
219247
219452
219454
219455
219540
219541
219542
219584
219585
219586
219587
219588
219590
219591
219592
219593
219594
219595
219597
219612
219614
219615
219616
219617
219618
219619
219623
219624
219625
219626
219627
219628
219629
219630
219637
219711
219840
219842
219843
219848
219849
219850
219852
219853
219854
219872
219873
219874
219876
219878
219879
219880
219882
219883
219892
219893
219894
219895
219899
220433
220436
220437
220438
220439
220440
220442
220443
220492
220494
220495
220516
220517
220518
220528
220529
220530
220531
220535
220536
220537
220538
220539
220541
220559
220581
220592
220594
220595
220600
220601
220602
220604
220605
220606
220607
225084
225086
225087
225172
225173
225174
225216
225217
225218
225220
225222
225223
225224
225225
225226
225227
225244
225246
225247
225248
225250
225251
225255
225256
225257
225258
225260
225261
225262
294948
294967
295132
295134
295151
295489
295496
295521
295531
295759
295781
295800
295802
295805
295868
295870
297220
297222
297248
297250
297251
297257
297261
297348
297350
297376
297379
297385
297431
297435
298068
298071
298075
298291
298297
298300
298302
298303
298389
298390
298433
298440
298442
298443
298465
298472
298474
298475
298485
298486
298703
298725
298736
298738
298744
298746
298749
304144
304145
304146
304151
304152
304154
304155
304157
304252
304255
304256
304258
304259
304265
304268
304269
304270
304271
304292
304293
304294
304305
304311
304312
304314
304315
304656
304658
304664
304665
304666
304669
304768
304770
304771
304776
304777
304778
304781
304782
304804
304806
304807
304817
304820
304822
304823
304827
304853
304965
304979
304985
304988
304990
304991
305004
305007
307524
307525
307526
307548
307550
307551
307552
307554
307555
307561
307564
307566
307567
308431
308464
308466
308467
308473
308476
308477
308478
308479
308820
308821
308822
308823
308993
308994
308996
308998
308999
309000
309002
309003
309005
309024
309025
309026
309027
309031
309032
309033
309034
309035
309037
309044
309045
309046
309124
309125
309126
309127
309139
309145
309148
309150
309151
309152
309154
309155
309161
309164
309165
309166
309167
309200
309201
309202
309204
309206
309207
309208
309210
309211
309213
310028
310030
310031
310053
310064
310065
310066
310067
310072
310073
310074
310076
310077
310078
310161
310164
310166
310167
310171
310209
310212
310214
310215
310216
310219
310240
310241
310242
310243
310248
310249
310250
310251
310253
310254
310261
