16528
16601
16960
16962
16973
16999
17012
17219
17225
17252
17254
17271
18688
18690
18696
18698
18701
18727
18731
18740
18742
18835
18841
18846
18896
18898
18909
19541
19715
19721
19724
19726
19748
19750
19761
19767
19771
19856
19858
19864
19866
19869
19909
19923
19929
19932
19934
19935
19948
19951
20223
25601
25604
25606
25607
25608
25610
25611
25632
25633
25634
25640
25641
25642
25643
25645
25653
25732
25733
25734
25756
25758
25759
25763
25769
25772
25774
25775
25809
25815
25816
25818
25819
26133
26179
26188
26190
26191
26213
26214
26225
26226
26231
26232
26234
26235
26237
26300
26302
26303
26432
26433
26434
26440
26442
26443
26445
26465
26471
26472
26474
26475
26484
26485
26486
29012
29013
29014
29015
29708
29711
29733
29744
29745
29746
29747
29752
29753
29754
29756
29757
29758
29841
29844
29846
29847
29848
29851
29889
29892
29894
29895
29899
29919
29920
29922
29923
29928
29929
29930
29932
29933
29934
29941
30273
30276
30278
30279
30283
30303
30304
30306
30307
30312
30313
30314
30316
30317
30318
30325
30481
30484
30485
30486
30487
30491
30540
30542
30543
30565
30576
30577
30578
30579
30584
30585
30586
30587
30588
30589
30590
30607
30629
30640
30642
30643
30648
30649
30650
30652
30653
30654
31695
31728
31730
31731
31737
31740
31741
31742
31743
99412
99413
99414
99584
99585
99586
99587
99591
99592
99593
99594
99595
99596
99597
99598
99615
99616
99617
99618
99619
99620
99622
99623
99624
99625
99626
99627
99629
99636
99637
99638
99711
99712
99713
99714
99715
99719
99720
99721
99722
99723
99725
99740
99743
99744
99745
99746
99747
99751
99752
99753
99754
99755
99757
99758
99765
99797
100092
100094
100095
102652
102654
102655
102996
102997
102998
103168
103169
103170
103171
103172
103174
103175
103176
103177
103178
103179
103181
103196
103198
103199
103200
103201
103202
103203
103207
103208
103209
103210
103211
103212
103213
103214
103221
103292
103294
103295
103296
103297
103298
103299
103303
103304
103305
103306
103307
103308
103309
103310
103327
103328
103329
103330
103331
103332
103334
103335
103336
103337
103338
103339
103341
103348
103349
103350
103381
104533
104704
104705
104706
104707
104708
104710
104711
104712
104713
104714
104715
104717
104735
104736
104737
104738
104739
104743
104744
104745
104746
104747
104749
104750
104757
104831
104832
104833
104834
104835
104836
104839
104840
104841
104842
104843
104845
104863
104864
104865
104866
104867
104871
104872
104873
104874
104875
104877
104878
104885
104916
104917
104918
105215
105556
105557
105558
105728
105729
105730
105731
105736
105737
105738
105740
105741
105742
105760
105761
105762
105764
105766
105767
105768
105770
105771
105780
105781
105782
105783
105787
105860
105861
105862
105863
105867
105875
105881
105884
105885
105886
105887
105888
105891
105897
105900
105901
105902
105903
105936
105937
105938
105940
105942
105943
105944
105946
105947
106236
106238
106239
109823
110165
110336
110337
110338
110339
110343
110344
110345
110346
110347
110349
110350
110367
110368
110369
110370
110371
110372
110375
110376
110377
110378
110379
110381
110389
110463
110464
110465
110466
110467
110471
110472
110473
110474
110475
110477
110495
110496
110497
110498
110499
110503
110504
110505
110506
110507
110509
110517
110549
184405
184576
184577
184578
184579
184580
184582
184583
184584
184585
184586
184587
184589
184604
184606
184607
184608
184609
184610
184611
184615
184616
184617
184618
184619
184620
184621
184622
184629
184700
184702
184703
184704
184705
184706
184707
184711
184712
184713
184714
184715
184716
184717
184718
184735
184736
184737
184738
184739
184740
184742
184743
184744
184745
184746
184747
184749
184756
184757
184758
184789
185087
185599
185941
186112
186113
186114
186115
186119
186120
186121
186122
186123
186124
186125
186126
186144
186145
186146
186148
186150
186151
186152
186154
186155
186157
186164
186165
186166
186167
186171
186244
186245
186246
186247
186256
186259
186265
186268
186269
186270
186271
186272
186275
186281
186284
186285
186286
186287
186320
186321
186322
186324
186326
186327
186328
186329
186330
186331
186333
186620
186623
186965
187136
187137
187138
187139
187143
187144
187145
187146
187147
187149
187150
187167
187168
187169
187170
187171
187172
187174
187175
187176
187177
187178
187179
187181
187188
187189
187190
187263
187264
187265
187266
187267
187268
187270
187271
187272
187273
187274
187275
187277
187292
187294
187295
187296
187297
187298
187299
187303
187304
187305
187306
187307
187308
187309
187310
187317
187348
187349
187350
262202
262343
262748
262750
262928
262931
262937
263073
263080
263082
263124
263126
263127
264515
264524
264526
264527
264549
264562
264570
264573
264639
265280
265282
265283
265289
265294
265318
265329
265336
265338
265339
265733
265747
265756
265758
265759
265772
265775
265860
265862
265863
265888
265890
265897
265898
265901
265909
265937
265943
265947
266064
266066
266067
266073
266076
266077
266078
271445
271616
271618
271619
271625
271628
271630
271631
271653
271664
271665
271666
271672
271673
271674
271677
271764
271766
271767
271809
271812
271815
271816
271819
271841
271848
271850
271851
271853
271860
271862
272124
272127
274688
274690
274691
274697
274700
274701
274702
274703
274724
274725
274726
274737
274738
274744
274746
274747
274749
274833
274836
274838
274839
274840
274843
274881
274884
274886
274887
274888
274891
274912
274913
274914
274920
274921
274922
274923
274925
274932
274933
274934
276501
276544
276546
276547
276552
276553
276554
276556
276557
276558
276559
276580
276581
276582
276583
276592
276593
276594
276599
276600
276602
276603
276605
276668
276671
276997
277008
277010
277011
277017
277020
277022
277023
277027
277036
277038
277039
277124
277126
277127
277131
277152
277153
277154
277155
277160
277161
277162
277163
277165
277166
277173
277174
277201
277204
277206
277207
277208
277210
277211
277213
277317
277328
277330
277331
277337
277340
277341
277342
277343
277359
277781
277824
277826
277827
277833
277834
277836
277837
277838
277839
277860
277861
277862
277863
277872
277873
277874
277876
277878
277879
277880
277881
277882
277883
277885
277939
277948
277950
277951
