65556
65606
65611
65647
65811
65815
65818
65859
65863
65864
65865
65866
65880
65881
65900
65901
65980
65982
66588
66589
66600
66601
66636
66637
66638
66652
66653
66654
66659
66663
66664
66665
66666
66739
66744
66745
66746
66830
66847
66850
66854
66855
66858
66859
66895
66911
66912
66913
66914
66916
66917
66918
66923
66992
66993
66994
66996
66998
67003
67315
67319
67322
68605
69647
69664
69665
69668
69669
69670
69675
69680
69681
69684
69685
69744
69745
69746
69748
69749
69750
69755
69775
69792
69793
69794
69796
69797
69798
69803
69808
69809
69812
69813
69936
69937
69938
69940
69941
69942
69943
69946
69947
70000
70002
70003
70006
70007
70008
70009
70010
70011
70028
70029
70030
70031
70046
70047
70048
70049
70050
70051
70052
70053
70054
70055
70056
70058
70059
70351
70367
70368
70369
70370
70372
70373
70374
70379
70707
70711
70712
70713
70714
70771
70775
70776
70777
70778
70780
70781
70782
70787
70792
70793
70794
70796
70797
70798
70808
70809
70812
70813
70814
70819
70823
70824
70825
70826
70828
70829
70968
70969
70972
70973
70974
71036
71037
71038
71039
71040
71041
71042
71043
71044
71045
71046
71047
71048
71049
71050
71051
71058
71059
71062
71063
71064
71065
71066
71067
71068
71069
71084
71085
71086
71087
71363
71367
71368
71369
71370
71372
71373
71374
71379
71383
71384
71385
71386
71388
71389
71390
71395
71399
71400
71401
71402
71404
71405
71406
72652
72653
72654
72668
72669
72670
72671
72674
72675
72678
72679
72680
72681
72682
72683
77808
77809
77810
77812
77813
77814
77819
163599
163620
163621
163632
163633
163634
163635
163638
163639
163640
163641
163642
163643
163645
163712
163713
163716
163717
163718
163719
163723
163728
163729
163730
163731
163735
163736
163737
163738
163739
163740
163741
163742
163756
163758
163759
163781
163792
163793
163794
163796
163797
163798
163799
163802
163803
213199
213221
213232
213233
213234
213235
213239
213240
213241
213242
213243
213245
213573
213584
213585
213586
213587
213591
213592
213593
213594
213595
213597
213615
213765
213776
213777
213778
213779
213783
213784
213785
213786
213787
213789
213807
213839
213861
213872
213873
213874
213875
213879
213880
213881
213882
213883
213885
213903
213925
213936
213937
213938
213939
213943
213944
213945
213946
213947
213949
215109
215120
215121
215122
215123
215126
215127
215128
215129
215130
215131
215133
215151
215311
215333
215344
215345
215346
215347
215351
215352
215353
215354
215355
215357
215429
215440
215441
215442
215443
215447
215448
215449
215450
215451
215453
215471
215493
215504
215505
215506
215507
215511
215512
215513
215514
215515
215517
215535
215759
215781
215792
215793
215794
215795
215799
215800
215801
215802
215803
215805
216324
216325
216326
216336
216337
216338
216339
216343
216344
216345
216346
216347
216348
216349
216350
216364
216366
216367
216399
216421
216432
216433
216434
216435
216439
216440
216441
216442
216443
216444
216445
216446
216460
216462
216463
216484
216485
216486
216496
216497
216498
216499
216500
216502
216503
216504
216505
216506
216507
216509
221253
221264
221265
221266
221267
221271
221272
221273
221274
221275
221277
221295
221452
221454
221455
221476
221477
221478
221488
221489
221490
221491
221492
221494
221495
221496
221497
221498
221499
221501
221572
221573
221574
221584
221585
221586
221587
221591
221592
221593
221594
221595
221596
221597
221598
221612
221614
221615
221637
221648
221649
221650
221651
221652
221654
221655
221656
221657
221658
221659
221661
221679
221903
221925
221936
221937
221938
221939
221943
221944
221945
221946
221947
221948
221949
222988
222990
222991
223012
223013
223014
223024
223025
223026
223027
223028
223030
223031
223032
223033
223034
223035
223037
223108
223109
223110
223120
223121
223122
223123
223127
223128
223129
223130
223131
223132
223133
223134
223148
223150
223151
223173
223184
223185
223186
223187
223188
223190
223191
223192
223193
223194
223195
223197
223215
223439
223461
223472
223473
223474
223475
223479
223480
223481
223482
223483
223484
223485
223486
223813
223824
223825
223826
223827
223828
223830
223831
223832
223833
223834
223835
223837
223855
224004
224005
224006
224016
224017
224018
224019
224023
224024
224025
224026
224027
224028
224029
224030
224044
224046
224047
224079
224101
224112
224113
224114
224115
224119
224120
224121
224122
224123
224124
224125
224126
224140
224142
224143
224164
224165
224166
224176
224177
224178
224179
224180
224182
224183
224184
224185
224186
224187
224189
226565
226576
226577
226578
226579
226583
226584
226585
226586
226587
226589
226607
226639
226660
226661
226672
226673
226674
226675
226676
226678
226679
226680
226681
226682
226683
226685
226703
226725
226736
226737
226738
226739
226743
226744
226745
226746
226747
226749
295053
295079
295083
295417
295421
295476
295478
295580
295582
295596
295598
296910
296911
296932
296933
296934
296945
296948
296950
296951
296955
297011
297017
297021
297105
297111
297115
297157
297168
297170
297171
297176
297177
297178
297199
297477
297491
297497
297519
297584
297586
297592
297594
297648
297650
297656
297658
297809
297815
297819
302896
302898
302899
302904
302905
302906
302908
302909
302910
302992
302993
302994
302996
302998
302999
303000
303002
303003
303044
303045
303046
303056
303058
303059
303063
303064
303065
303066
303067
303068
303069
303070
303084
303086
303087
303308
303310
303311
303329
303332
303333
303334
303339
303344
303345
303346
303348
303349
303350
303351
303355
303681
303684
303685
303686
303687
303691
303699
303705
303708
303709
303710
303711
303715
303721
303724
303725
303726
303727
303889
303892
303893
303894
303899
303939
303944
303945
303946
303948
303949
303950
303968
303969
303970
303972
303974
303975
303976
303978
303979
303988
303989
303990
304060
304062
304063
305172
305173
305174
305219
305225
305228
305229
305230
305248
305249
305250
305252
305254
305255
305259
305269
305340
305342
305343
305471
305557
305600
305601
305602
305607
305608
305610
305611
305631
305632
305634
305635
305640
305641
305642
305645
305727
305813
305856
305857
305858
305863
305864
305866
305867
305887
305888
305890
305891
305896
305897
305898
305901
306497
306500
306502
306507
306524
306525
306526
306540
306542
