32797
32812
32869
32884
32886
33172
33174
33221
33239
33240
33242
33263
33475
33480
33507
33513
34041
34044
34045
34373
34384
34386
34391
34392
34394
34415
34577
34580
34581
34582
34587
34627
34632
34633
34634
34654
34655
34659
34664
34665
34666
34750
34751
35596
35598
35616
35617
35618
35623
35627
35705
35709
35724
35726
35744
35745
35755
37836
37838
37839
37856
37857
37858
37860
37861
37862
37867
37876
37877
37878
39172
39173
39174
39184
39185
39186
39187
39188
39190
39191
39192
39194
39195
39215
39235
39240
39241
39244
39245
39246
39263
39264
39265
39266
39267
39270
39271
39272
39273
39274
39275
39347
39353
39356
39357
39358
40005
40016
40017
40018
40020
40021
40022
40023
40027
40194
40195
40199
40200
40201
40202
40204
40205
40206
40220
40222
40223
40224
40225
40226
40227
40231
40232
40233
40234
40235
40237
40304
40306
40307
40311
40312
40313
40314
40316
40317
40318
40332
40333
40334
40335
40352
40353
40354
40356
40357
40358
40359
40363
40369
40372
40373
40374
40379
40700
40701
40702
40703
44080
44082
44083
44087
44088
44089
44090
44093
44160
44161
44162
44164
44165
44166
44167
44171
44179
44184
44185
44186
44189
44204
44206
44207
44244
44245
44495
44516
44517
44529
44532
44533
44534
44539
44592
44594
44599
44600
44602
44603
44671
44672
44673
44674
44678
44679
44680
44682
44683
44691
44697
44700
44701
44702
44716
44717
44718
118585
118588
118590
118591
118676
118677
118678
118720
118721
118722
118724
118726
118727
118728
118730
118731
118748
118750
118751
118752
118754
118755
118760
118761
118762
118764
118765
118766
124180
124181
124182
124224
124226
124227
124232
124233
124234
124235
124236
124237
124238
124256
124257
124258
124260
124262
124263
124264
124266
124267
124269
124276
124277
124278
124348
124350
124351
126997
127040
127041
127042
127043
127044
127046
127047
127048
127049
127050
127051
127053
127068
127070
127071
127072
127073
127074
127075
127079
127080
127081
127082
127083
127084
127085
127086
127093
127167
127292
127294
127295
127380
127381
127382
127424
127425
127426
127427
127428
127430
127431
127432
127433
127434
127435
127437
127452
127454
127455
127456
127457
127458
127459
127463
127464
127465
127466
127467
127468
127469
127470
127477
127551
127637
127680
127681
127682
127683
127687
127688
127689
127690
127691
127692
127693
127694
127711
127712
127713
127714
127715
127716
127718
127719
127720
127721
127722
127723
127725
127732
127733
127734
128819
128824
128825
128826
128828
128829
128830
128831
128901
128912
128913
128914
128916
128917
128918
128919
128920
128922
128923
128943
128964
128965
128966
128976
128977
128978
128979
128983
128984
128985
128986
128987
128989
129004
129006
129007
129219
129225
129228
129229
129230
129231
129248
129249
129250
129252
129253
129254
129255
129258
129259
129265
129268
129269
129270
129271
129275
129557
129600
129601
129602
129604
129606
129607
129608
129610
129611
129625
129628
129629
129630
129631
129632
129634
129635
129640
129641
129642
129644
129645
129646
129812
129813
129814
129856
129857
129858
129859
129863
129864
129865
129866
129867
129868
129869
129870
129887
129888
129889
129890
129891
129892
129894
129895
129896
129897
129898
129899
129901
129908
129909
129910
129980
129982
129983
192704
192706
192707
192712
192713
192714
192716
192717
192718
192719
192736
192737
192738
192740
192742
192743
192744
192746
192747
192753
192756
192757
192758
192759
192763
193088
193089
193090
193092
193093
193094
193095
193096
193098
193099
193107
193113
193116
193117
193118
193119
193120
193122
193123
193128
193129
193130
193132
193133
193134
193135
193297
193300
193301
193302
193303
193307
193344
193346
193347
193352
193353
193354
193356
193357
193358
193359
193376
193377
193378
193380
193381
193382
193383
193384
193386
193387
193393
193396
193397
193398
193399
193403
193459
193465
193468
193469
193470
193471
194577
194580
194581
194582
194624
194625
194626
194627
194631
194632
194633
194634
194635
194636
194637
194652
194654
194655
194656
194657
194658
194659
194663
194664
194665
194666
194667
194668
194669
194677
194748
194750
194751
194873
194876
194878
194879
194961
194964
194965
194966
194967
194971
195008
195009
195010
195012
195013
195014
195015
195016
195018
195019
195027
195033
195036
195037
195038
195039
195040
195042
195043
195048
195049
195050
195052
195053
195054
195055
195264
195266
195267
195272
195273
195274
195276
195277
195278
195295
195296
195297
195298
195299
195300
195302
195303
195304
195306
195307
195316
195317
195318
195861
195904
195905
195906
195908
195909
195910
195911
195912
195914
195915
195923
195928
195929
195930
195932
195933
195934
195939
195945
195948
195949
195950
195951
262163
262222
262240
262242
262458
262527
262530
262535
262557
262572
262573
262863
262884
262886
263369
263373
263391
263395
263399
263400
263401
263402
263676
263677
263678
263683
263688
263689
263690
263693
263708
263710
263715
263720
263721
263722
263781
263792
263793
263796
263798
263803
263856
263857
263858
263860
263862
263867
265020
265021
265022
265093
265104
265106
265111
265135
265172
265173
267022
267023
267040
267041
267042
267044
267045
267046
267051
267060
267061
267122
267123
267127
267128
267129
267130
267133
267148
267149
267150
267151
267167
267168
267169
267170
267172
267173
267174
267175
267179
267189
268261
268272
268273
268274
268275
268276
268278
268279
268280
268281
268282
268283
268302
268303
268321
268324
268325
268326
268331
268336
268337
268338
268340
268341
268342
268343
268347
268403
268409
268412
268413
268414
268415
268419
268424
268425
268426
268428
268429
268430
268444
268445
268446
268447
268448
268450
268451
268455
268456
268457
268458
268459
268461
268736
268737
268738
268739
268740
268742
268743
268744
268745
268746
268747
268755
268760
268761
268762
268764
268765
268766
268777
268780
268781
268782
268863
268944
268945
268948
268949
268950
268955
268992
268993
268996
268997
268998
269003
269008
269009
269010
269011
269012
269014
269015
269016
269017
269018
269019
269039
273648
273650
273651
273655
273656
273657
273658
273937
273940
273941
273942
273947
273984
273986
273987
273991
273992
273994
273995
274003
274009
274012
274013
274014
274025
274028
274029
274030
274111
274244
274245
274256
274257
274258
274262
274263
274267
274287
