144
217
576
578
589
615
628
835
841
868
870
887
2304
2306
2312
2314
2317
2343
2347
2356
2358
2451
2457
2462
2512
2514
2525
3157
3331
3337
3340
3342
3364
3366
3377
3383
3387
3472
3474
3480
3482
3485
3525
3539
3545
3548
3550
3551
3564
3567
3839
9217
9220
9222
9223
9224
9226
9227
9248
9249
9250
9256
9257
9258
9259
9261
9269
9348
9349
9350
9372
9374
9375
9379
9385
9388
9390
9391
9425
9431
9432
9434
9435
9749
9795
9804
9806
9807
9829
9830
9841
9842
9847
9848
9850
9851
9853
9916
9918
9919
10048
10049
10050
10056
10058
10059
10061
10081
10087
10088
10090
10091
10100
10101
10102
12628
12629
12630
12631
13324
13327
13349
13360
13361
13362
13363
13368
13369
13370
13372
13373
13374
13457
13460
13462
13463
13464
13467
13505
13508
13510
13511
13515
13535
13536
13538
13539
13544
13545
13546
13548
13549
13550
13557
13889
13892
13894
13895
13899
13919
13920
13922
13923
13928
13929
13930
13932
13933
13934
13941
14097
14100
14101
14102
14103
14107
14156
14158
14159
14181
14192
14193
14194
14195
14200
14201
14202
14203
14204
14205
14206
14223
14245
14256
14258
14259
14264
14265
14266
14268
14269
14270
15311
15344
15346
15347
15353
15356
15357
15358
15359
83028
83029
83030
83200
83201
83202
83203
83207
83208
83209
83210
83211
83212
83213
83214
83231
83232
83233
83234
83235
83236
83238
83239
83240
83241
83242
83243
83245
83252
83253
83254
83327
83328
83329
83330
83331
83335
83336
83337
83338
83339
83341
83356
83359
83360
83361
83362
83363
83367
83368
83369
83370
83371
83373
83374
83381
83413
83708
83710
83711
86268
86270
86271
86612
86613
86614
86784
86785
86786
86787
86788
86790
86791
86792
86793
86794
86795
86797
86812
86814
86815
86816
86817
86818
86819
86823
86824
86825
86826
86827
86828
86829
86830
86837
86908
86910
86911
86912
86913
86914
86915
86919
86920
86921
86922
86923
86924
86925
86926
86943
86944
86945
86946
86947
86948
86950
86951
86952
86953
86954
86955
86957
86964
86965
86966
86997
88149
88320
88321
88322
88323
88324
88326
88327
88328
88329
88330
88331
88333
88351
88352
88353
88354
88355
88359
88360
88361
88362
88363
88365
88366
88373
88447
88448
88449
88450
88451
88452
88455
88456
88457
88458
88459
88461
88479
88480
88481
88482
88483
88487
88488
88489
88490
88491
88493
88494
88501
88532
88533
88534
88831
89172
89173
89174
89344
89345
89346
89347
89352
89353
89354
89356
89357
89358
89376
89377
89378
89380
89382
89383
89384
89386
89387
89396
89397
89398
89399
89403
89476
89477
89478
89479
89483
89491
89497
89500
89501
89502
89503
89504
89507
89513
89516
89517
89518
89519
89552
89553
89554
89556
89558
89559
89560
89562
89563
89852
89854
89855
93439
93781
93952
93953
93954
93955
93959
93960
93961
93962
93963
93965
93966
93983
93984
93985
93986
93987
93988
93991
93992
93993
93994
93995
93997
94005
94079
94080
94081
94082
94083
94087
94088
94089
94090
94091
94093
94111
94112
94113
94114
94115
94119
94120
94121
94122
94123
94125
94133
94165
168021
168192
168193
168194
168195
168196
168198
168199
168200
168201
168202
168203
168205
168220
168222
168223
168224
168225
168226
168227
168231
168232
168233
168234
168235
168236
168237
168238
168245
168316
168318
168319
168320
168321
168322
168323
168327
168328
168329
168330
168331
168332
168333
168334
168351
168352
168353
168354
168355
168356
168358
168359
168360
168361
168362
168363
168365
168372
168373
168374
168405
168703
169215
169557
169728
169729
169730
169731
169735
169736
169737
169738
169739
169740
169741
169742
169760
169761
169762
169764
169766
169767
169768
169770
169771
169773
169780
169781
169782
169783
169787
169860
169861
169862
169863
169872
169875
169881
169884
169885
169886
169887
169888
169891
169897
169900
169901
169902
169903
169936
169937
169938
169940
169942
169943
169944
169945
169946
169947
169949
170236
170239
170581
170752
170753
170754
170755
170759
170760
170761
170762
170763
170765
170766
170783
170784
170785
170786
170787
170788
170790
170791
170792
170793
170794
170795
170797
170804
170805
170806
170879
170880
170881
170882
170883
170884
170886
170887
170888
170889
170890
170891
170893
170908
170910
170911
170912
170913
170914
170915
170919
170920
170921
170922
170923
170924
170925
170926
170933
170964
170965
170966
245818
245959
246364
246366
246544
246547
246553
246689
246696
246698
246740
246742
246743
248131
248140
248142
248143
248165
248178
248186
248189
248255
248896
248898
248899
248905
248910
248934
248945
248952
248954
248955
249349
249363
249372
249374
249375
249388
249391
249476
249478
249479
249504
249506
249513
249514
249517
249525
249553
249559
249563
249680
249682
249683
249689
249692
249693
249694
255061
255232
255234
255235
255241
255244
255246
255247
255269
255280
255281
255282
255288
255289
255290
255293
255380
255382
255383
255425
255428
255431
255432
255435
255457
255464
255466
255467
255469
255476
255478
255740
255743
258304
258306
258307
258313
258316
258317
258318
258319
258340
258341
258342
258353
258354
258360
258362
258363
258365
258449
258452
258454
258455
258456
258459
258497
258500
258502
258503
258504
258507
258528
258529
258530
258536
258537
258538
258539
258541
258548
258549
258550
260117
260160
260162
260163
260168
260169
260170
260172
260173
260174
260175
260196
260197
260198
260199
260208
260209
260210
260215
260216
260218
260219
260221
260284
260287
260613
260624
260626
260627
260633
260636
260638
260639
260643
260652
260654
260655
260740
260742
260743
260747
260768
260769
260770
260771
260776
260777
260778
260779
260781
260782
260789
260790
260817
260820
260822
260823
260824
260826
260827
260829
260933
260944
260946
260947
260953
260956
260957
260958
260959
260975
261397
261440
261442
261443
261449
261450
261452
261453
261454
261455
261476
261477
261478
261479
261488
261489
261490
261492
261494
261495
261496
261497
261498
261499
261501
261555
261564
261566
261567
