32769
32792
32844
32863
32871
33074
33079
33155
33160
33161
33162
33180
33182
33193
33509
33525
33987
33991
33992
33994
34012
34013
34014
34028
34029
34291
34296
34297
34298
34316
34318
34335
34336
34337
34338
34342
34343
34347
34418
34423
34424
34426
34447
34465
34468
34469
34470
34485
35647
35729
35732
35734
35739
35792
35793
35798
35803
37635
37640
37641
37642
37644
37645
37660
37661
37662
37663
37667
37671
37672
37673
37674
37677
37711
37729
37732
37733
37734
37744
37745
37748
37749
37750
37755
37808
37809
37810
37812
37814
37815
37818
37819
38851
38856
38857
38860
38861
38862
38863
38879
38880
38881
38882
38883
38884
38886
38887
38888
38889
38890
38891
38901
38963
38968
38969
38970
38972
38973
38974
39040
39041
39042
39044
39045
39046
39047
39051
39056
39057
39058
39059
39062
39063
39064
39065
39066
39067
39084
39086
39087
39121
39124
39125
39126
39131
39372
39373
39374
39391
39392
39393
39394
39395
39396
39398
39399
39400
39402
39403
39475
39479
39480
39481
39482
39484
39485
39486
39551
39552
39553
39554
39555
39556
39557
39558
39559
39560
39562
39563
39570
39571
39575
39576
39577
39578
39580
39581
39596
39597
39598
39599
39637
44284
44285
44286
44609
44612
44613
44614
44624
44625
44626
44630
44631
44632
44634
44635
44655
44817
44820
44821
44822
44864
44865
44866
44870
44871
44874
44875
44883
44888
44889
44890
44893
44908
44909
44910
44991
127205
127216
127218
127219
127224
127225
127226
127228
127229
127230
127568
127569
127570
127572
127574
127575
127576
127578
127579
127748
127749
127750
127760
127762
127763
127768
127769
127770
127772
127773
127774
127788
127790
127791
127856
127858
127859
127864
127865
127866
127868
127869
127870
127884
127886
127887
127908
127909
127910
127920
127921
127922
127924
127926
127927
127928
127930
127931
129092
129093
129094
129104
129105
129106
129107
129110
129111
129112
129113
129114
129115
129117
129134
129135
129292
129294
129295
129316
129317
129318
129328
129329
129330
129331
129332
129334
129335
129336
129338
129339
129341
129412
129413
129414
129424
129426
129427
129432
129433
129434
129436
129437
129438
129452
129454
129455
129488
129489
129490
129492
129494
129495
129496
129498
129499
129743
129765
129776
129777
129778
129779
129783
129784
129785
129786
129787
129788
129789
129790
130309
130320
130321
130322
130323
130324
130326
130327
130328
130330
130331
130351
130371
130377
130380
130381
130382
130383
130399
130400
130401
130402
130404
130405
130406
130407
130408
130410
130411
130417
130420
130421
130422
130482
130483
130488
130489
130490
130492
130493
130494
130495
184076
184078
184079
184100
184101
184102
184112
184113
184114
184115
184116
184118
184119
184120
184122
184123
184125
184196
184197
184198
184208
184209
184210
184211
184215
184216
184217
184218
184219
184220
184221
184222
184236
184238
184239
184261
184272
184273
184274
184275
184276
184278
184279
184280
184281
184282
184283
184285
184303
189700
189701
189712
189713
189714
189715
189719
189720
189721
189722
189723
189724
189725
189726
189742
189743
189775
189797
189808
189809
189810
189811
189815
189816
189817
189818
189819
189820
189821
189822
189836
189838
189839
189860
189861
189862
189872
189873
189874
189875
189876
189878
189879
189880
189881
189882
189883
189885
192581
192592
192593
192594
192595
192599
192600
192601
192602
192603
192605
192623
192783
192805
192816
192817
192818
192819
192823
192824
192825
192826
192827
192829
192901
192912
192913
192914
192915
192919
192920
192921
192922
192923
192925
192943
192965
192976
192977
192978
192979
192983
192984
192985
192986
192987
192989
193007
193231
193253
193264
193265
193266
193267
193271
193272
193273
193274
193275
193277
194313
194316
194317
194318
194319
194337
194340
194341
194342
194343
194347
194352
194353
194354
194356
194357
194358
194359
194363
194431
194432
194433
194434
194435
194436
194438
194439
194440
194442
194443
194451
194457
194460
194461
194462
194463
194466
194467
194472
194473
194474
194476
194477
194478
194516
194517
194518
194800
194802
194803
194808
194809
194810
194812
194813
194814
195141
195152
195153
195154
195155
195156
195158
195159
195160
195162
195163
195183
195332
195333
195334
195344
195345
195346
195347
195351
195352
195353
195354
195355
195356
195357
195358
195372
195374
195375
195407
195429
195440
195441
195442
195443
195447
195448
195449
195450
195451
195453
195470
195471
195492
195493
195504
195505
195506
195507
195508
195510
195511
195512
195513
195514
195515
195517
262257
262322
262327
262463
262549
262596
262598
262611
262617
262858
262878
263422
263761
263764
263766
263771
263941
263952
263954
263959
263960
263962
263983
264012
264013
264014
264032
264033
264034
264038
264039
264043
264115
264121
264124
264125
264963
264969
264973
264991
264995
265000
265002
265075
265080
265082
265103
265124
265125
265126
265140
265141
267248
267249
267250
267251
267255
267256
267257
267258
267259
268565
268608
268609
268610
268612
268614
268615
268618
268619
268627
268632
268633
268634
268636
268637
268638
268652
268653
268654
268655
268735
269333
269376
269377
269378
269380
269382
269383
269384
269386
269387
269395
269400
269401
269402
269404
269405
269406
269411
269417
269420
269421
269422
269423
269503
269583
269604
269605
269606
269616
269617
269618
269620
269621
269622
269623
269624
269626
269627
269695
269696
269697
269698
269699
269700
269702
269703
269704
269705
269706
269707
269715
269721
269724
269725
269726
269727
269731
269736
269737
269738
269740
269741
269742
269781
270031
270053
270064
270065
270066
270067
270068
270070
270071
270072
270073
270074
270075
273423
273441
273444
273445
273446
273457
273460
273461
273462
273467
273532
273534
273535
273539
273544
273545
273546
273549
273564
273566
273567
273568
273570
273571
273575
273576
273577
273578
273581
273868
273869
273870
273888
273889
273890
273894
273895
273899
273971
273977
273980
273981
273982
274052
274053
274064
274065
274066
274071
274072
274074
274075
274095
274128
274129
274132
274133
274134
274139
