32817
32966
32992
32994
33349
33388
33390
33562
33666
33677
33700
33703
33719
33749
35092
35094
35095
35196
35199
35215
35237
35248
35250
35261
35911
35915
35937
35944
35946
35947
35949
35957
36353
36359
36360
36362
36363
36385
36392
36394
36395
36404
36406
36496
36498
36499
36505
36508
36510
36560
36563
36569
36572
36574
36591
36692
36694
36695
42064
42065
42066
42072
42074
42075
42077
42444
42447
42469
42480
42482
42483
42489
42493
42494
42547
42553
42556
42558
42559
42645
42688
42689
42690
42696
42697
42698
42701
42724
42726
42727
42731
42737
42740
42742
42743
42747
45317
45318
45340
45343
45344
45346
45347
45353
45356
45358
45359
45444
45445
45446
45447
45471
45472
45474
45475
45481
45484
45485
45486
45487
45493
45521
45522
45527
45528
45530
45531
45533
47109
47110
47120
47122
47123
47129
47132
47133
47134
47135
47139
47145
47148
47150
47151
47233
47236
47238
47239
47240
47242
47243
47264
47265
47266
47271
47272
47273
47274
47275
47277
47284
47285
47286
47287
47313
47316
47317
47318
47319
47323
47637
47680
47683
47689
47692
47694
47695
47717
47728
47729
47730
47731
47736
47737
47738
47739
47740
47741
47742
47792
47795
47801
47804
47806
47807
47936
47937
47938
47939
47944
47945
47946
47947
47948
47949
47950
47972
47974
47975
47979
47985
47988
47990
47991
47992
47994
47995
48464
48465
48466
48467
48472
48473
48474
48475
48476
48477
48478
48495
118848
118849
118850
118852
118853
118854
118855
118856
118858
118859
118867
118873
118876
118877
118878
118879
118880
118882
118883
118888
118889
118890
118892
118893
118894
119091
119097
119100
119101
119102
119103
119185
119188
119189
119190
119191
119195
119232
119233
119234
119236
119237
119238
119239
119240
119242
119243
119251
119257
119260
119261
119262
119263
119264
119266
119267
119272
119273
119274
119276
119277
119278
119279
119488
119490
119491
119496
119497
119498
119500
119501
119502
119503
119520
119521
119522
119524
119525
119526
119527
119528
119530
119531
119537
119540
119541
119542
119543
119547
120639
120768
120770
120771
120776
120777
120778
120780
120781
120782
120783
120801
120804
120805
120806
120807
120811
120817
120820
120822
120823
120824
120826
120827
120883
120892
120894
120895
120980
120981
120982
121024
121025
121026
121027
121028
121031
121032
121033
121034
121035
121037
121055
121056
121057
121058
121059
121060
121063
121064
121065
121066
121067
121069
121076
121077
121078
121408
121409
121410
121412
121414
121415
121416
121418
121419
121436
121438
121439
121440
121441
121442
121443
121448
121449
121450
121452
121453
121454
121461
121620
121621
121622
121627
121664
121666
121667
121672
121673
121674
121676
121677
121678
121679
121696
121697
121698
121700
121701
121702
121703
121704
121706
121707
121713
121716
121717
121718
121719
121723
121779
121785
121788
121789
121790
121791
197908
197909
197910
197915
197952
197954
197955
197960
197961
197962
197964
197965
197966
197984
197985
197986
197988
197990
197991
197992
197994
197995
198004
198005
198006
198076
198078
198079
200767
200853
200896
200897
200898
200899
200903
200904
200905
200906
200907
200908
200909
200910
200927
200928
200929
200930
200931
200932
200934
200935
200936
200937
200938
200939
200941
200948
200949
200950
201237
201280
201281
201282
201283
201284
201286
201287
201288
201289
201290
201291
201293
201308
201310
201311
201312
201313
201314
201315
201319
201320
201321
201322
201323
201324
201325
201326
201333
201407
201492
201493
201494
201536
201537
201538
201539
201543
201544
201545
201546
201547
201548
201549
201550
201567
201568
201569
201570
201571
201572
201574
201575
201576
201577
201578
201579
201581
201588
201589
201590
201660
201662
201663
202817
202820
202821
202822
202823
202827
202835
202841
202844
202845
202846
202847
202848
202850
202851
202857
202858
202860
202861
202862
202863
203068
203070
203071
203156
203157
203158
203200
203201
203202
203203
203204
203206
203207
203208
203209
203210
203211
203213
203228
203230
203231
203232
203233
203234
203235
203239
203240
203241
203242
203243
203244
203245
203246
203253
203327
203456
203458
203459
203464
203465
203466
203468
203469
203470
203488
203489
203490
203492
203494
203495
203496
203498
203499
203508
203509
203510
203511
203515
204049
204052
204053
204054
204055
204056
204058
204059
204108
204110
204111
204132
204133
204134
204144
204145
204146
204147
204151
204152
204153
204154
204155
204157
204175
204197
204208
204210
204211
204216
204217
204218
204220
204221
204222
204223
208700
208702
208703
208788
208789
208790
208832
208833
208834
208836
208838
208839
208840
208841
208842
208843
208860
208862
208863
208864
208866
208867
208871
208872
208873
208874
208876
208877
208878
278564
278583
278748
278750
278767
279105
279112
279137
279147
279375
279397
279416
279418
279421
279484
279486
280836
280838
280864
280866
280867
280873
280877
280964
280966
280992
280995
281001
281047
281051
281684
281687
281691
281907
281913
281916
281918
281919
282005
282006
282049
282056
282058
282059
282081
282088
282090
282091
282101
282102
282319
282341
282352
282354
282360
282362
282365
287760
287761
287762
287767
287768
287770
287771
287773
287868
287871
287872
287874
287875
287881
287884
287885
287886
287887
287908
287909
287910
287921
287927
287928
287930
287931
288272
288274
288280
288281
288282
288285
288384
288386
288387
288392
288393
288394
288397
288398
288420
288422
288423
288433
288436
288438
288439
288443
288469
288581
288595
288601
288604
288606
288607
288620
288623
291140
291141
291142
291164
291166
291167
291168
291170
291171
291177
291180
291182
291183
292047
292080
292082
292083
292089
292092
292093
292094
292095
292436
292437
292438
292439
292609
292610
292612
292614
292615
292616
292618
292619
292621
292640
292641
292642
292643
292647
292648
292649
292650
292651
292653
292660
292661
292662
292740
292741
292742
292743
292755
292761
292764
292766
292767
292768
292770
292771
292777
292780
292781
292782
292783
292816
292817
292818
292820
292822
292823
292824
292826
292827
292829
293644
293646
293647
293669
293680
293681
293682
293683
293688
293689
293690
293692
293693
293694
293777
293780
293782
293783
293787
293825
293828
293830
293831
293832
293835
293856
293857
293858
293859
293864
293865
293866
293867
293869
293870
293877
