32777
32920
32991
33004
33351
33389
33556
33559
33651
33660
33662
33679
33712
33714
33725
35088
35091
35097
35102
35201
35208
35210
35211
35233
35243
35254
35920
35922
35923
35929
35933
36300
36303
36325
36336
36338
36344
36345
36346
36349
36403
36412
36414
36415
36501
36545
36552
36554
36555
36557
36577
36583
36587
36596
36598
42048
42050
42051
42056
42057
42058
42061
42062
42084
42086
42087
42097
42100
42102
42103
42104
42107
42500
42502
42503
42507
42528
42530
42536
42537
42538
42541
42549
42629
42652
42654
42655
42659
42665
42668
42670
42671
42704
42705
42706
42712
42714
42715
42717
42836
42838
42839
45333
45376
45378
45379
45385
45388
45390
45391
45412
45413
45414
45424
45425
45426
45432
45434
45435
45437
45500
45502
45503
46908
46910
46911
46997
47040
47041
47042
47043
47048
47049
47050
47051
47052
47053
47054
47073
47076
47078
47079
47080
47082
47083
47089
47092
47093
47094
47095
47099
47167
47253
47296
47298
47299
47305
47306
47308
47309
47310
47311
47332
47333
47334
47335
47345
47346
47348
47351
47352
47354
47355
47357
47696
47697
47698
47703
47704
47706
47707
47709
47876
47877
47878
47879
47900
47902
47903
47904
47906
47907
47913
47916
47917
47918
47919
48004
48005
48006
48007
48031
48032
48034
48035
48040
48041
48042
48044
48045
48046
48053
48081
48084
48086
48087
48088
48090
48091
116049
116052
116053
116054
116055
116059
118784
118787
118792
118793
118794
118796
118797
118798
118799
118816
118817
118818
118820
118821
118822
118823
118824
118826
118827
118833
118836
118837
118838
118839
118843
118912
118913
118914
118916
118917
118918
118919
118920
118922
118923
118931
118937
118940
118941
118942
118943
118944
118946
118947
118952
118953
118954
118956
118957
118958
118959
118993
118996
118997
118998
118999
119003
119296
119297
119298
119300
119301
119302
119303
119304
119306
119307
119315
119321
119324
119325
119326
119327
119328
119330
119331
119336
119337
119338
119340
119341
119342
119343
119411
119417
119420
119421
119422
119423
119424
119426
119427
119432
119433
119434
119436
119437
119438
119439
119456
119457
119458
119460
119461
119462
119463
119464
119466
119467
119473
119476
119477
119478
119479
119483
119633
119636
119637
119638
119639
119643
120837
120848
120849
120850
120851
120855
120856
120857
120858
120859
120861
120862
120879
120944
120946
120947
120952
120953
120954
120956
120957
120958
120959
120963
120969
120972
120973
120974
120975
120996
120997
120998
121008
121009
121010
121012
121014
121015
121016
121018
121019
121021
121331
121337
121340
121341
121342
121343
121344
121346
121347
121352
121353
121354
121356
121357
121358
121359
121376
121377
121378
121380
121381
121382
121383
121384
121386
121387
121393
121396
121397
121398
121399
121403
121473
121476
121477
121478
121479
121483
121491
121497
121500
121501
121502
121503
121504
121506
121507
121513
121514
121516
121517
121518
121519
121553
121556
121557
121558
121559
121560
121563
122181
122182
122192
122194
122195
122200
122201
122202
122204
122205
122206
122207
122220
122222
122223
126963
126969
126972
126973
126974
126975
200705
200706
200708
200709
200710
200711
200715
200723
200729
200732
200733
200734
200735
200739
200745
200748
200749
200750
200751
200819
200825
200826
200828
200829
200830
200831
200835
200841
200844
200845
200846
200847
200865
200868
200869
200870
200871
200875
200881
200884
200885
200886
200887
200891
201200
201202
201203
201208
201209
201210
201212
201213
201214
201215
201219
201225
201228
201229
201230
201231
201249
201252
201253
201254
201255
201259
201264
201265
201266
201268
201269
201270
201271
201272
201274
201275
201345
201348
201349
201350
201351
201355
201360
201362
201363
201368
201369
201370
201372
201373
201374
201375
201379
201385
201388
201389
201390
201391
201425
201426
201428
201429
201430
201431
201432
201435
202753
202754
202756
202758
202759
202760
202762
202763
202780
202783
202784
202785
202786
202787
202791
202792
202793
202794
202795
202796
202797
202798
202805
202880
202881
202882
202884
202886
202887
202888
202890
202891
202908
202911
202912
202913
202914
202915
202919
202920
202921
202922
202923
202924
202925
202926
202933
202964
202965
202966
202967
202971
203265
203268
203269
203270
203271
203275
203280
203283
203289
203292
203293
203294
203295
203299
203305
203308
203309
203310
203311
203379
203385
203388
203389
203390
203391
203392
203394
203395
203400
203401
203402
203404
203405
203406
203407
203425
203428
203429
203430
203431
203432
203435
203441
203444
203445
203446
203447
203451
203601
203602
203604
203605
203606
203607
203608
203610
203611
204113
204116
204117
204118
204119
204123
278587
278673
278766
279108
279110
279136
279138
279423
279436
279438
279461
279480
279482
280850
280856
280858
280861
280960
280962
280973
280996
280998
280999
281012
281015
281045
281669
281692
281694
281695
281708
281710
281711
282099
282108
282110
282111
282124
282126
282127
282149
282160
282162
282168
282169
282170
282173
282260
282262
282263
282308
282310
282311
282336
282338
282344
282346
282349
282357
287809
287812
287814
287815
287819
287840
287841
287842
287848
287849
287850
287851
287853
287861
288256
288257
288258
288264
288266
288269
288289
288292
288294
288295
288299
288308
288310
288311
288400
288402
288403
288408
288409
288410
288413
288453
288467
288473
288476
288478
288479
288483
288492
288494
288495
288597
291092
291094
291095
291099
291187
291193
291196
291198
291199
291200
291203
291209
291212
291214
291215
291237
291248
291249
291250
291251
291256
291257
291258
291259
291261
292815
292837
292848
292850
292851
292856
292857
292858
292860
292861
292862
292863
292867
292876
292878
292879
292901
292912
292913
292914
292915
292920
292921
292922
292923
292924
292925
292926
293009
293012
293014
293015
293016
293019
293057
293060
293062
293063
293064
293067
293088
293089
293090
293091
293096
293097
293098
293099
293100
293101
293102
293109
293110
293444
293445
293446
293459
293465
293468
293470
293471
293472
293474
293475
293481
293484
293486
293487
293648
293649
293650
293651
293656
293657
293658
293659
293661
293760
293761
293762
293763
293768
293769
293770
293771
293773
293774
293793
293796
293798
293799
293803
293809
293812
293814
293815
293816
293819
293845
