33596
33599
33728
33731
33740
33743
33776
33779
33788
33791
35840
35843
35852
35855
35888
35891
35897
35900
35902
35903
35989
36032
36034
36035
36041
36044
36046
36047
36069
36080
36082
36083
36089
36092
36094
36095
36437
36608
36610
36611
36617
36620
36622
36623
36645
36656
36658
36659
36665
36668
36670
36671
36757
36800
36802
36803
36809
36812
36814
36815
36837
36848
36850
36851
36857
36860
36862
36863
42325
45056
45058
45059
45065
45068
45070
45071
45093
45104
45106
45107
45113
45116
45118
45119
45205
45248
45250
45251
45257
45260
45262
45263
45285
45296
45298
45299
45305
45308
45310
45311
45653
45824
45826
45827
45833
45836
45838
45839
45861
45872
45874
45875
45881
45882
45884
45885
45886
45887
45973
45974
46016
46017
46018
46019
46025
46026
46028
46029
46030
46031
46053
46054
46064
46065
46066
46067
46073
46074
46076
46077
46078
46079
47445
47446
48128
48129
48130
48131
48137
48138
48140
48141
48142
48143
48165
48166
48176
48177
48178
48179
48185
48186
48188
48189
48190
48191
48276
48277
48278
48320
48321
48322
48323
48328
48329
48330
48331
48332
48333
48334
48335
48356
48357
48358
48359
48368
48369
48370
48371
48376
48377
48378
48379
48380
48381
48382
48383
48724
48725
48726
48727
48896
48897
48898
48899
48904
48905
48906
48907
48908
48909
48910
48911
48932
48933
48934
48935
48944
48945
48946
48947
48952
48953
48954
48955
48956
48957
48958
48959
49044
49045
49046
49047
49088
49089
49090
49091
49096
49097
49098
49099
49100
49101
49102
49103
49124
49125
49126
49127
49136
49137
49138
49139
49144
49145
49146
49147
49148
49149
49150
49151
120145
120148
120149
120150
120151
120152
120155
196609
196612
196613
196614
196615
196619
196627
196633
196636
196637
196638
196639
196643
196649
196652
196653
196654
196655
196723
196729
196732
196733
196734
196735
196736
196738
196739
196744
196745
196746
196748
196749
196750
196751
196768
196769
196772
196773
196774
196775
196779
196785
196788
196789
196790
196791
196795
197107
197113
197116
197117
197118
197119
197123
197129
197132
197133
197134
197135
197152
197153
197154
197156
197157
197158
197159
197160
197162
197163
197169
197172
197173
197174
197175
197179
197249
197252
197253
197254
197255
197256
197258
197259
197267
197273
197276
197277
197278
197279
197280
197282
197283
197288
197289
197290
197292
197293
197294
197295
197329
197332
197333
197334
197335
197339
198643
198649
198652
198653
198654
198655
198659
198665
198668
198669
198670
198671
198688
198689
198692
198693
198694
198695
198696
198698
198699
198705
198708
198709
198710
198711
198715
198784
198785
198786
198788
198789
198790
198791
198792
198794
198795
198803
198809
198812
198813
198814
198815
198816
198818
198819
198825
198828
198829
198830
198831
198865
198868
198869
198870
198871
198875
199168
199169
199170
199172
199173
199174
199175
199176
199178
199179
199187
199193
199196
199197
199198
199199
199200
199202
199203
199208
199209
199210
199212
199213
199214
199215
199283
199289
199292
199293
199294
199295
199296
199298
199299
199304
199305
199306
199308
199309
199310
199311
199329
199332
199333
199334
199335
199336
199338
199339
199345
199348
199349
199350
199351
199355
199505
199508
199509
199510
199511
199515
204787
204793
204796
204797
204798
204799
204800
204802
204803
204808
204809
204810
204812
204813
204814
204815
204832
204833
204834
204836
204837
204838
204839
204840
204842
204843
204849
204852
204853
204854
204855
204859
204929
204932
204933
204934
204935
204939
204947
204953
204956
204957
204958
204959
204960
204962
204963
204969
204972
204973
204974
204975
205009
205012
205013
205014
205015
205019
205313
205316
205317
205318
205319
205323
205331
205337
205340
205341
205342
205343
205344
205346
205347
205352
205353
205354
205356
205357
205358
205359
205427
205433
205436
205437
205438
205439
205443
205448
205449
205450
205452
205453
205454
205455
205472
205473
205474
205476
205477
205478
205479
205480
205482
205483
205489
205492
205493
205494
205495
205499
205649
205652
205653
205654
205655
205659
206848
206849
206850
206852
206853
206854
206855
206856
206858
206859
206867
206873
206876
206877
206878
206879
206880
206882
206883
206889
206892
206893
206894
206895
206963
206969
206972
206973
206974
206975
206976
206978
206979
206985
206988
206989
206990
206991
207008
207009
207010
207012
207013
207014
207015
207016
207018
207019
207025
207028
207029
207030
207031
207035
207347
207353
207356
207357
207358
207359
207363
207368
207369
207370
207372
207373
207374
207375
207392
207393
207394
207396
207397
207398
207399
207400
207402
207403
207409
207412
207413
207414
207415
207419
207488
207489
207490
207492
207493
207494
207495
207499
207507
207513
207516
207517
207518
207519
207520
207522
207523
207528
207529
207530
207532
207533
207534
207535
207569
207572
207573
207574
207575
207579
208209
208212
208213
208214
208215
208219
278528
278530
278536
278538
278688
278690
279040
279042
279072
279074
279208
279210
280576
280577
280578
280583
280587
280607
280608
280610
280611
280617
280621
280703
280707
280713
280717
280736
280737
280738
280743
280744
280746
280747
280757
281096
281098
281120
281122
281128
281130
281141
281216
281217
281218
281223
281227
281247
281248
281250
281251
281256
281257
281258
281261
281301
281941
286721
286724
286725
286726
286727
286728
286730
286731
286739
286745
286748
286749
286750
286751
286755
286760
286761
286762
286764
286765
286766
286767
286844
286846
286847
286851
286856
286857
286860
286861
286862
286863
286880
286881
286882
286884
286885
286886
286887
286891
286897
286900
286901
286902
286903
286907
287228
287230
287231
287235
287240
287241
287242
287244
287245
287246
287265
287268
287270
287271
287275
287284
287285
287286
287360
287361
287362
287364
287366
287367
287371
287388
287390
287391
287395
287401
287402
287404
287405
287406
287444
287445
287446
288767
288768
288770
288771
288777
288781
288801
288807
288811
288821
288897
288903
288904
288906
288907
288927
288928
288930
288931
288936
288937
288938
288941
288980
288981
288982
289280
289281
289282
289284
289286
289287
289291
289308
289310
289311
289312
289314
289315
289321
289324
289325
289326
289404
289406
289407
289411
289417
289420
289421
289422
289441
289444
289446
289447
289451
289460
289461
289462
289620
289621
289622
292177
292180
292181
292182
292183
292187
