16507
16560
16833
16843
16861
16876
16878
17088
17090
17095
17116
17133
17663
18005
18177
18180
18182
18187
18195
18201
18205
18220
18222
18255
18276
18277
18289
18292
18293
18294
18299
18352
18354
18359
18360
18362
19200
19202
19207
19208
19210
19228
19230
19241
19245
19312
19314
19319
19377
19382
19387
21500
21501
21502
21503
22853
22864
22865
22866
22868
22869
22870
22871
22875
23556
23557
23568
23569
23570
23571
23572
23574
23575
23576
23578
23579
23599
23619
23625
23628
23629
23630
23647
23648
23649
23650
23652
23654
23655
23656
23658
23659
23669
23731
23736
23737
23740
23741
23742
23859
23865
23868
23869
23870
23871
23941
23952
23953
23954
23956
23958
23959
23960
23962
23963
23983
24004
24005
24006
24016
24017
24018
24019
24020
24022
24023
24024
24025
24026
24027
24047
24259
24265
24268
24269
24270
24287
24288
24289
24290
24292
24294
24295
24296
24298
24299
24309
27651
27656
27657
27658
27660
27661
27662
27679
27680
27682
27683
27687
27688
27689
27690
27691
27763
27768
27769
27770
27773
27788
27790
27791
27809
27812
27813
27814
27819
27828
27829
27830
28096
28098
28099
28103
28104
28105
28106
28124
28126
28127
28131
28136
28137
28138
28141
28223
28308
28309
28310
28353
28356
28357
28358
28370
28371
28375
28376
28377
28378
28381
28398
28399
101628
101630
101631
101972
101973
101974
102144
102145
102146
102147
102148
102150
102151
102152
102153
102154
102155
102157
102172
102174
102175
102176
102177
102178
102179
102183
102184
102185
102186
102187
102188
102189
102190
102197
102271
102272
102273
102274
102275
102279
102280
102281
102282
102283
102285
102303
102304
102305
102306
102307
102310
102311
102312
102313
102314
102315
102317
102324
102325
102357
107605
107776
107777
107778
107779
107782
107783
107784
107785
107786
107787
107789
107807
107808
107809
107810
107811
107815
107816
107817
107818
107819
107820
107821
107829
107903
107904
107905
107906
107907
107911
107912
107913
107914
107915
107917
107935
107936
107937
107938
107939
107943
107944
107945
107946
107947
107949
107957
107989
108287
110676
110677
110678
110848
110849
110850
110851
110855
110856
110857
110858
110859
110860
110861
110862
110879
110880
110881
110882
110883
110884
110886
110887
110888
110889
110890
110891
110893
110900
110901
110902
110975
110976
110977
110978
110979
110980
110982
110983
110984
110985
110986
110987
110989
111004
111006
111007
111008
111009
111010
111011
111015
111016
111017
111018
111019
111020
111021
111022
111029
111060
111061
111062
111356
111358
111359
111868
111870
111871
112212
112213
112214
112384
112385
112386
112387
112388
112390
112391
112392
112394
112395
112409
112412
112413
112414
112415
112416
112418
112419
112424
112425
112426
112428
112429
112430
112496
112498
112499
112504
112505
112506
112508
112509
112510
112521
112524
112525
112526
112527
112544
112545
112548
112549
112550
112551
112555
112561
112564
112565
112566
112567
112571
112895
113237
113408
113409
113410
113411
113415
113416
113417
113418
113419
113420
113421
113422
113439
113440
113441
113442
113443
113446
113447
113448
113449
113450
113451
113453
113461
113532
113534
113535
113536
113537
113538
113539
113543
113544
113545
113546
113547
113548
113549
113567
113568
113569
113570
113571
113574
113575
113576
113577
113578
113579
113581
113589
113621
176383
176725
176896
176897
176898
176899
176903
176904
176905
176906
176907
176908
176909
176910
176927
176928
176929
176930
176931
176932
176934
176935
176936
176937
176938
176939
176941
176948
176949
176950
177023
177024
177025
177026
177027
177028
177030
177031
177032
177033
177034
177035
177037
177052
177054
177055
177056
177057
177058
177059
177063
177064
177065
177066
177067
177068
177069
177070
177077
177108
177109
177110
178260
178261
178432
178433
178434
178435
178438
178439
178440
178441
178442
178443
178445
178460
178462
178463
178464
178465
178466
178467
178471
178472
178473
178474
178475
178476
178477
178478
178485
178556
178558
178559
178560
178561
178562
178563
178567
178568
178569
178570
178571
178572
178573
178574
178591
178592
178593
178594
178595
178596
178598
178599
178600
178601
178602
178603
178605
178612
178613
178614
178645
178943
179285
179456
179457
179458
179459
179460
179462
179463
179464
179465
179466
179467
179469
179481
179484
179485
179486
179487
179488
179490
179491
179495
179496
179497
179498
179500
179501
179502
179568
179570
179571
179575
179576
179577
179578
179579
179580
179581
179582
179596
179597
179598
179599
179616
179617
179620
179621
179622
179623
179627
179632
179633
179636
179637
179638
179639
179643
179967
245786
245837
246064
246065
246075
246140
246141
246142
246179
246184
246186
246516
246518
246976
246977
246978
246982
246987
246995
247000
247001
247002
247022
247280
247281
247282
247284
247286
247287
247291
247311
247332
247333
247345
247348
247349
247350
247411
247417
247421
247436
247437
247438
247455
247456
247458
247463
247466
247467
248725
248769
248772
248773
248774
248786
248791
248794
248815
250624
250625
250626
250628
250629
250630
250631
250635
250642
250643
250647
250648
250649
250650
250668
250670
250671
250691
250696
250697
250700
250701
250702
250716
250718
250719
250720
250722
250723
250727
250728
250729
250730
250731
250803
250808
250809
250812
250813
250814
251711
251793
251796
251797
251798
251840
251841
251842
251844
251845
251846
251847
251850
251851
251856
251858
251859
251863
251864
251865
251866
251867
251868
251869
251870
251884
251885
251886
251887
251967
252052
252053
252096
252097
252098
252100
252101
252102
252103
252104
252106
252107
252112
252114
252115
252119
252120
252121
252122
252125
252140
252141
252142
252143
252367
252389
252400
252401
252402
252404
252405
252406
252407
252411
252431
252449
252452
252453
252454
252464
252465
252466
252468
252469
252470
252475
252531
252535
252536
252537
252538
252540
252541
252542
252553
252556
252557
252558
252574
252575
252576
252577
252578
252579
252582
252583
252584
252585
252586
252587
257279
257620
257621
257792
257793
257794
257796
257797
257798
257803
257808
257810
257811
257815
257816
257818
257819
257839
257859
257864
257865
257868
257869
257884
257886
257891
257895
257896
257897
257898
257980
257981
257982
