65555
65614
65632
65634
65850
65919
65922
65927
65949
65964
65965
66255
66276
66278
66761
66765
66783
66787
66791
66792
66793
66794
67068
67069
67070
67075
67080
67081
67082
67085
67100
67102
67107
67112
67113
67114
67173
67184
67185
67188
67190
67195
67248
67249
67250
67252
67254
67259
68412
68413
68414
68485
68496
68498
68503
68527
68564
68565
70414
70415
70432
70433
70434
70436
70437
70438
70443
70452
70453
70514
70515
70519
70520
70521
70522
70525
70540
70541
70542
70543
70559
70560
70561
70562
70564
70565
70566
70567
70571
70581
71653
71664
71665
71666
71667
71668
71670
71671
71672
71673
71674
71675
71694
71695
71713
71716
71717
71718
71723
71728
71729
71730
71732
71733
71734
71735
71739
71795
71801
71804
71805
71806
71807
71811
71816
71817
71818
71820
71821
71822
71836
71837
71838
71839
71840
71842
71843
71847
71848
71849
71850
71851
71853
72128
72129
72130
72131
72132
72134
72135
72136
72137
72138
72139
72147
72152
72153
72154
72156
72157
72158
72169
72172
72173
72174
72255
72336
72337
72340
72341
72342
72347
72384
72385
72388
72389
72390
72395
72400
72401
72402
72403
72404
72406
72407
72408
72409
72410
72411
72431
77040
77042
77043
77047
77048
77049
77050
77329
77332
77333
77334
77339
77376
77378
77379
77383
77384
77386
77387
77395
77401
77404
77405
77406
77417
77420
77421
77422
77503
77636
77637
77648
77649
77650
77654
77655
77659
77679
159936
159938
159939
159944
159945
159946
159948
159949
159950
159951
159968
159969
159970
159972
159974
159975
159976
159978
159979
159985
159988
159989
159990
159991
159995
160320
160321
160322
160324
160325
160326
160327
160328
160330
160331
160339
160345
160348
160349
160350
160351
160352
160354
160355
160360
160361
160362
160364
160365
160366
160367
160529
160532
160533
160534
160535
160539
160576
160578
160579
160584
160585
160586
160588
160589
160590
160591
160608
160609
160610
160612
160613
160614
160615
160616
160618
160619
160625
160628
160629
160630
160631
160635
160691
160697
160700
160701
160702
160703
161809
161812
161813
161814
161856
161857
161858
161859
161863
161864
161865
161866
161867
161868
161869
161884
161886
161887
161888
161889
161890
161891
161895
161896
161897
161898
161899
161900
161901
161909
161980
161982
161983
162105
162108
162110
162111
162193
162196
162197
162198
162199
162203
162240
162241
162242
162244
162245
162246
162247
162248
162250
162251
162259
162265
162268
162269
162270
162271
162272
162274
162275
162280
162281
162282
162284
162285
162286
162287
162496
162498
162499
162504
162505
162506
162508
162509
162510
162527
162528
162529
162530
162531
162532
162534
162535
162536
162538
162539
162548
162549
162550
163093
163136
163137
163138
163140
163141
163142
163143
163144
163146
163147
163155
163160
163161
163162
163164
163165
163166
163171
163177
163180
163181
163182
163183
216889
216892
216894
216895
216980
216981
216982
217024
217025
217026
217028
217030
217031
217032
217034
217035
217052
217054
217055
217056
217058
217059
217064
217065
217066
217068
217069
217070
222484
222485
222486
222528
222530
222531
222536
222537
222538
222539
222540
222541
222542
222560
222561
222562
222564
222566
222567
222568
222570
222571
222573
222580
222581
222582
222652
222654
222655
225301
225344
225345
225346
225347
225348
225350
225351
225352
225353
225354
225355
225357
225372
225374
225375
225376
225377
225378
225379
225383
225384
225385
225386
225387
225388
225389
225390
225397
225471
225596
225598
225599
225684
225685
225686
225728
225729
225730
225731
225732
225734
225735
225736
225737
225738
225739
225741
225756
225758
225759
225760
225761
225762
225763
225767
225768
225769
225770
225771
225772
225773
225774
225781
225855
225941
225984
225985
225986
225987
225991
225992
225993
225994
225995
225996
225997
225998
226015
226016
226017
226018
226019
226020
226022
226023
226024
226025
226026
226027
226029
226036
226037
226038
227123
227128
227129
227130
227132
227133
227134
227135
227205
227216
227217
227218
227220
227221
227222
227223
227224
227226
227227
227247
227268
227269
227270
227280
227281
227282
227283
227287
227288
227289
227290
227291
227293
227308
227310
227311
227523
227529
227532
227533
227534
227535
227552
227553
227554
227556
227557
227558
227559
227562
227563
227569
227572
227573
227574
227575
227579
227861
227904
227905
227906
227908
227910
227911
227912
227914
227915
227929
227932
227933
227934
227935
227936
227938
227939
227944
227945
227946
227948
227949
227950
228116
228117
228118
228160
228161
228162
228163
228167
228168
228169
228170
228171
228172
228173
228174
228191
228192
228193
228194
228195
228196
228198
228199
228200
228201
228202
228203
228205
228212
228213
228214
228284
228286
228287
294941
294956
295013
295028
295030
295316
295318
295365
295383
295384
295386
295407
295619
295624
295651
295657
296185
296188
296189
296517
296528
296530
296535
296536
296538
296559
296721
296724
296725
296726
296731
296771
296776
296777
296778
296798
296799
296803
296808
296809
296810
296894
296895
297740
297742
297760
297761
297762
297767
297771
297849
297853
297868
297870
297888
297889
297899
299980
299982
299983
300000
300001
300002
300004
300005
300006
300011
300020
300021
300022
301316
301317
301318
301328
301329
301330
301331
301332
301334
301335
301336
301338
301339
301359
301379
301384
301385
301388
301389
301390
301407
301408
301409
301410
301411
301414
301415
301416
301417
301418
301419
301491
301497
301500
301501
301502
302149
302160
302161
302162
302164
302165
302166
302167
302171
302338
302339
302343
302344
302345
302346
302348
302349
302350
302364
302366
302367
302368
302369
302370
302371
302375
302376
302377
302378
302379
302381
302448
302450
302451
302455
302456
302457
302458
302460
302461
302462
302476
302477
302478
302479
302496
302497
302498
302500
302501
302502
302503
302507
302513
302516
302517
302518
302523
302844
302845
302846
302847
306224
306226
306227
306231
306232
306233
306234
306237
306304
306305
306306
306308
306309
306310
306311
306315
306323
306328
306329
306330
306333
306348
306350
306351
306388
306389
306639
306660
306661
306673
306676
306677
306678
306683
306736
306738
306743
306744
306746
306747
306815
306816
306817
306818
306822
306823
306824
306826
306827
306835
306841
306844
306845
306846
306860
306861
306862
