48
51
149
194
769
778
781
804
806
807
824
827
919
1003
1012
1015
2385
2392
2394
2395
3076
3078
3079
3105
3114
3117
3126
3218
3229
3269
3296
3298
3299
3305
3308
3310
3317
3664
3666
3667
3673
3676
3678
3679
3845
3868
3871
3872
3875
3884
3887
3973
3999
4000
4003
4009
4012
4014
4015
4048
4050
4051
4057
4060
4062
4063
9541
9542
9568
9570
9571
9577
9580
9582
9583
9589
12305
12306
12313
12314
12317
12318
12420
12422
12423
12449
12456
12458
12459
12461
12468
12469
12470
12471
12497
12504
12506
12507
12509
12865
12868
12870
12871
12872
12875
12897
12900
12903
12904
12906
12907
12909
12916
12918
12919
12923
13073
13076
13078
13079
13080
13083
13185
13192
13194
13195
13197
13220
13222
13223
13227
13233
13236
13239
13240
13242
13243
13245
13268
13270
13271
14656
14657
14658
14659
14664
14665
14666
14667
14668
14669
14670
14671
14692
14693
14694
14695
14705
14706
14712
14713
14714
14715
14717
14718
15380
15381
15382
15383
15484
15487
15488
15490
15491
15497
15500
15501
15502
15503
15525
15526
15536
15537
15538
15539
15545
15546
15548
15549
15550
15551
15573
15893
15936
15938
15939
15945
15948
15950
15951
15973
15984
15986
15987
15993
15996
15998
15999
16000
16003
16009
16012
16014
16015
16037
16048
16050
16051
16057
16060
16062
16063
16149
16192
16194
16195
16201
16202
16204
16205
16206
16207
16228
16229
16230
16240
16241
16242
16243
16248
16249
16250
16251
16252
16253
16254
16255
16304
16307
16316
16319
87125
87296
87297
87298
87299
87300
87302
87303
87304
87305
87306
87307
87309
87324
87327
87328
87329
87330
87331
87335
87336
87337
87338
87339
87341
87342
87349
87425
87426
87428
87430
87431
87432
87434
87435
87452
87455
87456
87457
87458
87459
87463
87464
87465
87466
87467
87468
87469
87470
87477
87505
87508
87509
87510
87511
87512
87515
87807
163924
163925
163926
164096
164097
164098
164099
164103
164104
164105
164106
164107
164108
164109
164110
164127
164128
164129
164130
164131
164132
164134
164135
164136
164137
164138
164139
164141
164148
164149
164150
164223
164224
164225
164226
164227
164228
164230
164231
164232
164233
164234
164235
164237
164252
164254
164255
164256
164257
164258
164259
164263
164264
164265
164266
164267
164268
164269
164270
164277
164308
164309
164310
164604
164606
164607
165119
165461
165632
165633
165634
165635
165639
165640
165641
165642
165643
165645
165663
165664
165665
165666
165667
165671
165672
165673
165674
165675
165677
165685
165759
165760
165761
165762
165763
165767
165768
165769
165770
165771
165773
165791
165792
165793
165794
165795
165799
165800
165801
165802
165803
165805
165813
165845
166140
166143
166484
166485
166486
166656
166657
166658
166659
166660
166662
166663
166664
166665
166666
166667
166669
166684
166686
166687
166688
166689
166690
166691
166695
166696
166697
166698
166699
166700
166701
166702
166709
166780
166782
166783
166784
166785
166786
166787
166791
166792
166793
166794
166795
166796
166797
166798
166815
166816
166817
166818
166819
166820
166822
166823
166824
166825
166826
166827
166829
166836
166837
166838
166869
171263
171605
171776
171777
171778
171779
171783
171784
171785
171786
171787
171788
171789
171790
171807
171808
171809
171810
171811
171812
171814
171815
171816
171817
171818
171819
171821
171828
171829
171830
171904
171905
171906
171908
171910
171911
171912
171914
171915
171932
171934
171935
171936
171938
171939
171944
171945
171946
171948
171949
171950
171957
171988
171989
171990
172284
172286
172287
172629
172630
172800
172801
172802
172803
172807
172808
172809
172810
172811
172813
172831
172832
172833
172834
172835
172839
172840
172841
172842
172843
172845
172853
172927
172928
172929
172930
172931
172935
172936
172937
172938
172939
172941
172959
172960
172961
172962
172963
172967
172968
172969
172970
172971
172973
172981
173013
174165
174336
174337
174338
174339
174343
174344
174345
174346
174347
174349
174367
174368
174369
174370
174371
174375
174376
174377
174378
174379
174381
174389
174463
174464
174465
174466
174467
174471
174472
174473
174474
174475
174477
174495
174496
174497
174498
174499
174503
174504
174505
174506
174507
174509
174517
174549
174847
175189
175360
175361
175362
175363
175367
175368
175369
175370
175371
175373
175391
175392
175393
175394
175395
175399
175400
175401
175402
175403
175405
175413
175487
175488
175489
175490
175491
175495
175496
175497
175498
175499
175501
175519
175520
175521
175522
175523
175527
175528
175529
175530
175531
175533
175541
175573
175871
245919
245923
246277
246291
246297
246301
246319
246396
246398
246412
246414
246609
247828
247829
247830
247884
247886
247908
247910
247924
247926
247927
247996
247998
247999
248304
248306
248312
248314
248368
248370
248376
248378
248381
248465
248471
248475
248517
248531
248537
248541
248559
249153
249156
249159
249163
249183
249184
249187
249193
249197
254033
254036
254038
254039
254040
254042
254043
254220
254222
254223
254244
254245
254246
254256
254257
254258
254263
254264
254266
254267
254269
254341
254352
254353
254354
254355
254359
254360
254361
254362
254363
254365
254383
254405
254416
254418
254419
254424
254425
254426
254429
254447
254704
254706
254707
254712
254713
254714
254716
254717
254718
255807
255893
255936
255938
255944
255946
255949
255968
255969
255970
255975
255976
255978
255979
255989
256192
256194
256195
256200
256201
256202
256205
256225
256231
256232
256234
256235
256244
256245
256246
256577
256580
256582
256583
256587
256604
256606
256607
256611
256617
256620
256621
256622
256785
256788
256790
256791
256795
256844
256846
256847
256868
256869
256870
256880
256881
256882
256884
256886
256887
256888
256890
256891
256947
256953
256956
256957
256958
259332
259333
259334
259335
259347
259353
259356
259357
259358
259359
259363
259369
259372
259373
259374
259375
259443
259452
259454
259455
259456
259458
259459
259464
259465
259466
259468
259469
259470
259471
259489
259492
259493
259494
259495
259496
259499
259505
259508
259509
259510
259511
259515
