65567
65660
65662
66032
66034
66040
66042
66096
66098
66195
66201
66205
66223
67520
67522
67527
67528
67530
67551
67554
67555
67560
67561
67562
67565
67776
67777
67778
67783
67784
67786
67787
67807
67811
67817
67821
68113
68123
68172
68174
68193
68196
68198
68212
68213
68214
68284
68286
68421
68435
68441
68463
72959
73301
73472
73473
73474
73475
73476
73478
73479
73480
73481
73482
73483
73500
73502
73503
73504
73506
73507
73512
73513
73514
73516
73517
73518
73587
73593
73596
73597
73598
73599
73603
73609
73612
73613
73614
73615
73632
73633
73634
73636
73637
73638
73639
73642
73643
73649
73652
73653
73654
73659
73983
74325
74496
74497
74498
74499
74503
74504
74505
74506
74507
74509
74524
74526
74527
74528
74530
74531
74536
74537
74538
74541
74611
74617
74620
74621
74622
74623
74627
74633
74636
74637
74638
74656
74657
74658
74660
74662
74663
74667
74676
74677
74678
75844
75845
75846
75859
75864
75865
75866
75869
75884
75886
75887
76047
76069
76080
76081
76082
76087
76088
76090
76091
76164
76165
76166
76176
76178
76179
76184
76185
76186
76189
76204
76206
76207
76241
76244
76245
76246
76247
76251
76495
76517
76528
76529
76530
76535
76536
76538
76539
77073
77076
77078
77079
77083
77123
77129
77132
77133
77134
77153
77156
77158
77159
77163
77172
77173
77244
77245
77246
148236
148238
148239
148260
148261
148262
148272
148273
148274
148276
148278
148279
148280
148282
148283
148356
148357
148358
148368
148370
148371
148376
148377
148378
148380
148381
148382
148396
148398
148399
148432
148433
148434
148436
148438
148439
148440
148442
148443
149764
149765
149766
149776
149778
149779
149784
149785
149786
149788
149789
149790
149804
149806
149807
149872
149874
149875
149880
149881
149882
149884
149885
149886
149900
149902
149903
149924
149925
149926
149936
149937
149938
149940
149942
149943
149944
149946
149947
150608
150609
150610
150612
150614
150615
150616
150618
150619
150621
150796
150798
150799
150820
150821
150822
150832
150833
150834
150835
150836
150838
150839
150840
150841
150842
150843
150845
150916
150917
150918
150928
150929
150930
150931
150935
150936
150937
150938
150939
150940
150941
150942
150956
150958
150959
150981
150992
150993
150994
150995
150996
150998
150999
151000
151001
151002
151003
151005
151023
151247
151269
151280
151281
151282
151283
151288
151289
151290
151291
151292
151293
151294
155908
155909
155910
155920
155921
155922
155923
155927
155928
155929
155930
155931
155932
155933
155934
155948
155950
155951
155983
156005
156016
156017
156018
156019
156023
156024
156025
156026
156027
156028
156029
156030
156044
156046
156047
156068
156069
156070
156080
156081
156082
156083
156084
156086
156087
156088
156089
156090
156091
156093
156879
156901
156912
156913
156914
156915
156919
156920
156921
156922
156923
156924
156925
156926
157253
157264
157265
157266
157267
157268
157270
157271
157272
157273
157274
157275
157277
157295
157444
157445
157446
157456
157457
157458
157459
157463
157464
157465
157466
157467
157468
157469
157470
157484
157486
157487
157519
157541
157552
157553
157554
157555
157559
157560
157561
157562
157563
157564
157565
157566
157580
157582
157583
157604
157605
157606
157616
157617
157618
157619
157620
157622
157623
157624
157625
157626
157627
157629
158476
158478
158479
158500
158501
158502
158512
158513
158514
158515
158516
158518
158519
158520
158521
158522
158523
158525
158596
158597
158598
158608
158609
158610
158611
158615
158616
158617
158618
158619
158620
158621
158622
158636
158638
158639
158661
158672
158673
158674
158675
158676
158678
158679
158680
158681
158682
158683
158685
158703
160837
160848
160849
160850
160851
160852
160854
160855
160856
160857
160858
160859
160861
160879
161036
161038
161039
161060
161061
161062
161072
161073
161074
161076
161078
161079
161080
161082
161083
161153
161156
161157
161158
161159
161163
161168
161170
161171
161176
161177
161178
161180
161181
161182
161187
161193
161196
161197
161198
161199
161232
161233
161234
161236
161237
161238
161239
161243
161520
161522
161523
161528
161529
161530
161532
161533
161534
228592
228594
228595
228600
228601
228602
228604
228605
228606
228933
228944
228945
228946
228947
228948
228950
228951
228952
228954
228955
228975
229124
229125
229126
229136
229137
229138
229139
229143
229144
229145
229146
229147
229148
229149
229150
229164
229166
229167
229196
229198
229199
229216
229217
229220
229221
229222
229227
229232
229233
229234
229236
229237
229238
229239
229242
229243
229263
229285
229296
229297
229298
229299
229302
229303
229304
229305
229306
229307
229308
229309
294934
294999
295002
295176
295177
295244
295245
295246
295262
295267
295271
295272
295274
295352
295353
295676
295678
295951
295967
295968
295969
295970
295974
295979
296037
296049
296052
296053
296112
296113
296116
296117
296118
296123
296240
296241
296242
296246
296251
296307
296311
296312
296313
296314
296332
296333
296334
296350
296351
296354
296355
296359
296360
296362
296655
296672
296673
296674
296676
296677
296678
296683
297975
299064
299065
299068
299069
299070
299132
299133
299134
299135
299139
299143
299144
299145
299146
299155
299159
299160
299161
299162
299180
299181
299182
299327
299391
299392
299393
299394
299396
299397
299398
299403
299408
299409
299410
299412
299413
299414
299419
299439
299461
299472
299473
299476
299477
299478
299483
299712
299713
299714
299716
299717
299718
299719
299722
299723
299728
299729
299730
299731
299734
299735
299736
299738
299739
299758
299759
300224
300225
300226
300227
300228
300229
300230
300231
300232
300233
300234
300235
300240
300241
300242
300243
300246
300247
300248
300249
300250
300251
300268
300269
300270
300271
300483
300488
300489
300492
300493
300494
300495
300508
300509
300510
300511
300512
300513
300514
300515
300518
300519
300520
300521
300522
300523
300525
300595
300599
300600
300601
300602
300604
300605
300606
300668
300669
300670
300671
300674
300675
300679
300680
300681
300682
300684
300685
300691
300695
300696
300697
300698
300700
300701
300702
300707
300712
300713
300716
300717
300718
301886
301887
301951
301952
301953
301954
301956
301957
301958
301963
301968
301969
301970
301972
301973
301974
301975
301979
301999
302032
302033
302036
302037
307144
307145
307148
307149
307164
307165
307166
307171
307175
307176
307177
307178
307181
