129
139
213
516
518
556
558
639
643
649
653
852
854
2064
2066
2067
2072
2073
2074
2077
2163
2169
2173
2191
2213
2224
2225
2226
2231
2232
2234
2235
2556
2558
2572
2574
2596
2598
2612
2614
2615
2693
2707
2713
2717
2735
2769
2775
2779
3408
3410
3416
3418
8213
8256
8257
8258
8259
8263
8264
8265
8266
8267
8269
8288
8289
8290
8295
8296
8298
8299
8301
8308
8309
8310
8383
8640
8642
8643
8649
8652
8653
8654
8673
8676
8678
8679
8683
8692
8693
8694
8764
8766
8767
8852
8853
8854
8896
8897
8898
8900
8902
8903
8904
8906
8907
8924
8926
8927
8928
8930
8931
8936
8937
8938
8940
8941
8942
10191
10213
10224
10225
10226
10232
10234
10235
10288
10290
10291
10296
10297
10298
10301
10384
10385
10386
10391
10392
10394
10395
10437
10448
10450
10451
10457
10460
10461
10462
10479
10769
10772
10774
10775
10779
10828
10830
10831
10852
10853
10854
10865
10868
10870
10871
10875
10931
10937
10940
10941
10942
11073
11076
11077
11078
11079
11083
11091
11097
11100
11101
11102
11103
11107
11113
11116
11117
11118
11119
13589
13632
13633
13634
13635
13639
13640
13641
13642
13643
13645
13663
13664
13665
13666
13667
13671
13672
13673
13674
13675
13677
13685
13759
81941
81984
81985
81986
81987
81988
81990
81991
81992
81993
81994
81995
81997
82012
82014
82015
82016
82017
82018
82019
82023
82024
82025
82026
82027
82028
82029
82030
82037
82111
82236
82238
82239
82324
82325
82326
82368
82369
82370
82371
82372
82374
82375
82376
82377
82378
82379
82381
82396
82398
82399
82400
82401
82402
82403
82407
82408
82409
82410
82411
82412
82413
82414
82421
82495
82581
82624
82625
82626
82627
82631
82632
82633
82634
82635
82636
82637
82638
82655
82656
82657
82658
82659
82660
82662
82663
82664
82665
82666
82667
82669
82676
82677
82678
83772
83774
83775
83860
83861
83862
83904
83905
83906
83908
83910
83911
83912
83914
83915
83932
83934
83935
83936
83938
83939
83944
83945
83946
83948
83949
83950
84160
84162
84163
84168
84169
84170
84172
84173
84174
84191
84192
84193
84194
84196
84198
84199
84200
84201
84202
84203
84212
84213
84214
84501
84544
84545
84546
84547
84548
84550
84551
84552
84553
84554
84555
84557
84572
84574
84575
84576
84577
84578
84579
84583
84584
84585
84586
84587
84588
84589
84590
84597
84671
84756
84757
84758
84800
84801
84802
84803
84807
84808
84809
84810
84811
84812
84813
84814
84831
84832
84833
84834
84835
84836
84838
84839
84840
84841
84842
84843
84845
84852
84853
84854
84924
84926
84927
89916
89918
89919
90004
90005
90006
90048
90049
90050
90051
90052
90054
90055
90056
90057
90058
90059
90061
90079
90080
90081
90082
90083
90087
90088
90089
90090
90091
90093
90094
90101
90175
90261
90304
90305
90306
90307
90311
90312
90313
90314
90315
90316
90317
90318
90335
90336
90337
90338
90339
90340
90342
90343
90344
90345
90346
90347
90349
90356
90357
90358
90688
90689
90690
90692
90694
90695
90696
90698
90699
90716
90718
90719
90720
90722
90723
90728
90729
90730
90732
90733
90734
90741
90900
90901
90902
90944
90946
90947
90952
90953
90954
90956
90957
90958
90976
90977
90978
90980
90982
90983
90984
90986
90987
90996
90997
90998
91068
91070
91071
92224
92225
92226
92228
92230
92231
92232
92234
92235
92252
92254
92255
92256
92258
92259
92264
92265
92266
92268
92269
92270
92476
92478
92479
92564
92565
92566
92608
92609
92610
92612
92614
92615
92616
92618
92619
92636
92638
92639
92640
92642
92643
92648
92649
92650
92652
92653
92654
92864
92866
92867
92872
92873
92874
92876
92877
92878
92896
92897
92898
92900
92902
92903
92904
92906
92907
92916
92917
92918
93460
93461
93462
93504
93506
93507
93512
93513
93514
93516
93517
93518
93536
93537
93538
93540
93542
93543
93544
93546
93547
93556
93557
93558
93628
93630
93631
169236
169237
169238
169280
169281
169282
169283
169288
169289
169290
169292
169293
169294
169313
169314
169316
169317
169318
169319
169320
169322
169323
169329
169332
169333
169334
169335
169336
169339
169404
169406
169407
245823
245952
245955
245964
246002
246009
246014
246357
246530
246537
246758
246769
246778
246781
248148
248150
248833
248840
248842
248843
248845
248868
248870
248871
248881
248888
248890
248891
248893
248980
248982
248983
249032
249035
249060
249063
249080
249083
249428
249431
249432
249435
249604
249607
249633
249640
249643
249652
249654
249655
249745
249752
249754
249755
249757
249796
249798
249799
249825
249832
249834
249835
249837
249844
249846
249847
255313
255320
255322
255323
255325
258052
258054
258055
258081
258082
258088
258090
258091
258093
258100
258101
258102
258103
258193
258194
258200
258201
258202
258205
258206
258245
258246
258272
258273
258274
258275
258281
258282
258284
258285
258286
258287
258293
258294
258640
258641
258642
258643
258649
258650
258652
258653
258654
258655
258821
258848
258850
258851
258857
258860
258862
258863
258869
258960
258962
258963
258969
258972
258974
258975
259013
259027
259036
259039
259040
259042
259043
259049
259052
259054
259055
259061
260421
260432
260434
260435
260441
260444
260446
260447
260448
260451
260460
260463
261125
261136
261138
261139
261145
261148
261150
261151
261152
261154
261155
261161
261164
261166
261167
261173
261253
261264
261266
261267
261273
261276
261278
261279
261280
261282
261283
261289
261292
261294
261295
261301
261317
261328
261330
261331
261337
261340
261342
261343
261344
261347
261353
261356
261358
261359
261701
261712
261715
261724
261727
261728
261730
261731
261737
261740
261742
261743
261749
261904
261905
261906
261907
261913
261914
261916
261917
261918
261919
261932
261935
262020
262021
262022
262023
262048
262049
262050
262051
262056
262057
262058
262059
262060
262061
262062
262063
262069
262070
262096
262097
262098
262099
262104
262105
262106
262107
262108
262109
262110
262111
