276
277
320
321
324
325
336
337
340
341
1024
1025
1028
1029
1040
1041
1044
1045
1046
1051
1088
1089
1090
1092
1093
1094
1099
1104
1105
1106
1108
1109
1110
1115
1135
1215
1280
1281
1282
1284
1285
1286
1291
1296
1297
1298
1300
1301
1302
1307
1327
1344
1345
1346
1348
1349
1350
1355
1360
1361
1362
1364
1365
1366
1371
1391
1471
1791
4096
4097
4098
4100
4101
4102
4107
4112
4113
4114
4116
4117
4118
4123
4143
4160
4161
4162
4164
4165
4166
4171
4176
4177
4178
4180
4181
4182
4187
4207
4287
4352
4353
4354
4356
4357
4358
4363
4368
4369
4370
4372
4373
4374
4375
4378
4379
4399
4416
4417
4418
4419
4420
4421
4422
4423
4426
4427
4432
4433
4434
4435
4436
4437
4438
4439
4442
4443
4462
4463
4542
4543
4863
5120
5121
5122
5123
5124
5125
5126
5127
5130
5131
5136
5137
5138
5139
5140
5141
5142
5143
5146
5147
5166
5167
5184
5185
5186
5187
5188
5189
5190
5191
5192
5193
5194
5195
5200
5201
5202
5203
5204
5205
5206
5207
5208
5209
5210
5211
5228
5229
5230
5231
5308
5310
5311
5376
5377
5378
5379
5380
5381
5382
5383
5384
5385
5386
5387
5392
5393
5394
5395
5396
5397
5398
5399
5400
5401
5402
5403
5420
5421
5422
5423
5440
5441
5442
5443
5444
5445
5446
5447
5448
5449
5450
5451
5456
5457
5458
5459
5460
5461
5462
5463
5464
5465
5466
5467
5484
5485
5486
5487
5564
5565
5566
5567
5884
5885
5886
5887
7166
7167
12287
98291
98296
98297
98300
98301
98302
98303
229379
229385
229388
229389
229390
229391
229408
229409
229410
229412
229413
229414
229415
229419
229425
229428
229429
229430
229431
229435
229504
229505
229506
229508
229509
229510
229511
229512
229514
229515
229523
229529
229532
229533
229534
229535
229539
229545
229548
229549
229550
229551
229585
229588
229589
229590
229591
229595
229888
229889
229890
229892
229893
229894
229895
229896
229898
229899
229907
229913
229916
229917
229918
229919
229923
229928
229929
229932
229933
229934
229935
230003
230009
230012
230013
230014
230015
230019
230024
230025
230026
230028
230029
230030
230031
230048
230049
230050
230052
230053
230054
230055
230056
230058
230059
230065
230068
230069
230070
230071
230075
230225
230228
230229
230230
230231
230235
231424
231425
231426
231428
231429
231430
231431
231435
231443
231449
231452
231453
231454
231455
231459
231464
231465
231466
231468
231469
231470
231471
231539
231545
231548
231549
231550
231551
231552
231554
231555
231560
231561
231562
231564
231565
231566
231567
231584
231585
231586
231588
231589
231590
231591
231592
231594
231595
231601
231604
231605
231606
231607
231611
231923
231929
231932
231933
231934
231935
231939
231944
231945
231946
231948
231949
231950
231951
231969
231972
231973
231974
231975
231976
231978
231979
231985
231988
231989
231990
231991
231995
232064
232065
232066
232068
232069
232070
232071
232072
232074
232075
232083
232089
232092
232093
232094
232095
232096
232098
232099
232104
232105
232106
232108
232109
232110
232111
232145
232148
232149
232150
232151
232155
232785
232788
232789
232790
232791
232795
237569
237572
237573
237574
237575
237579
237587
237593
237596
237597
237598
237599
237603
237608
237609
237610
237612
237613
237614
237615
237683
237689
237692
237693
237694
237695
237696
237698
237699
237704
237705
237706
237708
237709
237710
237711
237729
237732
237733
237734
237735
237739
237745
237748
237749
237750
237751
237755
238067
238073
238076
238077
238078
238079
238080
238082
238083
238088
238089
238090
238092
238093
238094
238095
238113
238116
238117
238118
238119
238120
238122
238123
238129
238132
238133
238134
238135
238139
238208
238209
238210
238212
238213
238214
238215
238216
238218
238219
238227
238233
238236
238237
238238
238239
238240
238243
238248
238249
238250
238252
238253
238254
238255
238289
238292
238293
238294
238295
238299
239603
239609
239612
239613
239614
239615
239616
239618
239619
239624
239625
239626
239628
239629
239630
239631
239648
239649
239650
239652
239653
239654
239655
239656
239658
239659
239665
239668
239669
239670
239671
239675
239744
239745
239746
239748
239749
239750
239751
239752
239754
239755
239763
239769
239772
239773
239774
239775
239776
239778
239779
239784
239785
239786
239788
239789
239790
239791
239825
239828
239829
239830
239831
239835
240128
240129
240130
240132
240133
240134
240135
240136
240138
240139
240147
240153
240156
240157
240158
240159
240160
240162
240163
240168
240169
240170
240172
240173
240174
240175
240243
240249
240252
240253
240254
240255
240259
240265
240268
240269
240270
240271
240288
240289
240290
240292
240293
240294
240295
240299
240305
240308
240309
240310
240311
240315
240465
240468
240469
240470
240471
240475
243025
243028
243029
243030
243031
243035
311304
311306
311328
311330
311336
311338
311424
311426
311432
311434
311456
311458
311808
311810
311848
311850
313343
313344
313346
313347
313352
313353
313354
313357
313376
313377
313378
313383
313384
313386
313387
313397
313473
313479
313480
313482
313483
313503
313504
313506
313507
313512
313513
313514
313517
313557
313856
313858
313864
313866
313887
313983
313984
313986
313987
313992
313993
313994
313997
314017
314023
314027
314037
319475
319481
319484
319485
319486
319487
319488
319490
319491
319497
319500
319501
319502
319503
319521
319524
319525
319526
319527
319531
319537
319540
319541
319542
319543
319547
319617
319620
319621
319622
319623
319627
319635
319641
319644
319645
319646
319647
319651
319657
319660
319661
319662
319663
319700
319701
319702
320001
320004
320006
320007
320008
320010
320011
320028
320030
320031
320035
320040
320041
320042
320044
320045
320046
320124
320126
320127
320131
320136
320137
320138
320140
320141
320142
320161
320164
320166
320167
320171
320180
320181
320182
320340
320341
320342
321536
321537
321538
321543
321544
321546
321547
321567
321571
321576
321577
321578
321581
321660
321662
321663
321664
321666
321667
321673
321677
321696
321697
321698
321703
321704
321706
321707
321717
322044
322046
322047
322051
322057
322058
322060
322061
322062
322080
322081
322082
322084
322086
322087
322088
322090
322091
322100
322101
322102
322177
322180
322182
322183
322187
322204
322206
322207
322208
322210
322211
322216
322217
322218
322220
322221
322222
322260
322261
322262
322901
