0
2
32
34
128
130
136
138
160
162
512
514
672
674
2047
2048
2050
2051
2057
2061
2080
2081
2082
2087
2091
2101
2176
2177
2178
2183
2187
2207
2208
2210
2211
2216
2217
2218
2221
2261
2560
2562
2591
2600
2602
2687
2691
2696
2697
2698
2701
2720
2721
2722
2727
2728
2730
2731
2741
8179
8185
8188
8189
8190
8191
8192
8194
8195
8200
8201
8202
8204
8205
8206
8207
8224
8225
8226
8228
8229
8230
8231
8235
8241
8244
8245
8246
8247
8251
8321
8324
8325
8326
8327
8331
8339
8345
8348
8349
8350
8351
8352
8354
8355
8360
8361
8364
8365
8366
8367
8404
8405
8406
8704
8705
8706
8708
8710
8711
8712
8714
8715
8732
8734
8735
8736
8738
8739
8745
8748
8749
8750
8828
8830
8831
8832
8834
8835
8841
8844
8845
8846
8865
8868
8870
8871
8875
8884
8885
8886
9044
9045
9046
10240
10241
10242
10247
10248
10250
10251
10271
10275
10281
10285
10364
10366
10367
10368
10370
10371
10376
10377
10378
10381
10401
10407
10408
10410
10411
10421
10748
10750
10751
10755
10760
10761
10762
10764
10765
10766
10785
10786
10788
10790
10791
10792
10794
10795
10804
10805
10806
10881
10884
10886
10887
10891
10908
10910
10911
10915
10920
10921
10922
10924
10925
10926
10964
10965
10966
11605
81920
81922
81923
81929
81932
81933
81934
81935
81952
81953
81954
81956
81957
81958
81959
81963
81969
81972
81973
81974
81975
81979
82048
82049
82050
82052
82053
82054
82055
82059
82067
82073
82076
82077
82078
82079
82080
82082
82083
82089
82092
82093
82094
82095
82129
82132
82133
82134
82135
82139
82432
82433
82434
82436
82437
82438
82439
82440
82442
82443
82451
82457
82460
82461
82462
82463
82464
82466
82467
82472
82473
82474
82476
82477
82478
82479
82547
82553
82556
82557
82558
82559
82563
82568
82569
82570
82572
82573
82574
82575
82592
82593
82594
82596
82597
82598
82599
82603
82609
82612
82613
82614
82615
82619
82769
82772
82773
82774
82775
82779
83969
83972
83973
83974
83975
83979
83987
83993
83996
83997
83998
83999
84000
84002
84003
84008
84009
84010
84012
84013
84014
84015
84083
84089
84092
84093
84094
84095
84096
84098
84099
84105
84108
84109
84110
84111
84129
84132
84133
84134
84135
84139
84145
84148
84149
84150
84151
84155
84467
84473
84476
84477
84478
84479
84483
84489
84492
84493
84494
84495
84512
84513
84514
84516
84517
84518
84519
84520
84522
84523
84529
84532
84533
84534
84535
84539
84609
84612
84613
84614
84615
84616
84618
84619
84627
84633
84636
84637
84638
84639
84640
84642
84643
84649
84652
84653
84654
84655
84689
84692
84693
84694
84695
84699
85329
85332
85333
85334
85335
85339
90112
90113
90114
90116
90117
90118
90119
90123
90131
90137
90140
90141
90142
90143
90144
90146
90147
90152
90153
90154
90156
90157
90158
90159
90227
90233
90236
90237
90238
90239
90243
90249
90252
90253
90254
90255
90272
90273
90274
90276
90277
90278
90279
90280
90282
90283
90289
90292
90293
90294
90295
90299
90611
90617
90620
90621
90622
90623
90624
90626
90627
90633
90636
90637
90638
90639
90657
90660
90661
90662
90663
90664
90666
90667
90673
90676
90677
90678
90679
90683
90752
90753
90754
90756
90757
90758
90759
90760
90762
90763
90771
90777
90780
90781
90782
90783
90784
90786
90787
90792
90793
90794
90796
90797
90798
90799
90833
90836
90837
90838
90839
90843
92147
92153
92156
92157
92158
92159
92160
92162
92163
92168
92169
92170
92172
92173
92174
92175
92192
92193
92194
92196
92197
92198
92199
92200
92202
92203
92209
92212
92213
92214
92215
92219
92289
92292
92293
92294
92295
92299
92307
92313
92316
92317
92318
92319
92323
92328
92329
92330
92332
92333
92334
92335
92369
92372
92373
92374
92375
92379
92672
92673
92674
92676
92677
92678
92679
92680
92682
92683
92691
92697
92700
92701
92702
92703
92704
92706
92707
92712
92713
92714
92716
92717
92718
92719
92787
92793
92796
92797
92798
92799
92800
92802
92803
92808
92809
92810
92812
92813
92814
92815
92833
92836
92837
92838
92839
92840
92842
92843
92849
92852
92853
92854
92855
92859
93009
93012
93013
93014
93015
93019
95569
95572
95573
95574
95575
95579
245747
245752
245753
245756
245757
245758
245759
311572
311573
311616
311617
311620
311621
311632
311633
311636
311637
312320
312321
312324
312325
312336
312337
312340
312341
312342
312347
312384
312385
312386
312388
312389
312390
312395
312400
312401
312402
312404
312405
312406
312411
312431
312511
312576
312577
312578
312580
312581
312582
312587
312592
312593
312594
312596
312597
312598
312603
312623
312640
312641
312642
312644
312645
312646
312651
312656
312657
312658
312660
312661
312662
312667
312687
312767
313087
315392
315393
315394
315396
315397
315398
315403
315408
315409
315410
315412
315413
315414
315419
315439
315456
315457
315458
315460
315461
315462
315467
315472
315473
315474
315476
315477
315478
315483
315503
315583
315648
315649
315650
315652
315653
315654
315659
315664
315665
315666
315668
315669
315670
315671
315674
315675
315695
315712
315713
315714
315715
315716
315717
315718
315719
315722
315723
315728
315729
315730
315731
315732
315733
315734
315735
315738
315739
315758
315759
315838
315839
316159
316416
316417
316418
316419
316420
316421
316422
316423
316426
316427
316432
316433
316434
316435
316436
316437
316438
316439
316442
316443
316462
316463
316480
316481
316482
316483
316484
316485
316486
316487
316488
316489
316490
316491
316496
316497
316498
316499
316500
316501
316502
316503
316504
316505
316506
316507
316524
316525
316526
316527
316604
316606
316607
316672
316673
316674
316675
316676
316677
316678
316679
316680
316681
316682
316683
316688
316689
316690
316691
316692
316693
316694
316695
316696
316697
316698
316699
316716
316717
316718
316719
316736
316737
316738
316739
316740
316741
316742
316743
316744
316745
316746
316747
316752
316753
316754
316755
316756
316757
316758
316759
316760
316761
316762
316763
316780
316781
316782
316783
316860
316861
316862
316863
317180
317181
317182
317183
318462
318463
323583
