65581
65679
65718
65997
66017
66023
66027
66108
66110
66193
66245
66264
66266
66287
67343
67365
67377
67382
67383
67387
67456
67457
67458
67462
67463
67467
67484
67485
67486
67500
67501
67502
67541
67824
67826
67832
67834
68164
68165
68166
68179
68184
68185
68189
68207
68372
68374
68419
68425
68429
68448
68450
68455
68458
72764
72765
72766
72767
72848
72849
72850
72852
72853
72854
72855
72859
72900
72901
72902
72912
72914
72915
72919
72920
72921
72922
72923
72925
72940
72942
72943
73216
73217
73218
73220
73222
73223
73224
73226
73227
73235
73241
73244
73245
73246
73247
73251
73256
73257
73258
73260
73261
73262
73263
73328
73330
73331
73335
73336
73337
73338
73339
73341
73356
73358
73359
73377
73380
73381
73382
73392
73393
73394
73396
73397
73398
73399
73402
73403
73556
73557
73558
74691
74696
74697
74698
74700
74701
74702
74719
74720
74721
74722
74726
74727
74728
74730
74731
74741
76048
76049
76050
76052
76054
76055
76059
76099
76105
76108
76109
76110
76127
76128
76129
76130
76132
76134
76135
76136
76138
76139
76149
76220
76221
76222
76223
76868
76869
76870
76880
76882
76883
76887
76888
76889
76890
76911
77068
77070
77071
77092
77093
77094
77105
77108
77109
77110
77115
77183
77184
77186
77191
77192
77194
77195
77212
77214
77215
77219
77224
77225
77229
77555
77560
77561
77562
77565
150528
150530
150531
150536
150537
150538
150540
150541
150542
150560
150561
150562
150564
150566
150567
150568
150570
150571
150580
150581
150582
150656
150657
150658
150660
150662
150663
150664
150666
150667
150681
150684
150686
150687
150688
150690
150691
150696
150697
150698
150700
150701
150702
150703
150737
150740
150741
150742
150743
150747
151040
151041
151042
151044
151045
151046
151047
151048
151050
151051
151059
151065
151068
151069
151070
151071
151072
151074
151075
151080
151081
151082
151084
151085
151086
151087
151155
151161
151164
151165
151166
151167
151168
151170
151171
151176
151177
151178
151180
151181
151182
151183
151200
151201
151202
151204
151205
151206
151207
151208
151210
151211
151217
151220
151221
151222
151223
151227
151377
151380
151381
151382
151383
151387
156673
156676
156677
156678
156679
156683
156691
156697
156700
156701
156702
156703
156707
156713
156716
156717
156718
156719
156787
156793
156796
156797
156798
156799
156803
156809
156812
156813
156814
156815
156833
156836
156837
156838
156839
156843
156849
156852
156853
156854
156855
156859
157171
157177
157180
157181
157182
157183
157184
157186
157187
157192
157193
157196
157197
157198
157199
157217
157220
157221
157222
157223
157226
157227
157233
157236
157237
157238
157239
157243
157313
157316
157317
157318
157319
157323
157331
157337
157340
157341
157342
157343
157347
157353
157356
157357
157358
157359
157393
157396
157397
157398
157399
157403
160081
160084
160085
160086
160087
160091
160771
160777
160780
160781
160782
160783
160800
160801
160804
160805
160806
160807
160810
160811
160817
160820
160821
160822
160823
160827
160896
160897
160898
160900
160901
160902
160903
160904
160906
160907
160915
160921
160924
160925
160926
160927
160928
160930
160931
160936
160937
160938
160940
160941
160942
160943
160977
160980
160981
160982
160983
160987
161276
161278
161279
161280
161281
161282
161283
161287
161288
161289
161290
161291
161293
161308
161310
161311
161312
161313
161314
161315
161319
161320
161321
161322
161323
161325
161333
161404
161406
161407
161408
161410
161411
161416
161417
161418
161420
161421
161422
161439
161440
161441
161442
161443
161444
161446
161447
161448
161450
161451
161460
161461
161462
161621
162803
162809
162812
162813
162814
162815
226300
226302
226303
227668
227669
227670
228352
228353
228354
228356
228358
228359
228360
228362
228363
228380
228382
228383
228384
228386
228387
228392
228393
228394
228396
228397
228398
228467
228473
228476
228477
228478
228479
228480
228482
228483
228488
228489
228490
228492
228493
228494
228495
228512
228513
228514
228516
228518
228519
228520
228522
228523
228529
228532
228533
228534
228815
228836
228837
228848
228849
228850
228851
228852
228853
228854
228855
228856
228857
228858
228859
228879
228900
228901
228902
228912
228913
228914
228915
228916
228918
228919
228920
228922
228923
228992
228993
228994
228996
228997
228998
228999
229002
229003
229010
229011
229016
229017
229018
229020
229021
229022
229023
229027
229033
229036
229037
229038
229039
229073
229076
229077
229078
229079
229083
294959
294984
295005
295199
295200
295202
295211
295280
295281
295284
295286
295291
295348
295349
295667
295672
295674
295987
295992
295993
296063
296067
296071
296072
296074
296089
296108
296109
296110
296384
296385
296386
296388
296389
296390
296395
296402
296403
296407
296408
296410
296430
296431
296511
296596
296597
296641
296644
296645
296656
296657
296658
296660
296662
296667
296687
297932
297933
297934
297951
297959
297962
299212
299214
299215
299231
299232
299233
299234
299236
299237
299238
299239
299243
299507
299511
299512
299513
299514
299532
299533
299534
299535
299550
299551
299552
299553
299554
299555
299556
299558
299559
299560
299562
299563
299599
299617
299620
299621
299632
299633
299634
299636
299637
299638
299643
299685
299696
299697
299698
299700
299701
299702
299707
300287
300613
300624
300625
300628
300629
300630
300635
300800
300801
300802
300804
300805
300806
300811
300816
300817
300818
300819
300820
300821
300822
300823
300824
300826
300827
300846
300847
300864
300866
300867
300871
300872
300873
300874
300875
300876
300877
300883
300888
300889
300892
300893
300894
300895
300898
300899
300903
300904
300905
300906
300908
300909
300910
300988
300989
300990
300991
301311
301652
301653
301824
301825
301826
301828
301829
301830
301831
301835
301840
301841
301842
301843
301844
301846
301847
301848
301849
301850
301851
301868
301870
301871
301891
301895
301896
301897
301898
301901
301907
301912
301913
301916
301917
301918
301923
301928
301929
301930
301932
301933
301934
302012
302013
302014
302015
306994
306995
306999
307000
307001
307002
307068
307069
307070
307075
307080
307081
307082
307085
307100
307101
307102
307107
307112
307113
307114
307116
307117
