49225
49244
49342
49441
49444
49446
49522
49527
49551
49569
49572
49573
49574
49911
50236
50237
50238
50304
50305
50306
50308
50310
50315
50323
50327
50328
50330
50351
50627
50631
50632
50633
50634
50649
50652
50653
50654
50665
50668
50669
50748
50750
50817
50820
50821
50822
50832
50833
50834
50838
50839
50843
50863
50901
52169
52188
52190
52195
52200
52201
53488
53489
53490
53492
53493
53494
53499
53756
53757
53758
53759
53760
53762
53763
53767
53768
53769
53770
53771
53779
53784
53785
53786
53788
53789
53801
53804
53805
53806
53836
53837
53838
53854
53855
53856
53858
53859
53862
53863
53864
53865
53866
53867
53939
53943
53944
53945
53946
53949
55043
55047
55048
55049
55050
55052
55053
55054
55065
55068
55069
55070
55071
55074
55075
55079
55080
55081
55082
55084
55085
55118
55119
55136
55137
55140
55141
55142
55147
55152
55153
55154
55156
55157
55158
55159
55163
55205
55216
55217
55218
55219
55220
55221
55222
55223
55224
55225
55226
55227
55545
55548
55549
55550
55824
55825
55828
55829
55830
55835
55872
55873
55874
55876
55877
55878
55879
55882
55883
55888
55889
55890
55891
55894
55895
55896
55897
55898
55899
55916
55917
55918
55919
55999
56085
56128
56129
56130
56132
56133
56134
56139
56144
56145
56146
56148
56149
56150
56151
56154
56155
56175
61199
61220
61221
61232
61233
61236
61237
61238
61243
61299
61303
61304
61305
61306
61324
61326
61327
61343
61344
61345
61346
61350
61351
61355
144332
144334
144335
144356
144357
144358
144368
144369
144370
144371
144372
144374
144375
144376
144377
144378
144379
144381
145732
145733
145734
145744
145745
145746
145747
145751
145752
145753
145754
145755
145756
145757
145758
145772
145774
145775
146437
146448
146449
146450
146451
146452
146454
146455
146456
146457
146458
146459
146461
146479
146508
146510
146511
146532
146533
146534
146544
146545
146546
146548
146550
146551
146552
146554
146555
146597
146608
146610
146611
146615
146616
146617
146618
146619
146620
146621
146622
146880
146882
146883
146887
146888
146889
146890
146892
146893
146894
146908
146910
146911
146912
146913
146914
146915
146918
146919
146920
146921
146922
146923
146925
147001
147004
147005
147006
147007
147088
147089
147092
147093
147094
147095
147099
147136
147137
147140
147141
147142
147143
147147
147152
147154
147155
147160
147161
147162
147164
147165
147166
147167
147171
147177
147180
147181
147182
147183
199695
199717
199728
199729
199730
199731
199735
199736
199737
199738
199739
199740
199741
199742
199813
199824
199825
199826
199827
199828
199830
199831
199832
199834
199835
199837
199876
199877
199878
199888
199890
199891
199896
199897
199898
199900
199901
199902
199916
199918
199919
200208
200209
200210
200212
200214
200215
200216
200218
200219
200268
200270
200271
200292
200293
200294
200304
200305
200306
200308
200310
200311
200312
200314
200315
200368
200370
200371
200376
200377
200378
200380
200381
200382
200516
200517
200518
200528
200530
200531
200536
200537
200538
200540
200541
200542
200543
200553
200556
200558
200559
205840
205841
205842
205844
205845
205846
205847
205848
205850
205851
205891
205897
205900
205901
205902
205903
205921
205924
205925
205926
205927
205931
205936
205937
205938
205940
205941
205942
205943
205944
205946
205947
206000
206002
206003
206008
206009
206010
206012
206013
206014
206015
206275
206281
206284
206285
206286
206287
206305
206308
206309
206310
206311
206315
206320
206321
206322
206324
206325
206326
206327
206328
206330
206331
206384
206386
206387
206392
206393
206394
206396
206397
206398
206399
206480
206481
206482
206484
206485
206486
206487
206488
206490
206491
206529
206532
206533
206534
206535
206539
206544
206546
206547
206552
206553
206554
206556
206557
206558
206559
206563
206569
206572
206573
206574
206575
209217
209220
209221
209222
209223
209227
209232
209234
209235
209240
209241
209242
209244
209245
209246
209247
209251
209257
209260
209261
209262
209263
209968
209970
209971
209976
209977
209978
209980
209981
209982
209983
210064
210065
210066
210068
210069
210070
210071
210072
210074
210075
210113
210116
210117
210118
210128
210130
210131
210136
210137
210138
210140
210141
210142
210156
210158
210159
210436
210437
210438
210448
210449
210450
210451
210455
210456
210457
210458
210459
210461
210476
210478
210479
210508
210510
210511
210532
210533
210534
210544
210545
210546
210547
210548
210550
210551
210552
210553
210554
210555
210557
210575
210597
210608
210609
210610
210611
210615
210616
210617
210618
210619
210621
210757
210768
210769
210770
210772
210774
210775
210776
210778
210779
210799
211907
211913
211916
211917
211918
211919
211937
211940
211941
211942
211943
211947
211952
211953
211954
211956
211957
211958
211959
211960
211962
211963
278535
278558
278648
278650
278693
278979
278985
279008
279010
279016
279018
279188
279190
279251
280332
280334
280353
280356
280358
280363
280372
280373
280447
280451
280456
280457
280458
280479
280482
280483
280488
280489
280490
280819
280825
280829
281168
281170
281175
281178
281360
281361
281367
281371
281420
281422
281441
281451
281532
281533
281534
285733
285744
285745
285746
285747
285751
285752
285753
285754
285755
285824
285825
285826
285828
285829
285830
285831
285835
285843
285848
285849
285850
285852
285853
285854
285868
285869
285870
285871
285905
285908
285909
285910
286195
286200
286201
286202
286204
286205
286206
286207
286211
286217
286220
286221
286222
286223
286240
286241
286242
286244
286245
286246
286247
286251
286257
286260
286261
286262
286267
286332
286334
286335
286336
286338
286339
286343
286344
286345
286346
286347
286349
286364
286366
286367
286368
286370
286371
286375
286376
286377
286378
286379
286381
287695
287716
287717
287728
287729
287730
287732
287734
287735
287738
287739
289045
289088
289089
289090
289092
289094
289095
289096
289098
289099
289107
289113
289116
289117
289118
289123
289129
289132
289133
289134
289813
289856
289857
289858
289863
289864
289866
289867
289884
289885
289886
289891
289897
289900
289901
289902
289983
290096
290098
290099
290103
290104
290106
290177
290180
290181
290182
290195
290200
290201
290202
290205
290220
290222
290223
290260
290261
290262
290511
290532
290533
290544
290545
290546
290548
290550
290551
290555
