16497
16562
16567
16703
16789
16836
16838
16851
16857
17098
17118
17662
18001
18004
18006
18011
18181
18192
18194
18199
18200
18202
18223
18252
18253
18254
18272
18273
18274
18278
18279
18283
18355
18361
18364
18365
19203
19209
19213
19231
19235
19240
19242
19315
19320
19322
19343
19364
19365
19366
19380
19381
21488
21489
21490
21491
21495
21496
21497
21498
21499
22805
22848
22849
22850
22852
22854
22855
22858
22859
22867
22872
22873
22874
22876
22877
22878
22892
22893
22894
22895
22975
23573
23616
23617
23618
23620
23622
23623
23624
23626
23627
23635
23640
23641
23642
23644
23645
23646
23651
23657
23660
23661
23662
23663
23743
23823
23844
23845
23846
23856
23857
23858
23860
23861
23862
23863
23864
23866
23867
23935
23936
23937
23938
23939
23940
23942
23943
23944
23945
23946
23947
23955
23961
23964
23965
23966
23967
23971
23976
23977
23978
23980
23981
23982
24021
24271
24293
24304
24305
24306
24307
24308
24310
24311
24312
24313
24314
24315
27663
27681
27684
27685
27686
27697
27700
27701
27702
27707
27772
27774
27775
27779
27784
27785
27786
27789
27804
27806
27807
27808
27810
27811
27815
27816
27817
27818
27821
28108
28109
28110
28128
28129
28130
28134
28135
28139
28211
28217
28220
28221
28222
28292
28293
28304
28305
28306
28311
28312
28314
28315
28335
28368
28369
28372
28373
28374
28379
102156
102158
102159
102180
102181
102182
102192
102193
102194
102195
102196
102198
102199
102200
102202
102203
102205
102276
102277
102278
102288
102289
102290
102291
102295
102296
102297
102298
102299
102300
102301
102302
102316
102318
102319
102341
102352
102353
102354
102355
102356
102358
102359
102360
102361
102362
102363
102365
102383
107780
107781
107792
107793
107794
107795
107799
107800
107801
107802
107803
107804
107805
107806
107822
107823
107855
107877
107888
107889
107890
107891
107895
107896
107897
107898
107899
107900
107901
107902
107916
107918
107919
107940
107941
107942
107952
107953
107954
107955
107956
107958
107959
107960
107961
107962
107963
107965
110661
110672
110673
110674
110675
110679
110680
110681
110682
110683
110685
110703
110863
110885
110896
110897
110898
110899
110903
110904
110905
110906
110907
110909
110981
110992
110993
110994
110995
110999
111000
111001
111002
111003
111005
111023
111045
111056
111057
111058
111059
111063
111064
111065
111066
111067
111069
111087
111311
111333
111344
111345
111346
111347
111351
111352
111353
111354
111355
111357
112393
112396
112397
112398
112399
112417
112420
112421
112422
112423
112427
112432
112433
112434
112436
112437
112438
112439
112443
112511
112512
112513
112514
112515
112516
112518
112519
112520
112522
112523
112531
112537
112540
112541
112542
112543
112546
112547
112552
112553
112554
112556
112557
112558
112596
112597
112598
112880
112882
112883
112888
112889
112890
112892
112893
112894
113221
113232
113233
113234
113235
113236
113238
113239
113240
113242
113243
113263
113412
113413
113414
113424
113425
113426
113427
113431
113432
113433
113434
113435
113436
113437
113438
113452
113454
113455
113487
113509
113520
113521
113522
113523
113527
113528
113529
113530
113531
113533
113550
113551
113572
113573
113584
113585
113586
113587
113588
113590
113591
113592
113593
113594
113595
113597
176357
176368
176370
176371
176376
176377
176378
176380
176381
176382
176720
176721
176722
176724
176726
176727
176728
176730
176731
176900
176901
176902
176912
176914
176915
176920
176921
176922
176924
176925
176926
176940
176942
176943
177008
177010
177011
177016
177017
177018
177020
177021
177022
177036
177038
177039
177060
177061
177062
177072
177073
177074
177076
177078
177079
177080
177082
177083
178244
178245
178246
178256
178257
178258
178259
178262
178263
178264
178265
178266
178267
178269
178286
178287
178444
178446
178447
178468
178469
178470
178480
178481
178482
178483
178484
178486
178487
178488
178490
178491
178493
178564
178565
178566
178576
178578
178579
178584
178585
178586
178588
178589
178590
178604
178606
178607
178640
178641
178642
178644
178646
178647
178648
178650
178651
178895
178917
178928
178929
178930
178931
178935
178936
178937
178938
178939
178940
178941
178942
179461
179472
179473
179474
179475
179476
179478
179479
179480
179482
179483
179503
179523
179529
179532
179533
179534
179535
179551
179552
179553
179554
179556
179557
179558
179559
179560
179562
179563
179569
179572
179573
179574
179634
179635
179640
179641
179642
179644
179645
179646
179647
245761
245784
245836
245855
245863
246066
246071
246147
246152
246153
246154
246172
246174
246185
246501
246517
246979
246983
246984
246986
247004
247005
247006
247020
247021
247283
247288
247289
247290
247308
247310
247327
247328
247329
247330
247334
247335
247339
247410
247415
247416
247418
247439
247457
247460
247461
247462
247477
248639
248721
248724
248726
248731
248784
248785
248790
248795
250627
250632
250633
250634
250636
250637
250652
250653
250654
250655
250659
250663
250664
250665
250666
250669
250703
250721
250724
250725
250726
250736
250737
250740
250741
250742
250747
250800
250801
250802
250804
250806
250807
250810
250811
251843
251848
251849
251852
251853
251854
251855
251871
251872
251873
251874
251875
251876
251878
251879
251880
251881
251882
251883
251893
251955
251960
251961
251962
251964
251965
251966
252032
252033
252034
252036
252037
252038
252039
252043
252048
252049
252050
252051
252054
252055
252056
252057
252058
252059
252076
252078
252079
252113
252116
252117
252118
252123
252364
252365
252366
252383
252384
252385
252386
252387
252388
252390
252391
252392
252394
252395
252467
252471
252472
252473
252474
252476
252477
252478
252543
252544
252545
252546
252547
252548
252549
252550
252551
252552
252554
252555
252562
252563
252567
252568
252569
252570
252572
252573
252588
252589
252590
252591
252629
257276
257277
257278
257601
257604
257605
257606
257616
257617
257618
257622
257623
257624
257626
257627
257647
257809
257812
257813
257814
257856
257857
257858
257862
257863
257866
257867
257875
257880
257881
257882
257885
257900
257901
257902
257983
