73
92
190
289
292
294
370
375
399
417
420
421
422
759
1084
1085
1086
1152
1153
1154
1156
1158
1163
1171
1175
1176
1178
1199
1475
1479
1480
1481
1482
1497
1500
1501
1502
1513
1516
1517
1596
1598
1665
1668
1669
1670
1680
1681
1682
1686
1687
1691
1711
1749
3017
3036
3038
3043
3048
3049
4336
4337
4338
4340
4341
4342
4347
4604
4605
4606
4607
4608
4610
4611
4615
4616
4617
4618
4619
4627
4632
4633
4634
4636
4637
4649
4652
4653
4654
4684
4685
4686
4702
4703
4704
4706
4707
4710
4711
4712
4713
4714
4715
4787
4791
4792
4793
4794
4797
5891
5895
5896
5897
5898
5900
5901
5902
5913
5916
5917
5918
5919
5922
5923
5927
5928
5929
5930
5932
5933
5966
5967
5984
5985
5988
5989
5990
5995
6000
6001
6002
6004
6005
6006
6007
6011
6053
6064
6065
6066
6067
6068
6069
6070
6071
6072
6073
6074
6075
6393
6396
6397
6398
6672
6673
6676
6677
6678
6683
6720
6721
6722
6724
6725
6726
6727
6730
6731
6736
6737
6738
6739
6742
6743
6744
6745
6746
6747
6764
6765
6766
6767
6847
6933
6976
6977
6978
6980
6981
6982
6987
6992
6993
6994
6996
6997
6998
6999
7002
7003
7023
12047
12068
12069
12080
12081
12084
12085
12086
12091
12147
12151
12152
12153
12154
12172
12174
12175
12191
12192
12193
12194
12198
12199
12203
95180
95182
95183
95204
95205
95206
95216
95217
95218
95219
95220
95222
95223
95224
95225
95226
95227
95229
96580
96581
96582
96592
96593
96594
96595
96599
96600
96601
96602
96603
96604
96605
96606
96620
96622
96623
97285
97296
97297
97298
97299
97300
97302
97303
97304
97305
97306
97307
97309
97327
97356
97358
97359
97380
97381
97382
97392
97393
97394
97396
97398
97399
97400
97402
97403
97445
97456
97458
97459
97463
97464
97465
97466
97467
97468
97469
97470
97728
97730
97731
97735
97736
97737
97738
97740
97741
97742
97756
97758
97759
97760
97761
97762
97763
97766
97767
97768
97769
97770
97771
97773
97849
97852
97853
97854
97855
97936
97937
97940
97941
97942
97943
97947
97984
97985
97988
97989
97990
97991
97995
98000
98002
98003
98008
98009
98010
98012
98013
98014
98015
98019
98025
98028
98029
98030
98031
232463
232485
232496
232497
232498
232499
232503
232504
232505
232506
232507
232508
232509
232510
232581
232592
232593
232594
232595
232596
232598
232599
232600
232602
232603
232605
232644
232645
232646
232656
232658
232659
232664
232665
232666
232668
232669
232670
232684
232686
232687
232976
232977
232978
232980
232982
232983
232984
232986
232987
233036
233038
233039
233060
233061
233062
233072
233073
233074
233076
233078
233079
233080
233082
233083
233136
233138
233139
233144
233145
233146
233148
233149
233150
233284
233285
233286
233296
233298
233299
233304
233305
233306
233308
233309
233310
233311
233321
233324
233326
233327
238608
238609
238610
238612
238613
238614
238615
238616
238618
238619
238659
238665
238668
238669
238670
238671
238689
238692
238693
238694
238695
238699
238704
238705
238706
238708
238709
238710
238711
238712
238714
238715
238768
238770
238771
238776
238777
238778
238780
238781
238782
238783
239043
239049
239052
239053
239054
239055
239073
239076
239077
239078
239079
239083
239088
239089
239090
239092
239093
239094
239095
239096
239098
239099
239152
239154
239155
239160
239161
239162
239164
239165
239166
239167
239248
239249
239250
239252
239253
239254
239255
239256
239258
239259
239297
239300
239301
239302
239303
239307
239312
239314
239315
239320
239321
239322
239324
239325
239326
239327
239331
239337
239340
239341
239342
239343
241985
241988
241989
241990
241991
241995
242000
242002
242003
242008
242009
242010
242012
242013
242014
242015
242019
242025
242028
242029
242030
242031
242736
242738
242739
242744
242745
242746
242748
242749
242750
242751
242832
242833
242834
242836
242837
242838
242839
242840
242842
242843
242881
242884
242885
242886
242896
242898
242899
242904
242905
242906
242908
242909
242910
242924
242926
242927
243204
243205
243206
243216
243217
243218
243219
243223
243224
243225
243226
243227
243229
243244
243246
243247
243276
243278
243279
243300
243301
243302
243312
243313
243314
243315
243316
243318
243319
243320
243321
243322
243323
243325
243343
243365
243376
243377
243378
243379
243383
243384
243385
243386
243387
243389
243525
243536
243537
243538
243540
243542
243543
243544
243546
243547
243567
244675
244681
244684
244685
244686
244687
244705
244708
244709
244710
244711
244715
244720
244721
244722
244724
244725
244726
244727
244728
244730
244731
311303
311326
311416
311418
311461
311747
311753
311776
311778
311784
311786
311956
311958
312019
313100
313102
313121
313124
313126
313131
313140
313141
313215
313219
313224
313225
313226
313247
313250
313251
313256
313257
313258
313587
313593
313597
313936
313938
313943
313946
314128
314129
314135
314139
314188
314190
314209
314219
314300
314301
314302
318501
318512
318513
318514
318515
318519
318520
318521
318522
318523
318592
318593
318594
318596
318597
318598
318599
318603
318611
318616
318617
318618
318620
318621
318622
318636
318637
318638
318639
318673
318676
318677
318678
318963
318968
318969
318970
318972
318973
318974
318975
318979
318985
318988
318989
318990
318991
319008
319009
319010
319012
319013
319014
319015
319019
319025
319028
319029
319030
319035
319100
319102
319103
319104
319106
319107
319111
319112
319113
319114
319115
319117
319132
319134
319135
319136
319138
319139
319143
319144
319145
319146
319147
319149
320463
320484
320485
320496
320497
320498
320500
320502
320503
320506
320507
321813
321856
321857
321858
321860
321862
321863
321864
321866
321867
321875
321881
321884
321885
321886
321891
321897
321900
321901
321902
322581
322624
322625
322626
322631
322632
322634
322635
322652
322653
322654
322659
322665
322668
322669
322670
322751
322864
322866
322867
322871
322872
322874
322945
322948
322949
322950
322963
322968
322969
322970
322973
322988
322990
322991
323028
323029
323030
323279
323300
323301
323312
323313
323314
323316
323318
323319
323323
