16385
16408
16460
16479
16487
16690
16695
16771
16776
16777
16778
16796
16798
16809
17125
17141
17603
17607
17608
17610
17628
17629
17630
17644
17645
17907
17912
17913
17914
17932
17934
17951
17952
17953
17954
17958
17959
17963
18034
18039
18040
18042
18063
18081
18084
18085
18086
18101
19263
19345
19348
19350
19355
19408
19409
19414
19419
21251
21256
21257
21258
21260
21261
21276
21277
21278
21279
21283
21287
21288
21289
21290
21293
21327
21345
21348
21349
21350
21360
21361
21364
21365
21366
21371
21424
21425
21426
21428
21430
21431
21434
21435
22467
22472
22473
22476
22477
22478
22479
22495
22496
22497
22498
22499
22500
22502
22503
22504
22505
22506
22507
22517
22579
22584
22585
22586
22588
22589
22590
22656
22657
22658
22660
22661
22662
22663
22667
22672
22673
22674
22675
22678
22679
22680
22681
22682
22683
22700
22702
22703
22737
22740
22741
22742
22747
22988
22989
22990
23007
23008
23009
23010
23011
23012
23014
23015
23016
23018
23019
23091
23095
23096
23097
23098
23100
23101
23102
23167
23168
23169
23170
23171
23172
23173
23174
23175
23176
23178
23179
23186
23187
23191
23192
23193
23194
23196
23197
23212
23213
23214
23215
23253
27900
27901
27902
28225
28228
28229
28230
28240
28241
28242
28246
28247
28248
28250
28251
28271
28433
28436
28437
28438
28480
28481
28482
28486
28487
28490
28491
28499
28504
28505
28506
28509
28524
28525
28526
28607
110821
110832
110834
110835
110840
110841
110842
110844
110845
110846
111184
111185
111186
111188
111190
111191
111192
111194
111195
111364
111365
111366
111376
111378
111379
111384
111385
111386
111388
111389
111390
111404
111406
111407
111472
111474
111475
111480
111481
111482
111484
111485
111486
111500
111502
111503
111524
111525
111526
111536
111537
111538
111540
111542
111543
111544
111546
111547
112708
112709
112710
112720
112721
112722
112723
112726
112727
112728
112729
112730
112731
112733
112750
112751
112908
112910
112911
112932
112933
112934
112944
112945
112946
112947
112948
112950
112951
112952
112954
112955
112957
113028
113029
113030
113040
113042
113043
113048
113049
113050
113052
113053
113054
113068
113070
113071
113104
113105
113106
113108
113110
113111
113112
113114
113115
113359
113381
113392
113393
113394
113395
113399
113400
113401
113402
113403
113404
113405
113406
113925
113936
113937
113938
113939
113940
113942
113943
113944
113946
113947
113967
113987
113993
113996
113997
113998
113999
114015
114016
114017
114018
114020
114021
114022
114023
114024
114026
114027
114033
114036
114037
114038
114098
114099
114104
114105
114106
114108
114109
114110
114111
167692
167694
167695
167716
167717
167718
167728
167729
167730
167731
167732
167734
167735
167736
167738
167739
167741
167812
167813
167814
167824
167825
167826
167827
167831
167832
167833
167834
167835
167836
167837
167838
167852
167854
167855
167877
167888
167889
167890
167891
167892
167894
167895
167896
167897
167898
167899
167901
167919
173316
173317
173328
173329
173330
173331
173335
173336
173337
173338
173339
173340
173341
173342
173358
173359
173391
173413
173424
173425
173426
173427
173431
173432
173433
173434
173435
173436
173437
173438
173452
173454
173455
173476
173477
173478
173488
173489
173490
173491
173492
173494
173495
173496
173497
173498
173499
173501
176197
176208
176209
176210
176211
176215
176216
176217
176218
176219
176221
176239
176399
176421
176432
176433
176434
176435
176439
176440
176441
176442
176443
176445
176517
176528
176529
176530
176531
176535
176536
176537
176538
176539
176541
176559
176581
176592
176593
176594
176595
176599
176600
176601
176602
176603
176605
176623
176847
176869
176880
176881
176882
176883
176887
176888
176889
176890
176891
176893
177929
177932
177933
177934
177935
177953
177956
177957
177958
177959
177963
177968
177969
177970
177972
177973
177974
177975
177979
178047
178048
178049
178050
178051
178052
178054
178055
178056
178058
178059
178067
178073
178076
178077
178078
178079
178082
178083
178088
178089
178090
178092
178093
178094
178132
178133
178134
178416
178418
178419
178424
178425
178426
178428
178429
178430
178757
178768
178769
178770
178771
178772
178774
178775
178776
178778
178779
178799
178948
178949
178950
178960
178961
178962
178963
178967
178968
178969
178970
178971
178972
178973
178974
178988
178990
178991
179023
179045
179056
179057
179058
179059
179063
179064
179065
179066
179067
179069
179086
179087
179108
179109
179120
179121
179122
179123
179124
179126
179127
179128
179129
179130
179131
179133
245873
245938
245943
246079
246165
246212
246214
246227
246233
246474
246494
247038
247377
247380
247382
247387
247557
247568
247570
247575
247576
247578
247599
247628
247629
247630
247648
247649
247650
247654
247655
247659
247731
247737
247740
247741
248579
248585
248589
248607
248611
248616
248618
248691
248696
248698
248719
248740
248741
248742
248756
248757
250864
250865
250866
250867
250871
250872
250873
250874
250875
252181
252224
252225
252226
252228
252230
252231
252234
252235
252243
252248
252249
252250
252252
252253
252254
252268
252269
252270
252271
252351
252949
252992
252993
252994
252996
252998
252999
253000
253002
253003
253011
253016
253017
253018
253020
253021
253022
253027
253033
253036
253037
253038
253039
253119
253199
253220
253221
253222
253232
253233
253234
253236
253237
253238
253239
253240
253242
253243
253311
253312
253313
253314
253315
253316
253318
253319
253320
253321
253322
253323
253331
253337
253340
253341
253342
253343
253347
253352
253353
253354
253356
253357
253358
253397
253647
253669
253680
253681
253682
253683
253684
253686
253687
253688
253689
253690
253691
257039
257057
257060
257061
257062
257073
257076
257077
257078
257083
257148
257150
257151
257155
257160
257161
257162
257165
257180
257182
257183
257184
257186
257187
257191
257192
257193
257194
257197
257484
257485
257486
257504
257505
257506
257510
257511
257515
257587
257593
257596
257597
257598
257668
257669
257680
257681
257682
257687
257688
257690
257691
257711
257744
257745
257748
257749
257750
257755
