16496
16503
16571
16832
16834
16839
16860
16862
16877
17089
17099
17117
17132
17134
18176
18178
18183
18184
18186
18204
18206
18211
18217
18221
18288
18290
18295
18296
18298
18319
18341
18353
18356
18358
18363
18687
19029
19201
19204
19206
19211
19219
19225
19229
19244
19246
19301
19313
19318
19323
19376
19378
19383
19384
19386
23552
23553
23554
23555
23558
23559
23560
23562
23563
23577
23580
23581
23582
23583
23587
23592
23593
23596
23597
23598
23631
23653
23664
23665
23666
23667
23668
23670
23671
23672
23673
23674
23675
23695
23716
23717
23718
23728
23729
23730
23732
23734
23735
23738
23739
23957
24000
24001
24002
24003
24007
24008
24009
24010
24011
24013
24028
24029
24030
24031
24032
24034
24035
24039
24040
24041
24042
24044
24045
24046
24126
24127
24212
24213
24214
24256
24257
24258
24260
24261
24262
24263
24264
24266
24267
24275
24280
24281
24282
24284
24285
24286
24291
24297
24300
24301
24302
24303
25599
26964
26965
27648
27649
27650
27652
27654
27655
27659
27667
27672
27673
27676
27677
27678
27692
27693
27694
27695
27727
27748
27749
27760
27761
27762
27764
27766
27767
27771
27824
27825
27826
27827
27831
27832
27834
27835
27967
28052
28053
28097
28100
28102
28107
28115
28120
28121
28125
28140
28142
28143
28352
28354
28355
28359
28360
28362
28363
28380
28382
28383
28387
28392
28393
28396
28397
101583
101605
101616
101617
101618
101619
101623
101624
101625
101626
101627
101629
101957
101968
101969
101970
101971
101975
101976
101977
101978
101979
101981
101999
102149
102160
102161
102162
102163
102167
102168
102169
102170
102171
102173
102191
102223
102245
102256
102257
102258
102259
102263
102264
102265
102266
102267
102268
102269
102270
102284
102286
102287
102308
102309
102320
102321
102322
102323
102326
102327
102328
102329
102330
102331
102333
107589
107600
107601
107602
107603
107604
107606
107607
107608
107609
107610
107611
107613
107631
107788
107790
107791
107812
107813
107814
107824
107825
107826
107827
107828
107830
107831
107832
107833
107834
107835
107837
107908
107909
107910
107920
107921
107922
107923
107927
107928
107929
107930
107931
107932
107933
107934
107948
107950
107951
107973
107984
107985
107986
107987
107988
107990
107991
107992
107993
107994
107995
107997
108015
108239
108261
108272
108273
108274
108275
108279
108280
108281
108282
108283
108284
108285
108286
110852
110853
110854
110864
110866
110867
110872
110873
110874
110875
110876
110877
110878
110892
110894
110895
110949
110960
110961
110962
110963
110967
110968
110969
110970
110971
110972
110973
110974
110988
110990
110991
111012
111013
111014
111024
111025
111026
111027
111028
111030
111031
111032
111034
111035
111037
111823
111845
111856
111857
111858
111859
111863
111864
111865
111866
111867
111869
112196
112197
112198
112208
112209
112210
112211
112215
112216
112217
112218
112219
112220
112221
112236
112238
112239
112389
112400
112401
112402
112403
112404
112406
112407
112408
112410
112411
112431
112451
112457
112460
112461
112462
112463
112480
112481
112484
112485
112486
112487
112491
112497
112500
112501
112502
112503
112507
112560
112562
112563
112568
112569
112570
112572
112573
112574
113423
113444
113445
113456
113457
113458
113459
113460
113462
113463
113464
113465
113466
113467
113469
113540
113541
113542
113552
113553
113554
113555
113559
113560
113561
113562
113563
113564
113565
113566
113580
113582
113583
113605
113616
113617
113618
113619
113620
113622
113623
113624
113625
113626
113627
113629
113647
176911
176933
176944
176945
176946
176947
176951
176952
176953
176954
176955
176956
176957
177029
177040
177041
177042
177043
177046
177047
177048
177049
177050
177051
177053
177071
177092
177093
177104
177105
177106
177107
177111
177112
177113
177114
177115
177116
177117
177134
177135
178436
178437
178448
178449
178450
178451
178455
178456
178457
178458
178459
178461
178479
178510
178511
178532
178533
178544
178545
178546
178547
178550
178551
178552
178553
178554
178555
178557
178575
178597
178608
178609
178610
178611
178615
178616
178617
178618
178619
178620
178621
179269
179280
179281
179282
179283
179284
179286
179287
179288
179289
179290
179291
179293
179311
179468
179470
179471
179489
179492
179493
179494
179499
179504
179505
179506
179508
179509
179510
179511
179512
179514
179515
179583
179584
179585
179586
179587
179588
179590
179591
179592
179593
179594
179595
179603
179609
179612
179613
179614
179615
179618
179619
179624
179625
179626
179628
179629
179630
179631
179669
179952
179954
179955
179959
179960
179961
179962
179963
179964
179965
179966
245766
245864
245866
245949
246068
246070
246137
246156
246157
246158
246175
246183
246512
246513
246523
246847
246932
246933
246980
246981
246992
246994
246999
247003
247023
247247
247264
247265
247268
247269
247270
247275
247285
247344
247346
247351
247354
247355
247420
247422
247427
247432
247433
247434
247452
247453
247454
247459
247464
247465
247469
248768
248770
248779
248787
248792
248793
248814
250108
250110
250111
250433
250436
250437
250438
250448
250449
250450
250452
250453
250454
250455
250459
250479
250640
250641
250644
250645
250646
250651
250688
250689
250690
250692
250694
250695
250698
250699
250707
250711
250712
250713
250714
250717
250732
250733
250734
250735
250815
251699
251703
251704
251705
251706
251708
251709
251710
251775
251776
251777
251778
251780
251781
251782
251783
251786
251787
251792
251794
251795
251799
251800
251801
251802
251803
251805
251820
251821
251822
251823
251857
251860
251861
251862
252099
252105
252108
252109
252110
252111
252124
252126
252127
252128
252129
252130
252131
252132
252134
252135
252136
252137
252138
252139
252403
252408
252409
252410
252412
252413
252414
252425
252428
252429
252430
252444
252446
252447
252448
252450
252451
252455
252456
252457
252458
252459
252495
252513
252516
252517
252518
252528
252529
252530
252532
252533
252534
252539
252559
252580
252581
252592
252593
252594
252596
252597
252598
252599
252603
257795
257799
257800
257801
257802
257817
257820
257821
257822
257833
257836
257837
257838
257870
257871
257887
257888
257889
257890
257892
257893
257894
257899
257970
257971
257975
257976
257977
257978
