49308
49361
49371
49687
49776
49778
49849
49853
49988
49990
50015
50028
50030
51269
51283
51289
51292
51293
51294
51311
51519
51605
51648
51650
51656
51658
51681
51688
51691
51701
51907
51913
51917
51940
51942
51943
51956
51958
52496
52497
52498
52504
52506
52595
52601
52604
52606
52620
52623
52645
52657
52658
52664
52666
52667
57621
57664
57666
57667
57673
57676
57677
57678
57697
57700
57701
57702
57703
57707
57713
57716
57718
57719
57723
57788
57790
57791
58611
58617
58620
58622
58623
58964
58965
58966
59137
59143
59144
59146
59147
59168
59170
59171
59176
59177
59178
59181
59189
59265
59268
59270
59271
59275
59295
59296
59298
59299
59305
59306
59309
59348
59350
60163
60172
60174
60175
60196
60197
60198
60209
60215
60216
60218
60219
60304
60305
60306
60307
60312
60313
60314
60315
60317
60357
60368
60370
60371
60376
60377
60378
60380
60381
60382
60399
62528
62529
62530
62531
62535
62536
62537
62538
62539
62541
62560
62561
62562
62567
62568
62570
62571
62573
62580
62581
62582
62924
62926
62927
62948
62949
62950
62960
62961
62962
62963
62967
62968
62969
62970
62971
62973
62991
63024
63026
63027
63032
63033
63034
63036
63037
63038
63121
63124
63126
63127
63128
63131
63169
63172
63173
63174
63175
63179
63187
63196
63198
63199
63200
63202
63203
63209
63212
63213
63214
63215
131408
131409
131410
131412
131413
131414
131415
131416
131418
131419
132099
132105
132108
132109
132110
132111
132129
132132
132133
132134
132135
132139
132144
132145
132146
132148
132149
132150
132151
132152
132154
132155
132225
132228
132229
132230
132231
132235
132240
132242
132243
132248
132249
132250
132252
132253
132254
132255
132259
132265
132268
132269
132270
132271
132305
132306
132308
132309
132310
132311
132312
132315
132609
132612
132613
132614
132615
132619
132627
132633
132636
132637
132638
132639
132643
132649
132652
132653
132654
132655
132723
132729
132732
132733
132734
132735
132739
132745
132748
132749
132750
132751
132769
132772
132773
132774
132775
132779
132785
132788
132789
132790
132791
132795
132945
132948
132949
132950
132951
132955
134128
134130
134131
134136
134137
134138
134140
134141
134142
134143
138240
138242
138243
138248
138249
138250
138252
138253
138254
138255
138273
138274
138276
138277
138278
138279
138280
138283
138289
138292
138293
138294
138295
138299
138369
138372
138373
138374
138375
138379
138387
138393
138396
138397
138398
138399
138403
138409
138412
138413
138414
138415
138449
138452
138453
138454
138455
138459
138756
138757
138758
138768
138770
138771
138776
138777
138778
138780
138781
138782
138796
138798
138799
138864
138866
138867
138872
138873
138874
138876
138877
138878
138879
138883
138889
138892
138893
138894
138895
138916
138917
138918
138919
138923
138928
138929
138930
138932
138934
138935
138936
138938
138939
139077
139088
139089
139090
139091
139095
139096
139097
139098
139099
139101
139119
140275
140281
140284
140285
140286
140287
141649
141652
141653
141654
141655
141659
142336
142337
142338
142340
142341
142342
142343
142344
142346
142347
142355
142361
142364
142365
142366
142367
142368
142370
142371
142376
142377
142378
142380
142381
142382
142383
142451
142457
142460
142461
142462
142463
142464
142466
142467
142472
142473
142474
142476
142477
142478
142479
142496
142497
142498
142500
142501
142502
142503
142504
142506
142507
142513
142516
142517
142518
142519
142523
142835
142841
142844
142845
142846
142847
142851
142857
142858
142860
142861
142862
142863
142880
142881
142882
142884
142885
142886
142887
142888
142891
142897
142900
142901
142902
142903
142907
142976
142977
142978
142980
142981
142982
142983
142984
142986
142987
142995
143001
143004
143005
143006
143007
143008
143010
143011
143016
143017
143018
143020
143021
143022
143023
143057
143060
143061
143062
143063
143067
218113
218116
218117
218118
218119
218123
218128
218130
218131
218136
218137
218138
218140
218141
218142
218143
218147
218153
218156
218157
218158
218159
218224
218227
218233
218234
218236
218237
218238
218239
218243
218249
218252
218253
218254
218255
218273
218276
218277
218278
218279
218283
218288
218289
218290
218292
218293
218294
218295
218296
218298
218299
218624
218625
218626
218628
218630
218631
218632
218633
218634
218635
218637
218655
218656
218657
218658
218659
218660
218663
218664
218665
218666
218667
218669
218676
218677
218678
218753
218756
218757
218758
218759
218760
218763
218771
218777
218780
218782
218783
218784
218786
218787
218792
218793
218794
218796
218797
218798
218799
218833
218836
218837
218838
218839
218843
218964
218965
218966
218967
294924
295105
295114
295143
295515
295686
295725
295824
295827
295833
295838
295903
295919
297285
297312
297314
297315
297321
297326
298010
298013
298119
298123
298145
298152
298155
298164
298166
298167
298196
298198
298199
298560
298562
298569
298573
298574
298598
298609
298616
298618
298619
298621
298773
298864
298867
298873
298876
298878
298879
298895
298928
298930
298931
298937
298940
298942
298943
304404
304406
304407
304512
304514
304515
304521
304524
304525
304526
304549
304550
304561
304562
304568
304570
304571
304573
304597
307265
307271
307272
307274
307275
307277
307297
307300
307303
307304
307306
307307
307316
307318
307319
307728
307730
307731
307737
307740
307742
307743
307759
307844
307845
307846
307847
307872
307873
307874
307875
307880
307881
307882
307884
307885
307886
307893
307921
307928
307930
307931
307933
308037
308048
308050
308051
308057
308060
308062
308063
308064
308067
308073
308076
308078
308079
309505
309508
309510
309511
309512
309514
309515
309537
309538
309543
309544
309546
309547
309549
309556
309557
309558
309559
309648
309649
309650
309651
309656
309657
309658
309659
309660
309661
309662
309700
309701
309702
309728
309730
309731
309737
309740
309741
309742
309743
309749
310353
310356
310358
310359
310360
310362
310363
310723
310732
310734
310735
310757
310768
310770
310771
310777
310778
310780
310781
310782
310783
310787
310796
310798
310799
310821
310832
310834
310835
310841
310844
310845
310846
310847
310932
310933
310934
310976
310977
310978
310979
310984
310985
310986
310987
310988
310989
310990
311012
311013
311014
311015
311025
311026
311028
311031
311032
311034
311035
311037
