32794
32845
33072
33073
33083
33148
33149
33150
33187
33192
33194
33524
33526
33984
33985
33986
33990
33995
34003
34008
34009
34010
34030
34288
34289
34290
34292
34294
34295
34299
34319
34340
34341
34353
34356
34357
34358
34419
34425
34429
34444
34445
34446
34463
34464
34466
34471
34474
34475
35733
35777
35780
35781
35782
35794
35799
35802
35823
37632
37633
37634
37636
37637
37638
37639
37643
37650
37651
37655
37656
37657
37658
37676
37678
37679
37699
37704
37705
37708
37709
37710
37724
37726
37727
37728
37730
37731
37735
37736
37737
37738
37739
37811
37816
37817
37820
37821
37822
38719
38801
38804
38805
38806
38848
38849
38850
38852
38853
38854
38855
38858
38859
38864
38866
38867
38871
38872
38873
38874
38875
38876
38877
38878
38892
38893
38894
38895
38975
39060
39061
39104
39105
39106
39108
39109
39110
39111
39112
39114
39115
39120
39122
39123
39127
39128
39129
39130
39133
39148
39149
39150
39151
39375
39397
39408
39409
39410
39412
39413
39414
39415
39419
39439
39457
39460
39461
39462
39472
39473
39474
39476
39477
39478
39483
39539
39543
39544
39545
39546
39548
39549
39550
39561
39564
39565
39566
39582
39583
39584
39585
39586
39587
39590
39591
39592
39593
39594
39595
44287
44628
44629
44800
44801
44802
44804
44805
44806
44811
44816
44818
44819
44823
44824
44826
44827
44847
44867
44872
44873
44876
44877
44892
44894
44899
44903
44904
44905
44906
44988
44989
44990
127231
127573
127744
127745
127746
127747
127751
127752
127753
127754
127755
127756
127757
127758
127775
127776
127777
127778
127779
127780
127782
127783
127784
127785
127786
127787
127789
127796
127797
127798
127871
127872
127873
127874
127875
127876
127878
127879
127880
127881
127882
127883
127885
127900
127902
127903
127904
127905
127906
127907
127911
127912
127913
127914
127915
127916
127917
127918
127925
127956
127957
127958
129108
129109
129280
129281
129282
129283
129286
129287
129288
129289
129290
129291
129293
129308
129310
129311
129312
129313
129314
129315
129319
129320
129321
129322
129323
129324
129325
129326
129333
129404
129406
129407
129408
129409
129410
129411
129415
129416
129417
129418
129419
129420
129421
129422
129439
129440
129441
129442
129443
129444
129446
129447
129448
129449
129450
129451
129453
129460
129461
129462
129493
129791
130133
130304
130305
130306
130307
130308
130310
130311
130312
130313
130314
130315
130317
130329
130332
130333
130334
130335
130336
130338
130339
130343
130344
130345
130346
130348
130349
130350
130416
130418
130419
130423
130424
130425
130426
130427
130428
130429
130430
130444
130445
130446
130447
130464
130465
130468
130469
130470
130471
130475
130480
130481
130484
130485
130486
130487
130491
130815
183548
183550
183551
183892
183893
183894
184064
184065
184066
184067
184068
184070
184071
184072
184073
184074
184075
184077
184092
184094
184095
184096
184097
184098
184099
184103
184104
184105
184106
184107
184108
184109
184110
184117
184191
184192
184193
184194
184195
184199
184200
184201
184202
184203
184205
184223
184224
184225
184226
184227
184230
184231
184232
184233
184234
184235
184237
184244
184245
184277
189525
189696
189697
189698
189699
189702
189703
189704
189705
189706
189707
189709
189727
189728
189729
189730
189731
189735
189736
189737
189738
189739
189740
189741
189749
189823
189824
189825
189826
189827
189831
189832
189833
189834
189835
189837
189855
189856
189857
189858
189859
189863
189864
189865
189866
189867
189869
189877
189909
190207
192596
192597
192598
192768
192769
192770
192771
192775
192776
192777
192778
192779
192780
192781
192782
192799
192800
192801
192802
192803
192804
192806
192807
192808
192809
192810
192811
192813
192820
192821
192822
192895
192896
192897
192898
192899
192900
192902
192903
192904
192905
192906
192907
192909
192924
192926
192927
192928
192929
192930
192931
192935
192936
192937
192938
192939
192940
192941
192942
192949
192980
192981
192982
193276
193278
193279
193788
193790
193791
194132
194133
194134
194304
194305
194306
194307
194308
194310
194311
194312
194314
194315
194329
194332
194333
194334
194335
194336
194338
194339
194344
194345
194346
194348
194349
194350
194416
194418
194419
194424
194425
194426
194428
194429
194430
194441
194444
194445
194446
194447
194464
194465
194468
194469
194470
194471
194475
194481
194484
194485
194486
194487
194491
194815
195157
195328
195329
195330
195331
195335
195336
195337
195338
195339
195340
195341
195342
195359
195360
195361
195362
195363
195366
195367
195368
195369
195370
195371
195373
195381
195452
195454
195455
195456
195457
195458
195459
195463
195464
195465
195466
195467
195468
195469
195487
195488
195489
195490
195491
195494
195495
195496
195497
195498
195499
195501
195509
195541
262267
262320
262593
262603
262621
262636
262638
262848
262850
262855
262876
262893
263423
263765
263937
263940
263942
263947
263955
263961
263965
263980
263982
264015
264036
264037
264049
264052
264053
264054
264059
264112
264114
264119
264120
264122
264960
264962
264967
264968
264970
264988
264990
265001
265005
265072
265074
265079
265137
265142
265147
267260
267261
267262
267263
268613
268624
268625
268626
268628
268629
268630
268631
268635
269316
269317
269328
269329
269330
269331
269332
269334
269335
269336
269338
269339
269359
269379
269385
269388
269389
269390
269407
269408
269409
269410
269412
269414
269415
269416
269418
269419
269429
269491
269496
269497
269500
269501
269502
269619
269625
269628
269629
269630
269631
269701
269712
269713
269714
269716
269718
269719
269720
269722
269723
269743
269764
269765
269766
269776
269777
269778
269779
269780
269782
269783
269784
269785
269786
269787
269807
270019
270025
270028
270029
270030
270047
270048
270049
270050
270052
270054
270055
270056
270058
270059
270069
273411
273416
273417
273418
273420
273421
273422
273439
273440
273442
273443
273447
273448
273449
273450
273451
273523
273528
273529
273530
273533
273548
273550
273551
273569
273572
273573
273574
273579
273588
273589
273590
273856
273858
273859
273863
273864
273865
273866
273884
273886
273887
273891
273896
273897
273898
273901
273983
274068
274069
274070
274113
274116
274117
274118
274130
274131
274135
274136
274137
274138
274141
274158
274159
