49187
49193
49292
49294
49649
49655
49659
49720
49722
49797
49816
49818
49873
49883
51007
51092
51093
51094
51137
51140
51142
51147
51155
51161
51164
51165
51166
51180
51182
51395
51401
51405
51424
51426
51431
51432
51434
51732
51733
51734
51779
51785
51789
51808
51810
51815
51818
51819
51903
52036
52038
52061
52076
52078
56560
56562
56563
56568
56569
56570
56572
56573
56574
56901
56912
56913
56914
56915
56916
56918
56919
56920
56922
56923
56943
57093
57104
57105
57106
57107
57111
57112
57113
57114
57115
57117
57135
57164
57166
57167
57188
57189
57190
57200
57201
57202
57204
57205
57206
57207
57208
57210
57211
57264
57266
57267
57271
57272
57273
57274
57276
57277
57278
58124
58126
58127
58145
58148
58149
58150
58151
58155
58161
58164
58165
58166
58167
58171
58240
58241
58242
58244
58246
58247
58248
58250
58251
58268
58269
58270
58271
58275
58280
58281
58282
58284
58285
58286
58325
59472
59473
59474
59476
59478
59479
59483
59660
59661
59662
59681
59684
59686
59687
59691
59700
59701
59702
59775
59776
59777
59778
59779
59783
59784
59785
59786
59787
59804
59806
59807
59808
59810
59811
59816
59817
59818
59821
60147
60153
60156
60157
60158
60677
60688
60690
60691
60696
60697
60698
60719
60751
60773
60784
60785
60790
60791
60795
60848
60850
60851
60856
60857
60858
131891
131897
131900
131901
131902
131903
131985
131988
131989
131990
131991
131995
132032
132033
132034
132036
132037
132038
132039
132040
132042
132043
132051
132057
132060
132061
132062
132063
132064
132066
132067
132072
132073
132074
132076
132077
132078
132079
133393
133396
133397
133398
133399
133403
133440
133442
133443
133448
133449
133450
133452
133453
133454
133455
133472
133473
133474
133476
133477
133478
133479
133480
133482
133483
133489
133492
133493
133494
133495
133499
133555
133561
133564
133565
133566
133567
134208
134209
134210
134212
134213
134214
134215
134216
134218
134219
134227
134233
134236
134238
134239
134240
134242
134243
134248
134249
134250
134252
134253
134254
134255
134460
134462
134463
134548
134549
134550
134592
134593
134594
134596
134598
134599
134600
134602
134603
134620
134622
134623
134624
134626
134627
134632
134633
134634
134636
134637
134638
134848
134850
134851
134856
134857
134858
134860
134861
134862
134880
134881
134882
134884
134886
134887
134888
134890
134891
134900
134901
134902
134903
139540
139541
139542
139584
139586
139587
139592
139593
139594
139596
139597
139598
139616
139617
139618
139620
139622
139623
139624
139626
139627
139636
139637
139638
139708
139710
139711
140351
140437
140480
140481
140482
140483
140487
140488
140489
140490
140491
140492
140493
140494
140512
140513
140514
140515
140516
140518
140519
140520
140521
140522
140523
140525
140532
140533
140534
140864
140865
140866
140868
140870
140871
140872
140874
140875
140877
140892
140894
140895
140896
140898
140899
140904
140905
140906
140907
140908
140909
140910
140917
141076
141077
141078
141120
141122
141123
141128
141129
141130
141132
141133
141134
141152
141153
141154
141156
141158
141159
141160
141162
141163
141172
141173
141174
141244
141246
141247
142140
142142
142143
142228
142229
142230
142272
142273
142274
142275
142276
142278
142279
142280
142281
142282
142283
142285
142300
142302
142303
142304
142306
142307
142312
142313
142314
142315
142316
142317
142318
142325
144448
144449
144450
144452
144454
144455
144456
144458
144459
144476
144478
144479
144480
144482
144483
144488
144489
144490
144492
144493
144494
144691
144697
144700
144701
144702
144703
144785
144788
144789
144790
144791
144795
144833
144836
144837
144838
144839
144843
144851
144856
144857
144858
144860
144861
144862
144863
144867
144873
144876
144877
144878
144879
145090
145091
145096
145097
145098
145100
145101
145102
145103
145120
145121
145122
145124
145125
145126
145127
145128
145130
145131
145137
145140
145141
145142
145143
145147
212160
212162
212163
212168
212169
212170
212172
212173
212174
212175
212192
212193
212194
212196
212197
212198
212199
212200
212202
212203
212209
212212
212213
212214
212215
212219
212501
212544
212545
212546
212547
212548
212550
212551
212552
212554
212555
212569
212572
212573
212574
212575
212576
212578
212579
212584
212585
212586
212588
212589
212590
212671
212756
212757
212758
212800
212801
212802
212803
212806
212807
212808
212809
212810
212811
212813
212819
212825
212828
212829
212830
212831
212834
212835
212839
212840
212841
212842
212844
212845
212846
212926
212927
278533
278555
278611
278616
278638
278812
278813
278825
278879
278882
278963
278967
278970
279293
279588
279589
279605
279664
279666
279670
279675
279695
279712
279713
279716
279717
279718
279723
279859
279863
279864
279865
279866
279932
279933
279934
279939
279943
279944
279945
279946
279964
279965
279977
279980
279981
280268
280269
280270
280286
280287
280291
280295
280296
280298
281584
281585
281586
281588
281590
281595
282687
282752
282753
282754
282756
282757
282758
282763
282768
282769
282770
282772
282773
282774
282779
282799
282833
282836
282837
283072
283073
283074
283075
283076
283078
283079
283080
283081
283082
283083
283090
283091
283095
283096
283097
283098
283116
283117
283118
283119
283198
283199
283263
283264
283265
283266
283268
283269
283270
283275
283280
283281
283282
283284
283285
283286
283287
283291
283311
283348
283349
283852
283853
283854
283868
283869
283870
283871
283872
283874
283875
283878
283879
283880
283881
283882
283883
284132
284133
284144
284145
284146
284147
284148
284149
284150
284151
284152
284153
284154
284155
284174
284175
284191
284192
284193
284194
284196
284197
284198
284203
284208
284209
284210
284212
284213
284214
284219
284272
284273
284274
284275
284276
284277
284278
284279
284280
284281
284282
284283
284302
284303
284319
284320
284321
284322
284324
284325
284326
284327
284330
284331
284337
284340
284341
285491
285495
285496
285497
285498
285500
285501
285561
285564
285565
285566
285571
285575
285576
285577
285578
285580
285581
285587
285592
285593
285594
285596
285597
285598
285603
285608
285609
285610
285612
285613
285614
290752
290753
290754
290755
290758
290759
290762
290763
290771
290775
290776
290777
290778
290796
290798
290799
