65605
65616
65617
65620
65621
65792
65793
65796
65797
65798
65808
65809
65810
65814
65819
65839
65858
65862
65867
65874
65878
65883
65903
65983
66562
66566
66571
66578
66607
66627
66631
66634
66643
66647
66650
66670
66819
66823
66824
66825
66826
66835
66839
66840
66841
66842
66860
66861
66862
66883
66887
66888
66889
66890
66899
66903
66904
66905
66906
66924
66925
66926
67004
67005
67006
67326
68607
69635
69639
69640
69641
69642
69651
69655
69656
69657
69658
69676
69677
69678
69699
69703
69704
69705
69706
69708
69709
69715
69719
69720
69721
69722
69724
69725
69736
69737
69740
69741
69742
69817
69820
69821
69822
69891
69895
69896
69897
69898
69900
69901
69902
69907
69912
69913
69916
69917
69918
69923
69927
69928
69929
69930
69932
69933
69934
69960
69961
69964
69965
69966
69976
69977
69980
69981
69982
69987
69991
69992
69993
69994
69996
69997
70067
70071
70072
70073
70074
70076
70077
70392
70393
70396
70397
70398
70664
70665
70668
70669
70670
70680
70681
70684
70685
70686
70691
70695
70696
70697
70698
70700
70701
70732
70733
70734
70748
70749
70750
70751
70754
70755
70759
70760
70761
70762
70835
70839
70840
70841
70842
70845
70924
70925
70926
70927
70940
70941
70942
70943
70944
70945
70946
70947
70950
70951
70952
70953
70954
70955
70988
70989
70990
70991
71004
71005
71006
71007
71008
71009
71010
71011
71012
71013
71014
71015
71016
71017
71018
71019
71088
71089
71090
71091
71092
71093
71094
71095
71096
71097
71098
71099
71410
71411
71414
71415
71416
71417
71418
71419
72691
72695
72696
72697
72698
72700
72701
77820
77821
77822
163785
163788
163789
163790
163791
163808
163809
163812
163813
163814
163815
163819
163824
163825
163826
163828
163829
163830
163831
163834
163835
213040
213042
213043
213048
213049
213050
213052
213053
213054
213136
213137
213138
213140
213142
213143
213144
213146
213147
213188
213189
213190
213200
213202
213203
213208
213209
213210
213212
213213
213214
213228
213230
213231
213520
213521
213522
213524
213526
213527
213528
213530
213531
213580
213582
213583
213604
213605
213606
213616
213617
213618
213620
213622
213623
213624
213626
213627
213680
213682
213683
213688
213689
213690
213692
213693
213694
213828
213829
213830
213840
213842
213843
213848
213849
213850
213852
213853
213854
213868
213870
213871
215056
215057
215058
215060
215061
215062
215063
215064
215066
215067
215107
215113
215116
215117
215118
215119
215137
215140
215141
215142
215143
215152
215153
215154
215156
215158
215159
215160
215162
215163
215216
215218
215219
215224
215225
215226
215228
215229
215230
215231
215500
215502
215503
215524
215525
215526
215536
215537
215538
215540
215542
215543
215544
215546
215547
215600
215602
215603
215608
215609
215610
215612
215613
215614
215696
215697
215698
215700
215702
215703
215704
215706
215707
215748
215749
215750
215760
215762
215763
215768
215769
215770
215772
215773
215774
215788
215790
215791
216385
216388
216389
216390
216391
216395
216400
216402
216403
216408
216409
216410
216412
216413
216414
216415
216419
216425
216428
216429
216430
216431
221200
221201
221202
221204
221206
221207
221208
221210
221211
221260
221262
221263
221284
221285
221286
221296
221297
221298
221300
221302
221303
221304
221306
221307
221360
221362
221363
221368
221369
221370
221372
221373
221374
221635
221641
221644
221645
221646
221647
221665
221668
221669
221670
221671
221675
221680
221681
221682
221684
221685
221686
221687
221688
221690
221691
221744
221746
221747
221752
221753
221754
221756
221757
221758
221759
221840
221841
221842
221844
221845
221846
221847
221848
221850
221851
221889
221892
221893
221894
221895
221899
221904
221906
221907
221912
221913
221914
221916
221917
221918
221923
221929
221932
221933
221934
221935
223171
223177
223180
223181
223182
223183
223201
223204
223205
223206
223207
223211
223216
223217
223218
223220
223221
223222
223223
223224
223226
223227
223280
223282
223283
223288
223289
223290
223292
223293
223294
223295
223376
223377
223378
223380
223381
223382
223383
223384
223386
223387
223425
223428
223429
223430
223431
223435
223440
223442
223443
223448
223449
223450
223452
223453
223454
223455
223459
223465
223468
223469
223470
223471
223760
223761
223762
223764
223765
223766
223767
223768
223770
223771
223811
223817
223820
223821
223822
223823
223841
223844
223845
223846
223847
223851
223856
223857
223858
223860
223861
223862
223863
223864
223866
223867
223920
223922
223923
223928
223929
223930
223932
223933
223934
223935
224065
224068
224069
224070
224071
224075
224080
224082
224083
224088
224089
224090
224092
224093
224094
224095
224099
224105
224108
224109
224110
224111
226628
226629
226630
226640
226642
226643
226648
226649
226650
226652
226653
226654
226668
226670
226671
295423
295427
295433
295437
295457
295463
295467
295477
295583
295587
295593
295597
296947
296953
296956
296957
296958
296972
296974
296975
296996
296997
296998
297012
297014
297092
297094
297116
297118
297132
297134
297172
297174
297473
297479
297483
297507
297513
297517
297596
297598
297612
297614
297636
297638
297652
297654
297813
303052
303054
303055
303076
303077
303078
303088
303089
303090
303092
303094
303095
303096
303098
303099
303152
303154
303155
303160
303161
303162
303164
303165
303166
303248
303249
303250
303252
303254
303255
303256
303258
303259
303300
303301
303302
303312
303313
303314
303315
303319
303320
303321
303322
303323
303325
303340
303342
303343
303621
303632
303633
303634
303635
303639
303640
303641
303642
303643
303645
303663
303695
303717
303728
303729
303730
303731
303735
303736
303737
303738
303739
303741
303759
303781
303792
303793
303794
303795
303799
303800
303801
303802
303803
303805
303941
303952
303953
303954
303955
303959
303960
303961
303962
303963
303965
303983
305156
305157
305158
305171
305177
305180
305181
305182
305196
305198
305199
305267
305272
305273
305274
305277
305292
305294
305295
305316
305317
305318
305329
305332
305334
305335
305339
305648
305650
305651
305656
305657
305658
305661
305679
305701
305712
305713
305714
305719
305720
305722
305723
305797
305808
305810
305811
305816
305817
305818
305821
305839
305872
305873
305874
305879
305880
305882
305883
306513
306516
306518
306519
306523
