32771
32824
32964
33005
33013
33375
33391
33554
33565
33665
33672
33674
33675
33707
33716
33718
35093
35184
35187
35193
35198
35251
35257
35260
35262
35905
35912
35914
35917
35940
35943
35956
35958
35959
36356
36358
36384
36386
36387
36393
36397
36398
36405
36485
36511
36515
36524
36526
36527
36562
36568
36570
36573
36689
36696
36698
36699
42068
42070
42071
42291
42300
42302
42303
42389
42432
42434
42435
42441
42442
42445
42446
42468
42470
42471
42481
42487
42488
42490
42491
42691
42700
42702
42703
42725
42736
42738
42739
42744
42745
42746
42749
42750
45313
45316
45319
45320
45322
45323
45345
45351
45352
45354
45355
45357
45364
45365
45366
45367
45456
45458
45459
45465
45466
45468
45469
45470
45509
45520
45523
45529
45532
45534
45535
45539
45548
45550
45551
47121
47124
47126
47127
47128
47130
47131
47219
47225
47228
47230
47231
47232
47234
47235
47241
47244
47245
47246
47247
47268
47269
47270
47280
47281
47282
47283
47288
47289
47290
47291
47293
47294
47633
47636
47638
47639
47640
47642
47643
47645
47743
47744
47745
47746
47747
47752
47753
47754
47756
47757
47758
47759
47780
47781
47782
47783
47793
47794
47796
47799
47800
47802
47803
47805
47829
47940
47942
47943
47968
47969
47970
47971
47976
47977
47978
47980
47981
47982
47989
48449
48452
48453
48454
48455
48456
48459
48479
48480
48481
48482
48483
48488
48489
48490
48491
48492
48493
48494
48501
118864
118865
118866
118868
118870
118871
118872
118874
118875
118895
119052
119054
119055
119076
119077
119078
119088
119089
119090
119092
119094
119095
119096
119098
119099
119172
119173
119174
119184
119186
119187
119192
119193
119194
119196
119197
119198
119212
119214
119215
119248
119249
119250
119252
119254
119255
119256
119258
119259
119536
119538
119539
119544
119545
119546
119548
119549
119550
120591
120613
120624
120625
120626
120627
120632
120633
120634
120636
120637
120638
120721
120722
120724
120725
120726
120727
120728
120730
120731
120769
120772
120773
120774
120775
120779
120787
120796
120798
120799
120800
120802
120803
120808
120809
120810
120812
120813
120814
120815
120821
121036
121038
121039
121061
121062
121072
121073
121074
121075
121079
121080
121081
121082
121083
121085
121086
121413
121424
121425
121426
121427
121428
121430
121431
121432
121433
121434
121435
121437
121455
121604
121605
121606
121616
121617
121618
121619
121623
121624
121625
121626
121628
121629
121630
121644
121646
121647
121712
121714
121715
121720
121721
121722
121724
121725
121726
121740
121742
121743
121764
121765
121766
121776
121777
121778
121780
121782
121783
121784
121786
121787
197892
197893
197894
197904
197905
197906
197907
197911
197912
197913
197914
197916
197917
197918
197932
197934
197935
197967
197989
198000
198001
198002
198003
198007
198008
198009
198010
198011
198012
198013
198014
198028
198030
198031
198052
198053
198054
198064
198065
198066
198067
198068
198070
198071
198072
198073
198074
198075
198077
200911
200933
200944
200945
200946
200947
200951
200952
200953
200954
200955
200957
201285
201296
201297
201298
201299
201303
201304
201305
201306
201307
201309
201327
201477
201488
201489
201490
201491
201495
201496
201497
201498
201499
201501
201519
201551
201573
201584
201585
201586
201587
201591
201592
201593
201594
201595
201597
201615
201637
201648
201649
201650
201651
201655
201656
201657
201658
201659
201661
202832
202833
202834
202836
202838
202839
202840
202842
202843
203020
203022
203023
203044
203045
203046
203056
203057
203058
203059
203060
203062
203063
203064
203065
203066
203067
203069
203141
203142
203152
203153
203154
203155
203159
203160
203161
203162
203163
203164
203165
203166
203180
203183
203205
203216
203217
203218
203219
203223
203224
203225
203226
203227
203229
203247
203471
203493
203504
203505
203506
203507
203512
203513
203514
203516
203517
203518
204036
204037
204038
204039
204043
204048
204050
204051
204057
204060
204061
204062
204063
204067
204073
204076
204077
204078
204079
204156
204158
204159
204160
204161
204162
204163
204168
204169
204170
204172
204173
204174
204193
204194
204196
204198
204199
204200
204202
204203
204209
204212
204213
204214
204215
204219
204245
208652
208655
208677
208678
208688
208689
208690
208691
208692
208694
208695
208696
208697
208698
208699
208701
208772
208773
208774
208784
208785
208786
208787
208791
208792
208793
208794
208795
208796
208797
208798
208812
208814
208815
208837
208848
208849
208850
208851
208852
208854
208855
208856
208857
208858
208859
208861
208879
278674
278685
278739
279114
279158
279317
279372
279374
279409
279419
279487
280833
280839
280843
280865
280872
280874
280885
280965
280988
280991
281004
281006
281007
281041
281048
281050
281686
281871
281893
281904
281906
281912
281914
281917
282001
282004
282007
282011
282052
282054
282055
282080
282082
282083
282089
282093
282094
282355
282361
282364
282366
287749
287763
287769
287772
287774
287775
287779
287788
287790
287791
287873
287879
287880
287882
287883
287904
287905
287906
287911
287912
287914
287915
287917
287924
287925
287926
287956
287957
287958
288273
288276
288278
288279
288283
288368
288371
288377
288380
288382
288383
288396
288399
288421
288432
288434
288435
288440
288441
288442
288445
288580
288582
288583
288608
288610
288611
288617
288621
288622
291152
291153
291154
291155
291160
291161
291162
291163
291165
291903
291989
292032
292034
292035
292040
292041
292042
292044
292045
292046
292065
292068
292069
292070
292071
292075
292081
292084
292086
292087
292088
292090
292091
292421
292432
292433
292434
292435
292440
292441
292442
292443
292444
292445
292446
292463
292613
292624
292626
292627
292632
292633
292634
292636
292637
292638
292639
292652
292654
292655
292735
292736
292737
292738
292739
292744
292745
292746
292747
292748
292749
292750
292769
292772
292774
292775
292776
292778
292779
292785
292788
292789
292790
292791
292795
292821
293695
293781
293824
293826
293827
293833
293834
293836
293837
293838
293860
293861
293862
293863
293873
293876
293878
293879
293880
293882
293883
