65569
65579
65668
65670
66072
66074
66163
66169
66191
66232
66234
66387
66393
66397
67649
67655
67659
67680
67682
67688
67690
67693
68044
68046
68068
68070
68087
68156
68158
68159
68245
68289
68295
68299
68320
68322
68329
68330
68333
68885
68931
68937
68940
68942
68964
68966
68977
68980
68982
68983
68987
69052
69054
69055
73988
73989
73990
74003
74009
74012
74013
74014
74015
74019
74025
74028
74029
74030
74031
74111
74112
74114
74115
74120
74121
74122
74124
74125
74126
74145
74148
74150
74151
74152
74154
74155
74164
74165
74166
74167
75535
75557
75568
75569
75570
75576
75578
75579
75664
75665
75666
75672
75674
75675
75717
75728
75731
75737
75741
75742
75759
76016
76018
76019
76025
76028
76029
76030
76369
76372
76374
76375
76379
76548
76550
76551
76572
76574
76575
76579
76585
76588
76589
76590
76672
76673
76674
76675
76680
76681
76682
76683
76685
76704
76705
76706
76711
76712
76714
76715
76724
76725
76726
76757
78928
78929
78930
78932
78934
78935
78936
78938
78939
79119
79141
79152
79153
79154
79155
79159
79160
79161
79162
79163
79165
79248
79249
79250
79252
79254
79255
79256
79258
79259
79261
79300
79301
79302
79312
79314
79315
79320
79321
79322
79324
79325
79326
79327
79340
79342
79343
79567
79589
79600
79601
79602
79603
79608
79609
79610
79612
79613
79614
147729
147732
147733
147734
147735
147739
147776
147778
147779
147784
147785
147786
147788
147789
147790
147791
147808
147809
147810
147812
147813
147814
147815
147816
147818
147819
147825
147828
147829
147830
147831
147835
147891
147897
147900
147901
147902
147903
148672
148674
148675
148680
148681
148682
148684
148685
148686
148687
148704
148705
148706
148708
148709
148710
148711
148712
148714
148715
148721
148724
148725
148726
148731
149056
149057
149058
149060
149062
149063
149064
149066
149067
149084
149085
149086
149087
149088
149090
149091
149096
149097
149098
149100
149101
149102
149268
149269
149270
149312
149314
149315
149320
149321
149322
149324
149325
149326
149344
149345
149346
149348
149350
149351
149352
149354
149355
149364
149365
149366
149436
149438
149439
150323
150329
150332
150333
150334
150335
150417
150420
150421
150422
150423
150427
150464
150465
150466
150468
150469
150470
150471
150472
150474
150475
150483
150489
150492
150493
150494
150495
150496
150498
150499
150504
150505
150506
150508
150509
150510
150511
154816
154818
154819
154824
154825
154826
154828
154829
154830
154848
154849
154850
154852
154854
154855
154856
154858
154859
154868
154869
154870
155201
155202
155204
155205
155206
155207
155208
155210
155211
155219
155225
155228
155229
155230
155231
155232
155234
155235
155240
155241
155242
155244
155245
155246
155247
155409
155412
155413
155414
155415
155419
155459
155465
155468
155469
155470
155471
155489
155492
155493
155494
155495
155499
155505
155508
155509
155510
155511
155512
155514
155515
155571
155577
155580
155581
155582
155583
156476
156478
156479
156564
156565
156566
156608
156609
156610
156612
156614
156615
156616
156618
156619
156636
156638
156639
156640
156642
156643
156648
156649
156650
156652
156653
156654
157972
157973
157974
158016
158017
158018
158019
158023
158024
158025
158026
158027
158028
158029
158030
158047
158048
158049
158050
158052
158054
158055
158056
158057
158058
158059
158068
158069
158070
158140
158142
158143
158741
158784
158785
158786
158787
158788
158790
158791
158792
158793
158794
158795
158797
158812
158814
158815
158816
158817
158818
158819
158823
158824
158825
158826
158827
158828
158829
158830
158911
159036
159038
159039
159124
159125
159126
159168
159169
159170
159172
159174
159175
159176
159178
159179
159196
159198
159199
159200
159202
159203
159208
159209
159210
159212
159213
159214
159424
159426
159427
159431
159432
159433
159434
159436
159437
159438
159455
159456
159457
159458
159460
159462
159463
159464
159465
159466
159467
159476
159477
159478
234560
234561
234562
234564
234565
234566
234567
234568
234570
234571
234579
234585
234588
234589
234590
234591
234592
234594
234595
234600
234601
234602
234604
234605
234606
234607
234812
234814
234815
234901
234902
234944
234945
234946
234947
234951
234952
234953
234954
234955
234957
234958
234977
234978
234980
234982
234983
234984
234986
234987
234989
234993
234996
234997
234998
234999
235003
235071
235157
235200
235201
235202
235203
235208
235209
235210
235212
235213
235214
235232
235233
235234
235236
235238
235239
235240
235242
235243
235252
235253
235254
235255
235259
311311
311353
311526
311537
311544
311895
312107
312116
312119
312209
312218
312221
312290
312309
313680
313682
313683
313689
313692
313694
314399
314412
314415
314501
314528
314531
314537
314540
314542
314543
314576
314578
314585
314590
314948
314950
314951
314977
314984
314986
314989
314997
314998
315153
315160
315162
315163
315165
315265
315272
315274
315275
315277
315300
315303
315307
315316
315319
315348
315350
315351
320832
320833
320834
320835
320841
320842
320845
320846
320868
320869
320870
320881
320888
320890
320891
320893
323605
323699
323708
323711
323712
323714
323715
323721
323724
323726
323727
323749
323760
323762
323763
323769
323772
323774
323775
324117
324118
324220
324223
324224
324226
324227
324233
324236
324238
324239
324261
324272
324274
324275
324281
324284
324285
324286
324287
324309
324416
324417
324418
324419
324424
324425
324426
324427
324428
324429
324430
324452
324453
324454
324455
324465
324466
324472
324474
324475
324477
325905
325908
325911
325912
325914
325915
325917
326017
326020
326023
326024
326026
326027
326029
326049
326052
326054
326055
326056
326058
326059
326065
326068
326070
326071
326072
326074
326075
326100
326102
326103
326107
326724
326726
326727
326752
326753
326754
326760
326761
326762
326763
326765
326766
326772
326773
326774
326775
327173
327174
327184
327186
327187
327193
327196
327198
327199
327200
327202
327203
327209
327212
327214
327215
327221
327301
327302
327315
327324
327327
327328
327330
327331
327337
327338
327340
327341
327342
327343
327349
327376
327377
327378
327379
327384
327385
327386
327387
327388
327389
327390
327391
327504
327505
327506
327507
327512
327513
327514
327515
327516
327517
327518
327519
327532
327535
