16591
16624
16627
16636
16639
17152
17155
17164
17166
17167
17189
17200
17202
17203
17209
17214
17301
17346
17353
17358
17381
17394
17401
17406
18773
19458
19465
19470
19493
19506
19649
19658
19661
19686
19697
19706
19709
20054
20225
20232
20234
20235
20237
20260
20262
20263
20273
20280
20282
20283
20285
20372
20374
20375
20417
20424
20426
20427
20429
20452
20454
20455
20465
20472
20474
20475
20477
25940
25942
25943
28673
28680
28682
28683
28685
28708
28710
28711
28721
28728
28730
28731
28733
28820
28822
28823
28827
28865
28868
28871
28872
28874
28875
28877
28900
28902
28903
28904
28907
28913
28916
28919
28920
28922
28923
28925
29268
29270
29271
29272
29275
29441
29444
29446
29447
29448
29450
29451
29453
29473
29476
29478
29479
29480
29482
29483
29485
29489
29492
29494
29495
29496
29499
29585
29588
29591
29592
29594
29595
29597
29636
29638
29639
29640
29643
29665
29668
29671
29672
29674
29675
29677
29684
29686
29687
29688
29691
31057
31060
31063
31064
31066
31067
31069
31748
31750
31751
31752
31755
31777
31780
31783
31784
31786
31787
31789
31796
31798
31799
31800
31803
31889
31895
31896
31898
31899
31901
31940
31942
31943
31969
31970
31976
31978
31979
31981
31988
31989
31990
31991
32337
32338
32344
32345
32346
32347
32349
32350
32516
32517
32518
32519
32544
32545
32546
32547
32552
32553
32554
32555
32557
32558
32564
32565
32566
32567
32656
32657
32658
32659
32664
32665
32666
32667
32668
32669
32670
32671
32708
32709
32710
32711
32736
32737
32738
32739
32744
32745
32746
32747
32748
32749
32750
32751
32756
32757
32758
32759
103748
103749
103750
103751
103755
103760
103762
103763
103769
103770
103772
103773
103774
103775
103776
103779
103785
103788
103789
103790
103791
180240
180241
180242
180244
180246
180247
180248
180250
180251
180300
180302
180303
180324
180325
180326
180336
180337
180338
180340
180342
180343
180344
180346
180347
180400
180402
180403
180408
180409
180410
180412
180413
180414
180684
180686
180687
180708
180709
180710
180720
180721
180722
180724
180726
180727
180728
180730
180731
180784
180786
180787
180792
180793
180794
180796
180797
180798
180880
180881
180882
180884
180886
180887
180888
180890
180891
180932
180933
180934
180944
180946
180947
180952
180953
180954
180956
180957
180958
180972
180974
180975
182211
182217
182220
182221
182222
182223
182241
182244
182245
182246
182247
182251
182256
182257
182258
182260
182261
182262
182263
182264
182266
182267
182320
182322
182323
182328
182329
182330
182332
182333
182334
182335
182416
182417
182418
182420
182421
182422
182423
182424
182426
182427
182465
182468
182469
182470
182471
182475
182480
182482
182483
182488
182489
182490
182492
182493
182494
182499
182508
182509
182510
182511
182800
182801
182802
182804
182806
182807
182808
182810
182811
182860
182862
182863
182884
182885
182886
182896
182897
182898
182900
182902
182903
182904
182906
182907
182960
182962
182963
182968
182969
182970
182972
182973
182974
183108
183109
183110
183120
183122
183123
183128
183129
183130
183132
183133
183134
183148
183150
183151
188364
188366
188367
188388
188389
188390
188400
188401
188402
188404
188406
188407
188408
188410
188411
188464
188466
188467
188472
188473
188474
188476
188477
188478
188560
188561
188562
188564
188566
188567
188568
188570
188571
188612
188613
188614
188624
188626
188627
188632
188633
188634
188636
188637
188638
188652
188654
188655
188944
188945
188946
188948
188949
188950
188951
188952
188954
188955
188995
189001
189004
189005
189006
189007
189025
189028
189029
189030
189031
189035
189040
189041
189042
189044
189046
189047
189048
189050
189051
189104
189106
189107
189112
189113
189114
189116
189117
189118
189119
189249
189252
189253
189254
189255
189259
189264
189266
189267
189272
189273
189274
189276
189277
189278
189279
189283
189289
189292
189293
189294
189295
190480
190481
190482
190484
190485
190486
190487
190488
190490
190491
190531
190537
190540
190541
190542
190543
190561
190564
190565
190566
190567
190571
190576
190577
190578
190580
190581
190582
190583
190584
190586
190587
190640
190642
190643
190648
190649
190650
190652
190653
190654
190655
190915
190921
190924
190925
190926
190927
190945
190948
190949
190950
190951
190955
190960
190961
190962
190964
190965
190966
190967
190968
190970
190971
191024
191026
191027
191032
191033
191034
191036
191037
191038
191039
191120
191121
191122
191124
191125
191126
191127
191128
191130
191131
191169
191172
191173
191174
191175
191179
191184
191186
191187
191192
191193
191194
191196
191197
191198
191199
191203
191209
191212
191213
191214
191215
191809
191812
191813
191814
191815
191819
191824
191826
191827
191832
191833
191834
191836
191837
191838
191839
191843
191849
191852
191853
191854
191855
262657
262663
262667
262687
262691
262697
262701
262817
262823
262827
262837
262997
264196
264197
264198
264220
264222
264236
264238
264239
264316
264318
264332
264334
264356
264358
264372
264374
264703
264707
264713
264717
264737
264743
264747
264836
264838
264860
264862
264876
264878
264916
264918
265553
265556
265558
265559
265563
270352
270353
270354
270356
270358
270359
270360
270362
270363
270412
270414
270415
270436
270437
270438
270448
270449
270450
270451
270455
270456
270457
270458
270459
270461
270512
270514
270515
270520
270521
270522
270524
270525
270526
270799
270821
270832
270833
270834
270835
270839
270840
270841
270842
270843
270845
270863
270885
270896
270897
270898
270899
270903
270904
270905
270906
270907
270909
270981
270992
270993
270994
270995
270999
271000
271001
271002
271003
271005
271023
271045
271056
271057
271058
271059
271063
271064
271065
271066
271067
271069
271087
272371
272377
272380
272381
272382
272396
272398
272399
272420
272421
272422
272433
272436
272438
272439
272443
272516
272517
272518
272531
272537
272540
272541
272542
272556
272558
272559
272593
272599
272600
272602
272603
272901
272912
272914
272915
272920
272921
272922
272925
272943
273008
273010
273011
273016
273017
273018
273021
273039
273061
273072
273073
273074
273079
273080
273082
273083
273232
273233
273234
273239
273240
273242
273243
275780
275781
275782
275792
275794
275795
275800
275801
275802
275804
275805
275806
275820
275822
275823
