32790
32855
32858
33032
33033
33100
33101
33102
33118
33123
33127
33128
33130
33208
33209
33532
33534
33807
33823
33824
33825
33826
33830
33835
33893
33905
33908
33909
33968
33969
33972
33973
33974
33979
34096
34097
34098
34102
34107
34163
34167
34168
34169
34170
34188
34189
34190
34206
34207
34210
34211
34215
34216
34218
34511
34528
34529
34530
34532
34533
34534
34539
35831
36920
36921
36924
36925
36926
36988
36989
36990
36991
36995
36999
37000
37001
37002
37011
37015
37016
37017
37018
37036
37037
37038
37183
37247
37248
37249
37250
37252
37253
37254
37259
37264
37265
37266
37268
37269
37270
37275
37295
37317
37328
37329
37332
37333
37334
37339
37568
37569
37570
37572
37573
37574
37575
37578
37579
37584
37585
37586
37587
37590
37591
37592
37594
37595
37614
37615
38080
38081
38082
38083
38084
38085
38086
38087
38088
38089
38090
38091
38096
38097
38098
38099
38102
38103
38104
38105
38106
38107
38124
38125
38126
38127
38339
38344
38345
38348
38349
38350
38351
38364
38365
38366
38367
38368
38369
38370
38371
38374
38375
38376
38377
38378
38379
38381
38451
38455
38456
38457
38458
38460
38461
38462
38524
38525
38526
38527
38530
38531
38535
38536
38537
38538
38540
38541
38547
38551
38552
38553
38554
38556
38557
38558
38563
38568
38569
38572
38573
38574
39742
39743
39807
39808
39809
39810
39812
39813
39814
39819
39824
39825
39826
39828
39829
39830
39831
39835
39855
39888
39889
39892
39893
45000
45001
45004
45005
45020
45021
45022
45027
45031
45032
45033
45034
45037
130288
130290
130291
130296
130297
130298
130300
130301
130302
130629
130640
130641
130642
130643
130644
130646
130647
130648
130650
130651
130671
130820
130821
130822
130832
130833
130834
130835
130839
130840
130841
130842
130843
130844
130845
130846
130860
130862
130863
130892
130894
130895
130912
130913
130916
130917
130918
130923
130928
130929
130930
130932
130933
130934
130935
130938
130939
130959
130981
130992
130993
130994
130995
130998
130999
131000
131001
131002
131003
131004
131005
181004
181006
181007
181028
181029
181030
181040
181041
181042
181044
181046
181047
181048
181050
181051
181124
181125
181126
181136
181138
181139
181144
181145
181146
181148
181149
181150
181164
181166
181167
181200
181201
181202
181204
181206
181207
181208
181210
181211
182532
182533
182534
182544
182546
182547
182552
182553
182554
182556
182557
182558
182572
182574
182575
182640
182642
182643
182648
182649
182650
182652
182653
182654
182668
182670
182671
182692
182693
182694
182704
182705
182706
182708
182710
182711
182712
182714
182715
183376
183377
183378
183380
183382
183383
183384
183386
183387
183389
183564
183566
183567
183588
183589
183590
183600
183601
183602
183603
183604
183606
183607
183608
183609
183610
183611
183613
183684
183685
183686
183696
183697
183698
183699
183703
183704
183705
183706
183707
183708
183709
183710
183724
183726
183727
183749
183760
183761
183762
183763
183764
183766
183767
183768
183769
183770
183771
183773
183791
184015
184037
184048
184049
184050
184051
184056
184057
184058
184059
184060
184061
184062
188676
188677
188678
188688
188689
188690
188691
188695
188696
188697
188698
188699
188700
188701
188702
188716
188718
188719
188751
188773
188784
188785
188786
188787
188791
188792
188793
188794
188795
188796
188797
188798
188812
188814
188815
188836
188837
188838
188848
188849
188850
188851
188852
188854
188855
188856
188857
188858
188859
188861
189647
189669
189680
189681
189682
189683
189687
189688
189689
189690
189691
189692
189693
189694
190021
190032
190033
190034
190035
190036
190038
190039
190040
190041
190042
190043
190045
190063
190212
190213
190214
190224
190225
190226
190227
190231
190232
190233
190234
190235
190236
190237
190238
190252
190254
190255
190287
190309
190320
190321
190322
190323
190327
190328
190329
190330
190331
190332
190333
190334
190348
190350
190351
190372
190373
190374
190384
190385
190386
190387
190388
190390
190391
190392
190393
190394
190395
190397
191244
191246
191247
191268
191269
191270
191280
191281
191282
191283
191284
191286
191287
191288
191289
191290
191291
191293
191364
191365
191366
191376
191377
191378
191379
191383
191384
191385
191386
191387
191388
191389
191390
191404
191406
191407
191429
191440
191441
191442
191443
191444
191446
191447
191448
191449
191450
191451
191453
191471
193605
193616
193617
193618
193619
193620
193622
193623
193624
193625
193626
193627
193629
193647
193804
193806
193807
193828
193829
193830
193840
193841
193842
193844
193846
193847
193848
193850
193851
193921
193924
193925
193926
193927
193931
193936
193938
193939
193944
193945
193946
193948
193949
193950
193955
193961
193964
193965
193966
193967
194000
194001
194002
194004
194005
194006
194007
194011
194288
194290
194291
194296
194297
194298
194300
194301
194302
262175
262268
262270
262640
262642
262648
262650
262704
262706
262803
262809
262813
262831
264128
264130
264135
264136
264138
264159
264162
264163
264168
264169
264170
264173
264384
264385
264386
264391
264392
264394
264395
264415
264419
264425
264429
264721
264731
264780
264782
264801
264804
264806
264820
264821
264822
264892
264894
265029
265043
265049
265071
269567
269909
270080
270081
270082
270083
270084
270086
270087
270088
270089
270090
270091
270108
270110
270111
270112
270114
270115
270120
270121
270122
270124
270125
270126
270195
270201
270204
270205
270206
270207
270211
270217
270220
270221
270222
270223
270240
270241
270242
270244
270245
270246
270247
270250
270251
270257
270260
270261
270262
270267
270591
270933
271104
271105
271106
271107
271111
271112
271113
271114
271115
271117
271132
271134
271135
271136
271138
271139
271144
271145
271146
271149
271219
271225
271228
271229
271230
271231
271235
271241
271244
271245
271246
271264
271265
271266
271268
271270
271271
271275
271284
271285
271286
272452
272453
272454
272467
272472
272473
272474
272477
272492
272494
272495
272655
272677
272688
272689
272690
272695
272696
272698
272699
272772
272773
272774
272784
272786
272787
272792
272793
272794
272797
272812
272814
272815
272849
272852
272853
272854
272855
272859
273103
273125
273136
273137
273138
273143
273144
273146
273147
273681
273684
273686
273687
273691
273731
273737
273740
273741
273742
273761
273764
273766
273767
273771
273780
273781
273852
273853
273854
