49168
49169
49218
49343
49411
49415
49418
49432
49433
49452
49453
49454
49500
49501
49513
49597
50188
50189
50190
50206
50211
50215
50218
50255
50271
50272
50273
50274
50276
50278
50283
50354
50359
50447
50464
50465
50468
50469
50484
50485
50544
50545
50546
50548
50549
50550
50555
50575
50592
50593
50596
50597
50598
50603
50613
50928
50929
50930
50932
50933
50934
50939
52211
52216
52217
52218
53298
53299
53302
53303
53306
53307
53363
53367
53368
53369
53370
53388
53389
53390
53404
53405
53406
53407
53411
53415
53416
53417
53418
53555
53560
53561
53564
53565
53566
53628
53629
53630
53635
53639
53640
53641
53642
53651
53655
53656
53657
53658
53660
53661
53673
53676
53677
53678
53955
53960
53961
53964
53965
53966
53977
53980
53981
53982
53987
53991
53992
53993
53994
53996
53997
54332
54333
54334
54335
54399
54400
54401
54402
54404
54405
54406
54407
54411
54416
54417
54418
54419
54420
54421
54422
54423
54426
54427
54446
54447
54484
54485
54591
54672
54673
54676
54677
54720
54721
54722
54724
54725
54726
54727
54730
54731
54736
54737
54738
54739
54740
54741
54742
54743
54744
54745
54746
54747
54764
54766
54767
54847
54912
54913
54916
54917
54918
54923
54928
54929
54930
54932
54933
54934
54939
54959
54976
54977
54978
54980
54981
54982
54987
54992
54993
54994
54996
54997
54998
55003
55023
56256
56257
56258
56259
56260
56261
56262
56263
56264
56265
56266
56267
56274
56275
56278
56279
56280
56281
56282
56283
56300
56301
56302
56303
61390
61391
61407
61408
61409
61410
61412
61413
61414
61419
146687
147029
147200
147201
147202
147203
147207
147208
147209
147210
147211
147212
147213
147214
147231
147232
147233
147234
147235
147238
147239
147240
147241
147242
147243
147245
147252
147253
147315
147320
147321
147324
147325
147326
147327
147330
147331
147336
147337
147338
147340
147341
147342
147359
147360
147361
147362
147363
147364
147366
147367
147368
147369
147370
147371
147373
147380
147381
196860
196862
196863
197204
197205
197206
197376
197377
197378
197379
197380
197382
197383
197384
197385
197386
197387
197389
197404
197406
197407
197408
197409
197410
197411
197415
197416
197417
197418
197419
197420
197421
197422
197429
197500
197502
197503
197504
197505
197506
197507
197511
197512
197513
197514
197515
197516
197517
197518
197535
197536
197537
197538
197539
197540
197542
197543
197544
197545
197546
197547
197549
197556
197557
197558
197589
198740
198741
198912
198913
198914
198915
198919
198920
198921
198922
198923
198924
198925
198926
198943
198944
198945
198946
198947
198948
198950
198951
198952
198953
198954
198955
198957
198964
198965
198966
199039
199040
199041
199042
199043
199044
199046
199047
199048
199049
199050
199051
199053
199068
199070
199071
199072
199073
199074
199075
199079
199080
199081
199082
199083
199084
199085
199086
199093
199124
199125
199126
199420
199422
199423
199765
199936
199937
199938
199939
199943
199944
199945
199946
199947
199949
199967
199968
199969
199970
199971
199975
199976
199977
199978
199979
199981
199989
200063
200064
200065
200066
200067
200071
200072
200073
200074
200075
200077
200095
200096
200097
200098
200099
200103
200104
200105
200106
200107
200109
200117
200149
200447
204884
204885
204886
205056
205057
205058
205059
205063
205064
205065
205066
205067
205069
205087
205088
205089
205090
205091
205095
205096
205097
205098
205099
205101
205109
205183
205184
205185
205186
205187
205191
205192
205193
205194
205195
205197
205215
205216
205217
205218
205219
205223
205224
205225
205226
205227
205229
205237
205269
205566
205567
206079
206421
206592
206593
206594
206595
206599
206600
206601
206602
206603
206605
206623
206624
206625
206626
206627
206631
206632
206633
206634
206635
206637
206645
206719
206720
206721
206722
206723
206727
206728
206729
206730
206731
206733
206751
206752
206753
206754
206755
206759
206760
206761
206762
206763
206765
206773
206805
207103
207445
207616
207617
207618
207619
207623
207624
207625
207626
207627
207629
207647
207648
207649
207650
207651
207655
207656
207657
207658
207659
207661
207669
207743
207744
207745
207746
207747
207751
207752
207753
207754
207755
207757
207775
207776
207777
207778
207779
207783
207784
207785
207786
207787
207789
207797
207829
210005
210176
210177
210178
210179
210180
210182
210183
210184
210185
210186
210187
210189
210204
210206
210207
210208
210209
210210
210211
210215
210216
210217
210218
210219
210220
210221
210222
210229
210300
210302
210303
210304
210306
210307
210312
210313
210314
210316
210317
210318
210335
210336
210337
210338
210340
210342
210343
210344
210346
210347
210356
210357
210358
210687
278689
278709
279027
279055
279077
279089
279095
279099
279172
279174
279252
279254
280515
280521
280524
280525
280544
280545
280551
280555
280565
280636
280638
280639
280724
280725
280726
280772
280774
280796
280797
280798
280812
280814
281104
281106
281111
281112
281114
281167
281189
281201
281207
281211
281267
281273
281277
281424
281426
281432
281434
286476
286477
286478
286479
286497
286500
286501
286502
286503
286507
286513
286516
286517
286518
286519
286523
286592
286593
286594
286596
286597
286598
286599
286600
286602
286603
286611
286617
286620
286621
286622
286623
286627
286632
286633
286636
286637
286638
286639
286673
286676
286677
286678
286963
286968
286969
286970
286972
286973
286974
287312
287313
287314
287316
287318
287319
287320
287322
287323
287492
287493
287494
287504
287506
287507
287511
287512
287513
287514
287517
287532
287534
287535
287567
287589
287600
287601
287602
287607
287608
287610
287611
287631
287653
287664
287665
287666
287667
287671
287672
287673
287674
287675
287677
288832
288833
288834
288839
288840
288842
288843
288860
288862
288863
288867
288872
288873
288874
288877
289075
289081
289084
289085
289086
289169
289172
289174
289175
289179
289220
289221
289222
289232
289234
289235
289240
289241
289242
289244
289245
289246
289260
289262
289263
289475
289481
289484
289485
289486
289505
289508
289510
289511
289515
289524
289525
289526
290069
290112
290114
290119
290120
290122
290143
290144
290146
290147
290152
290153
290154
290157
290239
