49177
49254
49331
49540
49542
49560
49562
49583
49621
49868
49870
49888
49890
50383
50404
50405
50406
50420
50421
50422
50692
50693
50694
50704
50706
50711
50712
50714
50715
50735
50764
50765
50766
50783
50784
50786
50791
50792
50794
50876
50877
50878
51025
51028
51029
51030
52018
52023
52024
52026
52095
52096
52098
52103
52124
52125
52140
52141
52142
54073
54076
54077
54078
54144
54145
54148
54149
54150
54155
54160
54161
54162
54163
54167
54168
54169
54170
54171
54191
54225
54228
54229
54230
54235
55297
55300
55301
55302
55312
55313
55314
55315
55316
55318
55319
55320
55321
55322
55323
55343
55363
55368
55369
55372
55373
55374
55390
55391
55392
55393
55394
55395
55396
55398
55399
55400
55401
55402
55403
55475
55480
55481
55484
55485
55486
55600
55601
55602
55603
55607
55608
55609
55610
55611
55679
55680
55681
55682
55683
55686
55687
55688
55689
55690
55691
55699
55704
55705
55708
55709
55710
55715
55721
55724
55725
55726
56012
56014
56015
56032
56033
56034
56036
56037
56038
56043
56049
56052
56053
56054
56059
56645
56656
56657
56658
56660
56661
56662
56663
56664
56666
56667
56687
60611
60617
60620
60621
60622
60639
60640
60642
60643
60647
60648
60649
60650
60651
60927
60928
60930
60931
60935
60936
60938
60956
60957
60958
60963
60969
60972
60973
60974
61007
61025
61028
61029
61030
61041
61044
61045
61046
61051
61104
61105
61106
61111
61112
61114
61115
143362
143363
143369
143372
143373
143374
143375
143393
143396
143397
143398
143399
143403
143409
143412
143413
143414
143415
143419
143489
143492
143493
143494
143495
143499
143507
143513
143516
143517
143518
143519
143523
143529
143532
143533
143534
143535
143569
143572
143573
143574
143575
143578
143579
143873
143876
143877
143878
143879
143883
143888
143890
143891
143896
143897
143898
143900
143901
143902
143903
143907
143913
143916
143917
143918
143919
143986
143987
143992
143993
143996
143997
143998
143999
144003
144009
144012
144013
144014
144015
144033
144036
144037
144038
144039
144043
144048
144049
144050
144052
144053
144054
144055
144056
144058
144059
144208
144209
144210
144212
144213
144214
144215
144216
144218
144219
145395
145401
145404
145405
145406
145407
145410
145411
145416
145417
145418
145420
145421
145422
145439
145440
145441
145442
145443
145444
145446
145447
145448
145449
145450
145451
145453
145460
145461
145529
145532
145533
145534
145535
145536
145538
145539
145544
145545
145546
145548
145549
145550
145567
145568
145569
145570
145571
145572
145574
145575
145576
145577
145578
145579
145581
145588
145589
145906
145907
145912
145913
145914
145916
145917
145918
145919
145923
145929
145932
145933
145934
145935
145953
145956
145957
145958
145959
145963
145968
145969
145972
145973
145974
145975
145979
146048
146049
146050
146052
146053
146054
146055
146056
146058
146059
146067
146073
146076
146077
146078
146079
146083
146088
146089
146092
146093
146094
146095
146129
146132
146133
146134
146135
146139
200691
200697
200700
200701
200702
200703
206161
206164
206165
206166
206167
206171
208896
208897
208900
208901
208902
208903
208904
208906
208907
208915
208921
208924
208925
208926
208927
208928
208930
208931
208936
208937
208938
208940
208941
208942
208943
209011
209017
209020
209021
209022
209023
209024
209026
209027
209032
209033
209034
209036
209037
209038
209039
209056
209057
209058
209060
209061
209062
209063
209064
209066
209067
209073
209076
209077
209078
209079
209083
209395
209401
209404
209405
209406
209407
209408
209410
209411
209416
209417
209418
209420
209421
209422
209423
209440
209441
209442
209444
209445
209446
209447
209448
209450
209451
209457
209460
209461
209462
209463
209467
209536
209537
209538
209540
209541
209542
209543
209544
209546
209547
209555
209561
209564
209565
209566
209567
209568
209570
209571
209576
209577
209578
209580
209581
209582
209583
209617
209620
209621
209622
209623
209627
210894
210895
210916
210917
210918
210928
210929
210930
210932
210933
210934
210935
210936
210938
210939
210959
210981
210992
210993
210994
210995
210998
210999
211000
211001
211002
211003
211005
211073
211076
211077
211078
211079
211083
211088
211090
211091
211095
211096
211097
211098
211100
211101
211102
211116
211118
211119
211152
211153
211154
211156
211157
211158
211159
211160
211162
211163
211456
211457
211458
211460
211461
211462
211463
211464
211466
211467
211475
211481
211484
211485
211486
211487
211488
211490
211491
211496
211497
211498
211500
211501
211502
211503
211571
211576
211577
211580
211581
211582
211583
211587
211593
211596
211597
211598
211599
211616
211617
211618
211620
211621
211622
211623
211626
211627
211633
211636
211637
211638
211639
211643
211793
211796
211797
211798
211799
211803
278539
278628
278645
278712
278844
278845
278917
278928
278930
278935
278993
278996
278998
279245
279271
279792
279793
279794
279799
279803
280081
280084
280085
280086
280131
280135
280136
280137
280138
280156
280158
280163
280169
280173
280255
280388
280389
280400
280402
280407
280408
280410
280411
280431
281392
281393
281398
281403
281475
281480
281481
281482
281502
281507
281513
283455
283540
283541
283542
283584
283585
283586
283588
283589
283590
283595
283600
283602
283603
283607
283608
283609
283610
283628
283630
283631
284693
284736
284737
284738
284740
284741
284742
284743
284746
284747
284754
284755
284759
284760
284761
284762
284764
284765
284780
284781
284782
284783
284863
284940
284941
284942
284943
284960
284961
284962
284964
284965
284966
284967
284971
284980
284981
284982
285043
285048
285049
285050
285052
285053
285054
285068
285069
285070
285071
285087
285088
285089
285090
285092
285094
285095
285096
285098
285099
285109
285424
285426
285427
285431
285432
285433
285434
285437
285972
285973
285974
286016
286017
286018
286019
286020
286022
286023
286024
286025
286026
286027
286035
286041
286044
286045
286046
286047
286051
286056
286057
286058
286060
286061
286062
286143
289984
289985
289986
289990
289991
289992
289994
289995
290003
290008
290009
290012
290013
290014
290028
290029
290030
290300
290301
290302
290313
290316
290317
290318
290335
290336
290338
290343
290344
290346
290347
290416
290418
290419
290423
290424
290425
290426
290447
290465
290468
290469
290470
290475
290484
290485
290486
