49164
49345
49354
49383
49755
49926
49965
50064
50067
50073
50078
50143
50159
51525
51552
51554
51555
51561
51566
52250
52253
52359
52363
52385
52392
52395
52404
52406
52407
52436
52438
52439
52800
52802
52809
52813
52814
52838
52849
52856
52858
52859
52861
53013
53104
53107
53113
53116
53118
53119
53135
53168
53170
53171
53177
53180
53182
53183
58644
58646
58647
58752
58754
58755
58761
58764
58765
58766
58789
58790
58801
58802
58808
58810
58811
58813
58837
61505
61511
61512
61514
61515
61517
61537
61540
61543
61544
61546
61547
61556
61558
61559
61968
61970
61971
61977
61980
61982
61983
61999
62084
62085
62086
62087
62112
62113
62114
62115
62120
62121
62122
62124
62125
62126
62133
62161
62168
62170
62171
62173
62277
62288
62290
62291
62297
62300
62302
62303
62304
62307
62313
62316
62318
62319
63745
63748
63750
63751
63752
63754
63755
63777
63778
63783
63784
63786
63787
63789
63796
63797
63798
63799
63888
63889
63890
63891
63896
63897
63898
63899
63900
63901
63902
63940
63941
63942
63968
63970
63971
63977
63980
63981
63982
63983
63989
64593
64596
64598
64599
64600
64602
64603
64963
64972
64974
64975
64997
65008
65010
65011
65017
65018
65020
65021
65022
65023
65027
65036
65038
65039
65061
65072
65074
65075
65081
65084
65085
65086
65087
65172
65173
65174
65216
65217
65218
65219
65224
65225
65226
65227
65228
65229
65230
65252
65253
65254
65255
65265
65266
65268
65271
65272
65274
65275
65277
136193
136196
136197
136198
136199
136203
136208
136210
136211
136216
136217
136218
136220
136221
136222
136223
136227
136233
136236
136237
136238
136239
136304
136307
136313
136314
136316
136317
136318
136319
136323
136329
136332
136333
136334
136335
136353
136356
136357
136358
136359
136363
136368
136369
136370
136372
136373
136374
136375
136376
136378
136379
136704
136705
136706
136708
136710
136711
136712
136713
136714
136715
136717
136735
136736
136737
136738
136739
136740
136743
136744
136745
136746
136747
136749
136756
136757
136758
136833
136836
136837
136838
136839
136840
136843
136851
136857
136860
136862
136863
136864
136866
136867
136872
136873
136874
136876
136877
136878
136879
136913
136916
136917
136918
136919
136923
137044
137045
137046
137047
213328
213329
213330
213332
213333
213334
213335
213336
213338
213339
214019
214025
214028
214029
214030
214031
214049
214052
214053
214054
214055
214059
214064
214065
214066
214068
214069
214070
214071
214072
214074
214075
214145
214148
214149
214150
214151
214155
214160
214162
214163
214168
214169
214170
214172
214173
214174
214175
214179
214185
214188
214189
214190
214191
214225
214226
214228
214229
214230
214231
214232
214235
214529
214532
214533
214534
214535
214539
214547
214553
214556
214557
214558
214559
214563
214569
214572
214573
214574
214575
214643
214649
214652
214653
214654
214655
214659
214665
214668
214669
214670
214671
214689
214692
214693
214694
214695
214699
214705
214708
214709
214710
214711
214715
214865
214868
214869
214870
214871
214875
216048
216050
216051
216056
216057
216058
216060
216061
216062
216063
220160
220162
220163
220168
220169
220170
220172
220173
220174
220175
220193
220194
220196
220197
220198
220199
220200
220203
220209
220212
220213
220214
220215
220219
220289
220292
220293
220294
220295
220299
220307
220313
220316
220317
220318
220319
220323
220329
220332
220333
220334
220335
220369
220372
220373
220374
220375
220379
220676
220677
220678
220688
220690
220691
220696
220697
220698
220700
220701
220702
220716
220718
220719
220784
220786
220787
220792
220793
220794
220796
220797
220798
220799
220803
220809
220812
220813
220814
220815
220836
220837
220838
220839
220843
220848
220849
220850
220852
220854
220855
220856
220858
220859
220997
221008
221009
221010
221011
221015
221016
221017
221018
221019
221021
221039
222195
222201
222204
222205
222206
222207
223569
223572
223573
223574
223575
223579
224256
224257
224258
224260
224261
224262
224263
224264
224266
224267
224275
224281
224284
224285
224286
224287
224288
224290
224291
224296
224297
224298
224300
224301
224302
224303
224371
224377
224380
224381
224382
224383
224384
224386
224387
224392
224393
224394
224396
224397
224398
224399
224416
224417
224418
224420
224421
224422
224423
224424
224426
224427
224433
224436
224437
224438
224439
224443
224755
224761
224764
224765
224766
224767
224771
224777
224778
224780
224781
224782
224783
224800
224801
224802
224804
224805
224806
224807
224808
224811
224817
224820
224821
224822
224823
224827
224896
224897
224898
224900
224901
224902
224903
224904
224906
224907
224915
224921
224924
224925
224926
224927
224928
224930
224931
224936
224937
224938
224940
224941
224942
224943
224977
224980
224981
224982
224983
224987
295068
295121
295131
295447
295536
295538
295609
295613
295748
295750
295775
295788
295790
297029
297043
297049
297052
297053
297054
297071
297279
297365
297408
297410
297416
297418
297441
297448
297451
297461
297667
297673
297677
297700
297702
297703
297716
297718
298256
298257
298258
298264
298266
298355
298361
298364
298366
298380
298383
298405
298417
298418
298424
298426
298427
303381
303424
303426
303427
303433
303436
303437
303438
303457
303460
303461
303462
303463
303467
303473
303476
303478
303479
303483
303548
303550
303551
304371
304377
304380
304382
304383
304724
304725
304726
304897
304903
304904
304906
304907
304928
304930
304931
304936
304937
304938
304941
304949
305025
305028
305030
305031
305035
305055
305056
305058
305059
305065
305066
305069
305108
305110
305923
305932
305934
305935
305956
305957
305958
305969
305975
305976
305978
305979
306064
306065
306066
306067
306072
306073
306074
306075
306077
306117
306128
306130
306131
306136
306137
306138
306140
306141
306142
306159
308288
308289
308290
308291
308295
308296
308297
308298
308299
308301
308320
308321
308322
308327
308328
308330
308331
308333
308340
308341
308342
308684
308686
308687
308708
308709
308710
308720
308721
308722
308723
308727
308728
308729
308730
308731
308733
308751
308784
308786
308787
308792
308793
308794
308796
308797
308798
308881
308884
308886
308887
308888
308891
308929
308932
308933
308934
308935
308939
308947
308956
308958
308959
308960
308962
308963
308969
308972
308973
308974
308975
