32921
32976
32989
33347
33353
33380
33382
33399
33600
33602
33613
33639
33652
33654
34901
35075
35081
35084
35086
35108
35110
35121
35127
35131
35216
35218
35224
35226
35229
35283
35289
35294
35311
35583
36096
36098
36104
36106
36109
36129
36135
36139
36148
36150
36229
36243
36249
36252
36254
36271
36304
36306
36312
36314
36317
41301
41984
41986
41987
41993
41996
41997
41998
42020
42021
42022
42023
42033
42036
42038
42039
42040
42043
42128
42129
42130
42131
42136
42137
42138
42141
42181
42192
42194
42195
42201
42204
42205
42206
42220
42223
42560
42561
42562
42568
42569
42570
42573
42593
42596
42599
42600
42603
42612
42613
42614
42773
42819
42825
42828
42830
42852
42853
42854
42865
42871
42872
42875
42940
42943
44028
44031
46080
46081
46082
46083
46088
46089
46090
46093
46094
46113
46116
46118
46119
46120
46123
46132
46133
46134
46135
46139
46213
46224
46226
46227
46233
46234
46236
46237
46238
46252
46254
46255
46277
46288
46289
46290
46291
46296
46297
46298
46299
46300
46301
46302
46319
46613
46614
46656
46658
46659
46664
46665
46666
46668
46669
46670
46671
46689
46692
46693
46694
46695
46699
46705
46708
46710
46711
46712
46714
46715
46780
46782
46783
46912
46913
46914
46915
46919
46920
46921
46922
46923
46925
46944
46945
46946
46948
46950
46951
46952
46954
46955
46957
46964
46965
46966
46967
47039
115781
115792
115793
115794
115795
115799
115800
115801
115802
115803
115805
115823
115983
116005
116016
116017
116018
116019
116023
116024
116025
116026
116027
116029
116100
116101
116102
116112
116113
116114
116115
116119
116120
116121
116122
116123
116125
116126
116140
116143
116165
116176
116177
116178
116179
116180
116182
116183
116184
116185
116186
116187
116189
116207
116431
116453
116464
116465
116466
116467
116471
116472
116473
116474
116475
116477
119564
119566
119567
119588
119589
119590
119600
119601
119602
119604
119606
119607
119608
119609
119610
119611
119684
119685
119686
119696
119697
119698
119699
119703
119704
119705
119706
119708
119709
119710
119724
119726
119727
119760
119761
119762
119763
119764
119766
119767
119768
119769
119770
119771
119773
119791
121093
121104
121105
121106
121107
121111
121112
121113
121114
121115
121116
121117
121118
121132
121135
121167
121189
121200
121201
121202
121203
121207
121208
121209
121210
121211
121212
121213
121214
121228
121230
121231
121252
121253
121254
121264
121265
121266
121267
121268
121270
121271
121272
121273
121274
121275
121277
121925
121936
121937
121938
121939
121943
121944
121945
121946
121947
121949
121967
122127
122149
122160
122161
122162
122163
122168
122169
122170
122172
122173
122174
122256
122257
122258
122260
122262
122263
122264
122266
122267
122305
122308
122309
122310
122311
122315
122323
122329
122332
122333
122334
122335
122336
122339
122345
122348
122349
122350
122351
122572
122574
122575
122596
122597
122598
122608
122609
122610
122611
122612
122615
122616
122617
122618
122619
122621
126159
126181
126192
126193
126194
126195
126199
126200
126201
126202
126203
126204
126205
126206
126533
126544
126545
126546
126547
126548
126550
126551
126552
126553
126554
126555
126557
126575
126724
126725
126726
126736
126737
126738
126739
126743
126744
126745
126746
126747
126748
126749
126750
126764
126766
126767
126799
126821
126832
126833
126834
126835
126839
126840
126841
126842
126843
126844
126845
126846
126860
126862
126863
126884
126885
126886
126896
126897
126898
126899
126900
126902
126903
126904
126905
126906
126907
126909
200965
200976
200977
200978
200979
200980
200983
200984
200985
200986
200987
200989
201007
201036
201039
201061
201062
201072
201073
201074
201075
201076
201079
201080
201081
201082
201083
201085
201103
201125
201136
201137
201138
201139
201143
201144
201145
201146
201147
201149
201150
201935
201957
201968
201969
201970
201971
201975
201976
201977
201978
201979
201980
201981
201982
202320
202321
202322
202324
202326
202327
202328
202329
202330
202331
202333
202500
202501
202502
202512
202514
202515
202520
202521
202522
202524
202525
202526
202527
202531
202537
202540
202542
202543
202623
202624
202625
202626
202627
202632
202633
202634
202635
202636
202637
202638
202657
202658
202660
202661
202662
202663
202664
202666
202667
202673
202676
202677
202678
202679
202683
202709
203532
203535
203557
203568
203569
203570
203571
203575
203576
203577
203578
203579
203581
203653
203664
203665
203666
203667
203668
203671
203672
203673
203674
203675
203677
203695
203717
203718
203728
203729
203730
203731
203735
203736
203737
203738
203739
203741
203742
203756
203759
278542
278679
278760
278762
279120
279123
279129
279324
279326
279428
279430
279431
279469
279477
279515
280896
280898
280905
280934
280945
280952
280955
281621
281676
281679
281701
281712
281714
281721
281725
281788
281791
282128
282130
282137
282138
282141
282241
282248
282250
282251
282273
282279
282280
282283
282292
282294
282295
282324
282326
282437
282463
282464
282467
282473
282476
282478
282479
288001
288008
288010
288011
288013
288036
288038
288039
288043
288052
288054
288055
288059
288145
288146
288152
288154
288155
288157
288197
288198
288224
288226
288227
288233
288236
288238
288239
288245
290900
290901
290902
291120
291123
291129
291132
291134
291135
291221
291264
291266
291267
291273
291274
291276
291277
291278
291300
291301
291302
291303
291313
291319
291320
291322
291323
291325
291523
291532
291534
291535
291557
291568
291570
291571
291577
291580
291581
291582
291583
292929
292932
292933
292934
292935
292939
292960
292961
292962
292963
292968
292969
292970
292971
292972
292973
292974
292980
292981
292982
293380
293382
293383
293387
293408
293409
293410
293416
293417
293418
293419
293421
293428
293429
293430
293509
293520
293522
293523
293529
293532
293533
293534
293535
293548
293551
293573
293584
293586
293587
293593
293596
293598
293599
293603
293612
293614
293615
293713
293716
293718
293719
293720
293722
293723
294161
294164
294166
294167
294168
294170
294171
294173
294259
294268
294270
294271
294272
294274
294275
294281
294282
294284
294285
294286
294287
294308
294309
294310
294311
294320
294321
294322
294327
294328
294329
294330
294331
294333
294357
