16540
16593
16603
16919
17008
17010
17081
17085
17220
17222
17247
17260
17262
18501
18515
18521
18524
18525
18526
18543
18751
18837
18880
18882
18888
18890
18913
18920
18923
18933
19139
19145
19149
19172
19174
19175
19188
19190
19728
19729
19730
19736
19738
19827
19833
19836
19838
19852
19855
19877
19889
19890
19896
19898
19899
24853
24896
24898
24899
24905
24908
24909
24910
24929
24932
24933
24934
24935
24939
24945
24948
24950
24951
24955
25020
25022
25023
25843
25849
25852
25854
25855
26196
26197
26198
26369
26375
26376
26378
26379
26400
26402
26403
26408
26409
26410
26413
26421
26497
26500
26502
26503
26507
26527
26528
26530
26531
26537
26538
26541
26580
26582
27395
27404
27406
27407
27428
27429
27430
27441
27447
27448
27450
27451
27536
27537
27538
27539
27544
27545
27546
27547
27549
27589
27600
27602
27603
27608
27609
27610
27612
27613
27614
27631
29760
29761
29762
29763
29767
29768
29769
29770
29771
29773
29792
29793
29794
29799
29800
29802
29803
29805
29812
29813
29814
30156
30158
30159
30180
30181
30182
30192
30193
30194
30195
30199
30200
30201
30202
30203
30205
30223
30256
30258
30259
30264
30265
30266
30268
30269
30270
30353
30356
30358
30359
30360
30363
30401
30404
30405
30406
30407
30411
30419
30428
30430
30431
30432
30434
30435
30441
30444
30445
30446
30447
98640
98641
98642
98644
98645
98646
98647
98648
98650
98651
99331
99337
99340
99341
99342
99343
99361
99364
99365
99366
99367
99371
99376
99377
99378
99380
99381
99382
99383
99384
99386
99387
99457
99460
99461
99462
99463
99467
99472
99474
99475
99480
99481
99482
99484
99485
99486
99487
99491
99497
99500
99501
99502
99503
99537
99538
99540
99541
99542
99543
99544
99547
99841
99844
99845
99846
99847
99851
99859
99865
99868
99869
99870
99871
99875
99881
99884
99885
99886
99887
99955
99961
99964
99965
99966
99967
99971
99977
99980
99981
99982
99983
100001
100004
100005
100006
100007
100011
100017
100020
100021
100022
100023
100027
100177
100180
100181
100182
100183
100187
101360
101362
101363
101368
101369
101370
101372
101373
101374
101375
105472
105474
105475
105480
105481
105482
105484
105485
105486
105487
105505
105506
105508
105509
105510
105511
105512
105515
105521
105524
105525
105526
105527
105531
105601
105604
105605
105606
105607
105611
105619
105625
105628
105629
105630
105631
105635
105641
105644
105645
105646
105647
105681
105684
105685
105686
105687
105691
105988
105989
105990
106000
106002
106003
106008
106009
106010
106012
106013
106014
106028
106030
106031
106096
106098
106099
106104
106105
106106
106108
106109
106110
106111
106115
106121
106124
106125
106126
106127
106148
106149
106150
106151
106155
106160
106161
106162
106164
106166
106167
106168
106170
106171
106309
106320
106321
106322
106323
106327
106328
106329
106330
106331
106333
106351
107507
107513
107516
107517
107518
107519
108881
108884
108885
108886
108887
108891
109568
109569
109570
109572
109573
109574
109575
109576
109578
109579
109587
109593
109596
109597
109598
109599
109600
109602
109603
109608
109609
109610
109612
109613
109614
109615
109683
109689
109692
109693
109694
109695
109696
109698
109699
109704
109705
109706
109708
109709
109710
109711
109728
109729
109730
109732
109733
109734
109735
109736
109738
109739
109745
109748
109749
109750
109751
109755
110067
110073
110076
110077
110078
110079
110083
110089
110090
110092
110093
110094
110095
110112
110113
110114
110116
110117
110118
110119
110120
110123
110129
110132
110133
110134
110135
110139
110208
110209
110210
110212
110213
110214
110215
110216
110218
110219
110227
110233
110236
110237
110238
110239
110240
110242
110243
110248
110249
110250
110252
110253
110254
110255
110289
110292
110293
110294
110295
110299
185345
185348
185349
185350
185351
185355
185360
185362
185363
185368
185369
185370
185372
185373
185374
185375
185379
185385
185388
185389
185390
185391
185456
185459
185465
185466
185468
185469
185470
185471
185475
185481
185484
185485
185486
185487
185505
185508
185509
185510
185511
185515
185520
185521
185522
185524
185525
185526
185527
185528
185530
185531
185856
185857
185858
185860
185862
185863
185864
185865
185866
185867
185869
185887
185888
185889
185890
185891
185892
185895
185896
185897
185898
185899
185901
185908
185909
185910
185985
185988
185989
185990
185991
185992
185995
186003
186009
186012
186014
186015
186016
186018
186019
186024
186025
186026
186028
186029
186030
186031
186065
186068
186069
186070
186071
186075
186196
186197
186198
186199
262156
262337
262346
262375
262747
262918
262957
263056
263059
263065
263070
263135
263151
264517
264544
264546
264547
264553
264558
265242
265245
265351
265355
265377
265384
265387
265396
265398
265399
265428
265430
265431
265792
265794
265801
265805
265806
265830
265841
265848
265850
265851
265853
266005
266096
266099
266105
266108
266110
266111
266127
266160
266162
266163
266169
266172
266174
266175
271636
271638
271639
271744
271746
271747
271753
271756
271757
271758
271781
271782
271793
271794
271800
271802
271803
271805
271829
274497
274503
274504
274506
274507
274509
274529
274532
274535
274536
274538
274539
274548
274550
274551
274960
274962
274963
274969
274972
274974
274975
274991
275076
275077
275078
275079
275104
275105
275106
275107
275112
275113
275114
275116
275117
275118
275125
275153
275160
275162
275163
275165
275269
275280
275282
275283
275289
275292
275294
275295
275296
275299
275305
275308
275310
275311
276737
276740
276742
276743
276744
276746
276747
276769
276770
276775
276776
276778
276779
276781
276788
276789
276790
276791
276880
276881
276882
276883
276888
276889
276890
276891
276892
276893
276894
276932
276933
276934
276960
276962
276963
276969
276972
276973
276974
276975
276981
277585
277588
277590
277591
277592
277594
277595
277955
277964
277966
277967
277989
278000
278002
278003
278009
278010
278012
278013
278014
278015
278019
278028
278030
278031
278053
278064
278066
278067
278073
278076
278077
278078
278079
278164
278165
278166
278208
278209
278210
278211
278216
278217
278218
278219
278220
278221
278222
278244
278245
278246
278247
278257
278258
278260
278263
278264
278266
278267
278269
