11
100
117
184
316
317
389
400
402
407
465
468
470
717
743
1264
1265
1266
1271
1275
1553
1556
1557
1558
1603
1607
1608
1609
1610
1628
1630
1635
1641
1645
1727
1860
1861
1872
1874
1879
1880
1882
1883
1903
2864
2865
2870
2875
2947
2952
2953
2954
2974
2979
2985
4927
5012
5013
5014
5056
5057
5058
5060
5061
5062
5067
5072
5074
5075
5079
5080
5081
5082
5100
5102
5103
6165
6208
6209
6210
6212
6213
6214
6215
6218
6219
6226
6227
6231
6232
6233
6234
6236
6237
6252
6253
6254
6255
6335
6412
6413
6414
6415
6432
6433
6434
6436
6437
6438
6439
6443
6452
6453
6454
6515
6520
6521
6522
6524
6525
6526
6540
6541
6542
6543
6559
6560
6561
6562
6564
6566
6567
6568
6570
6571
6581
6896
6898
6899
6903
6904
6905
6906
6909
7444
7445
7446
7488
7489
7490
7491
7492
7494
7495
7496
7497
7498
7499
7507
7513
7516
7517
7518
7519
7523
7528
7529
7530
7532
7533
7534
7615
11456
11457
11458
11462
11463
11464
11466
11467
11475
11480
11481
11484
11485
11486
11500
11501
11502
11772
11773
11774
11785
11788
11789
11790
11807
11808
11810
11815
11816
11818
11819
11888
11890
11891
11895
11896
11897
11898
11919
11937
11940
11941
11942
11947
11956
11957
11958
86003
86009
86012
86013
86014
86015
91473
91476
91477
91478
91479
91483
94208
94209
94212
94213
94214
94215
94216
94218
94219
94227
94233
94236
94237
94238
94239
94240
94242
94243
94248
94249
94250
94252
94253
94254
94255
94323
94329
94332
94333
94334
94335
94336
94338
94339
94344
94345
94346
94348
94349
94350
94351
94368
94369
94370
94372
94373
94374
94375
94376
94378
94379
94385
94388
94389
94390
94391
94395
94707
94713
94716
94717
94718
94719
94720
94722
94723
94728
94729
94730
94732
94733
94734
94735
94752
94753
94754
94756
94757
94758
94759
94760
94762
94763
94769
94772
94773
94774
94775
94779
94848
94849
94850
94852
94853
94854
94855
94856
94858
94859
94867
94873
94876
94877
94878
94879
94880
94882
94883
94888
94889
94890
94892
94893
94894
94895
94929
94932
94933
94934
94935
94939
96206
96207
96228
96229
96230
96240
96241
96242
96244
96245
96246
96247
96248
96250
96251
96271
96293
96304
96305
96306
96307
96310
96311
96312
96313
96314
96315
96317
96385
96388
96389
96390
96391
96395
96400
96402
96403
96407
96408
96409
96410
96412
96413
96414
96428
96430
96431
96464
96465
96466
96468
96469
96470
96471
96472
96474
96475
96768
96769
96770
96772
96773
96774
96775
96776
96778
96779
96787
96793
96796
96797
96798
96799
96800
96802
96803
96808
96809
96810
96812
96813
96814
96815
96883
96888
96889
96892
96893
96894
96895
96899
96905
96908
96909
96910
96911
96928
96929
96930
96932
96933
96934
96935
96938
96939
96945
96948
96949
96950
96951
96955
97105
97108
97109
97110
97111
97115
241666
241667
241673
241676
241677
241678
241679
241697
241700
241701
241702
241703
241707
241713
241716
241717
241718
241719
241723
241793
241796
241797
241798
241799
241803
241811
241817
241820
241821
241822
241823
241827
241833
241836
241837
241838
241839
241873
241876
241877
241878
241879
241882
241883
242177
242180
242181
242182
242183
242187
242192
242194
242195
242200
242201
242202
242204
242205
242206
242207
242211
242217
242220
242221
242222
242223
242290
242291
242296
242297
242300
242301
242302
242303
242307
242313
242316
242317
242318
242319
242337
242340
242341
242342
242343
242347
242352
242353
242354
242356
242357
242358
242359
242360
242362
242363
242512
242513
242514
242516
242517
242518
242519
242520
242522
242523
243699
243705
243708
243709
243710
243711
243714
243715
243720
243721
243722
243724
243725
243726
243743
243744
243745
243746
243747
243748
243750
243751
243752
243753
243754
243755
243757
243764
243765
243833
243836
243837
243838
243839
243840
243842
243843
243848
243849
243850
243852
243853
243854
243871
243872
243873
243874
243875
243876
243878
243879
243880
243881
243882
243883
243885
243892
243893
244210
244211
244216
244217
244218
244220
244221
244222
244223
244227
244233
244236
244237
244238
244239
244257
244260
244261
244262
244263
244267
244272
244273
244276
244277
244278
244279
244283
244352
244353
244354
244356
244357
244358
244359
244360
244362
244363
244371
244377
244380
244381
244382
244383
244387
244392
244393
244396
244397
244398
244399
244433
244436
244437
244438
244439
244443
311321
311398
311475
311684
311686
311704
311706
311727
311765
312012
312014
312032
312034
312527
312548
312549
312550
312564
312565
312566
312836
312837
312838
312848
312850
312855
312856
312858
312859
312879
312908
312909
312910
312927
312928
312930
312935
312936
312938
313020
313021
313022
313169
313172
313173
313174
314162
314167
314168
314170
314239
314240
314242
314247
314268
314269
314284
314285
314286
316217
316220
316221
316222
316288
316289
316292
316293
316294
316299
316304
316305
316306
316307
316311
316312
316313
316314
316315
316335
316369
316372
316373
316374
316379
317441
317444
317445
317446
317456
317457
317458
317459
317460
317462
317463
317464
317465
317466
317467
317487
317507
317512
317513
317516
317517
317518
317534
317535
317536
317537
317538
317539
317540
317542
317543
317544
317545
317546
317547
317619
317624
317625
317628
317629
317630
317744
317745
317746
317747
317751
317752
317753
317754
317755
317823
317824
317825
317826
317827
317830
317831
317832
317833
317834
317835
317843
317848
317849
317852
317853
317854
317859
317865
317868
317869
317870
318156
318158
318159
318176
318177
318178
318180
318181
318182
318187
318193
318196
318197
318198
318203
318789
318800
318801
318802
318804
318805
318806
318807
318808
318810
318811
318831
322755
322761
322764
322765
322766
322783
322784
322786
322787
322791
322792
322793
322794
322795
323071
323072
323074
323075
323079
323080
323082
323100
323101
323102
323107
323113
323116
323117
323118
323151
323169
323172
323173
323174
323185
323188
323189
323190
323195
323248
323249
323250
323255
323256
323258
323259
