65697
65717
66035
66063
66085
66097
66103
66107
66180
66182
66260
66262
67523
67529
67532
67533
67552
67553
67559
67563
67573
67644
67646
67647
67732
67733
67734
67780
67782
67804
67805
67806
67820
67822
68112
68114
68119
68120
68122
68175
68197
68209
68215
68219
68275
68281
68285
68432
68434
68440
68442
73484
73485
73486
73487
73505
73508
73509
73510
73511
73515
73521
73524
73525
73526
73527
73531
73600
73601
73602
73604
73605
73606
73607
73608
73610
73611
73619
73625
73628
73629
73630
73631
73635
73640
73641
73644
73645
73646
73647
73681
73684
73685
73686
73971
73976
73977
73978
73980
73981
73982
74320
74321
74322
74324
74326
74327
74328
74330
74331
74500
74501
74502
74512
74514
74515
74519
74520
74521
74522
74525
74540
74542
74543
74575
74597
74608
74609
74610
74615
74616
74618
74619
74639
74661
74672
74673
74674
74675
74679
74680
74681
74682
74683
74685
75840
75841
75842
75847
75848
75850
75851
75868
75870
75871
75875
75880
75881
75882
75885
76083
76089
76092
76093
76094
76177
76180
76182
76183
76187
76228
76229
76230
76240
76242
76243
76248
76249
76250
76252
76253
76254
76268
76270
76271
76483
76489
76492
76493
76494
76513
76516
76518
76519
76523
76532
76533
76534
77077
77120
77122
77127
77128
77130
77151
77152
77154
77155
77160
77161
77162
77165
77247
147708
147710
147711
148052
148053
148054
148224
148225
148226
148227
148228
148230
148231
148232
148233
148234
148235
148237
148252
148254
148255
148256
148257
148258
148259
148263
148264
148265
148266
148267
148268
148269
148270
148277
148348
148350
148351
148352
148353
148354
148355
148359
148360
148361
148362
148363
148364
148365
148366
148383
148384
148385
148386
148387
148388
148390
148391
148392
148393
148394
148395
148397
148404
148405
148406
148437
149588
149589
149760
149761
149762
149763
149767
149768
149769
149770
149771
149772
149773
149774
149791
149792
149793
149794
149795
149796
149798
149799
149800
149801
149802
149803
149805
149812
149813
149814
149887
149888
149889
149890
149891
149892
149894
149895
149896
149897
149898
149899
149901
149916
149918
149919
149920
149921
149922
149923
149927
149928
149929
149930
149931
149932
149933
149934
149941
149972
149973
149974
150268
150270
150271
150613
150784
150785
150786
150787
150791
150792
150793
150794
150795
150797
150815
150816
150817
150818
150819
150823
150824
150825
150826
150827
150829
150837
150911
150912
150913
150914
150915
150919
150920
150921
150922
150923
150925
150943
150944
150945
150946
150947
150951
150952
150953
150954
150955
150957
150965
150997
151295
155732
155733
155734
155904
155905
155906
155907
155911
155912
155913
155914
155915
155917
155935
155936
155937
155938
155939
155943
155944
155945
155946
155947
155949
155957
156031
156032
156033
156034
156035
156039
156040
156041
156042
156043
156045
156063
156064
156065
156066
156067
156071
156072
156073
156074
156075
156077
156085
156117
156414
156415
156927
157269
157440
157441
157442
157443
157447
157448
157449
157450
157451
157453
157471
157472
157473
157474
157475
157479
157480
157481
157482
157483
157485
157493
157567
157568
157569
157570
157571
157575
157576
157577
157578
157579
157581
157599
157600
157601
157602
157603
157607
157608
157609
157610
157611
157613
157621
157653
157951
158293
158464
158465
158466
158467
158471
158472
158473
158474
158475
158477
158495
158496
158497
158498
158499
158503
158504
158505
158506
158507
158509
158517
158591
158592
158593
158594
158595
158599
158600
158601
158602
158603
158605
158623
158624
158625
158626
158627
158631
158632
158633
158634
158635
158637
158645
158677
160853
161024
161025
161026
161027
161028
161030
161031
161032
161033
161034
161035
161037
161052
161054
161055
161056
161057
161058
161059
161063
161064
161065
161066
161067
161068
161069
161070
161077
161148
161150
161151
161152
161154
161155
161160
161161
161162
161164
161165
161166
161183
161184
161185
161186
161188
161190
161191
161192
161194
161195
161204
161205
161206
161535
228607
228949
229120
229121
229122
229123
229127
229128
229129
229130
229131
229132
229133
229134
229151
229152
229153
229154
229155
229158
229159
229160
229161
229162
229163
229165
229172
229173
229235
229240
229241
229244
229245
229246
229247
229250
229251
229256
229257
229258
229260
229261
229262
229279
229280
229281
229282
229283
229284
229286
229287
229288
229289
229290
229291
229293
229300
229301
294928
294929
294978
295103
295171
295175
295178
295192
295193
295212
295213
295214
295260
295261
295273
295357
295948
295949
295950
295966
295971
295975
295978
296015
296031
296032
296033
296034
296036
296038
296043
296114
296119
296207
296224
296225
296228
296229
296244
296245
296304
296305
296306
296308
296309
296310
296315
296335
296352
296353
296356
296357
296358
296363
296373
296688
296689
296690
296692
296693
296694
296699
297971
297976
297977
297978
299058
299059
299062
299063
299066
299067
299123
299127
299128
299129
299130
299148
299149
299150
299164
299165
299166
299167
299171
299175
299176
299177
299178
299315
299320
299321
299324
299325
299326
299388
299389
299390
299395
299399
299400
299401
299402
299411
299415
299416
299417
299418
299420
299421
299433
299436
299437
299438
299715
299720
299721
299724
299725
299726
299737
299740
299741
299742
299747
299751
299752
299753
299754
299756
299757
300092
300093
300094
300095
300159
300160
300161
300162
300164
300165
300166
300167
300171
300176
300177
300178
300179
300180
300181
300182
300183
300186
300187
300206
300207
300244
300245
300351
300432
300433
300436
300437
300480
300481
300482
300484
300485
300486
300487
300490
300491
300496
300497
300498
300499
300500
300501
300502
300503
300504
300505
300506
300507
300524
300526
300527
300607
300672
300673
300676
300677
300678
300683
300688
300689
300690
300692
300693
300694
300699
300719
300736
300737
300738
300740
300741
300742
300747
300752
300753
300754
300756
300757
300758
300763
300783
302016
302017
302018
302019
302020
302021
302022
302023
302024
302025
302026
302027
302034
302035
302038
302039
302040
302041
302042
302043
302060
302061
302062
302063
307150
307151
307167
307168
307169
307170
307172
307173
307174
307179
