65651
65657
65716
65996
65998
66020
66022
66037
66109
66199
66203
66256
66258
67376
67378
67379
67384
67386
67460
67461
67474
67475
67480
67481
67482
67503
67537
67540
67542
67547
67791
67813
67825
67828
67830
67831
67835
68161
68167
68171
68188
68190
68204
68205
68206
68373
68416
68418
68424
68426
68447
68451
68456
68457
68543
72896
72897
72898
72899
72903
72904
72905
72906
72907
72909
72924
72926
72927
72928
72930
72931
72935
72936
72937
72938
72941
73221
73232
73233
73234
73236
73238
73239
73240
73242
73243
73283
73289
73292
73293
73294
73295
73312
73313
73314
73316
73317
73318
73319
73323
73329
73332
73333
73334
73395
73400
73401
73404
73405
73406
73540
73541
73542
73552
73553
73554
73555
73559
73560
73561
73562
73563
73565
73580
73582
73583
74559
74644
74645
74646
74688
74689
74690
74692
74694
74695
74699
74707
74713
74716
74717
74718
74723
74729
74732
74733
74734
74735
76033
76036
76037
76038
76051
76056
76057
76058
76061
76076
76078
76079
76111
76133
76144
76145
76146
76148
76150
76151
76152
76154
76155
76208
76209
76210
76211
76215
76216
76217
76218
76219
76881
76884
76885
76886
76891
77059
77064
77065
77066
77069
77087
77088
77089
77090
77095
77096
77098
77099
77180
77182
77187
77193
77196
77197
77198
77216
77217
77218
77223
77226
77227
77237
77564
77566
77567
148464
148466
148467
148472
148473
148474
148476
148477
148478
148479
149840
149841
149842
149844
149845
149846
149847
149848
149850
149851
150529
150532
150533
150534
150535
150539
150544
150546
150547
150552
150553
150554
150556
150557
150558
150559
150563
150569
150572
150573
150574
150575
150642
150643
150648
150649
150652
150653
150654
150655
150659
150665
150668
150669
150670
150671
150689
150692
150693
150694
150695
150699
150704
150705
150706
150708
150709
150710
150711
150712
150714
150715
151027
151033
151036
151037
151038
151039
151043
151049
151052
151053
151054
151055
151073
151076
151077
151078
151079
151083
151089
151092
151093
151094
151095
151099
151169
151172
151173
151174
151175
151179
151187
151193
151196
151197
151198
151199
151203
151209
151212
151213
151214
151215
151249
151252
151253
151254
151255
151259
155985
155988
155989
155990
155991
155995
156672
156674
156675
156680
156681
156682
156684
156685
156686
156687
156704
156705
156706
156708
156709
156710
156711
156712
156714
156715
156721
156724
156725
156726
156727
156731
156800
156801
156802
156804
156805
156806
156807
156808
156810
156811
156819
156825
156828
156829
156830
156831
156832
156834
156835
156840
156841
156842
156844
156845
156846
156847
156881
156884
156885
156886
156887
156891
157185
157188
157189
157190
157191
157194
157195
157203
157209
157212
157213
157214
157215
157216
157218
157219
157224
157225
157228
157229
157230
157231
157299
157305
157308
157309
157310
157311
157312
157314
157315
157320
157321
157322
157324
157325
157326
157327
157344
157345
157346
157348
157349
157350
157351
157352
157354
157355
157361
157364
157365
157366
157367
157371
157521
157524
157525
157526
157527
157531
158707
158713
158716
158717
158718
158719
160768
160769
160770
160772
160773
160774
160775
160776
160778
160779
160787
160793
160796
160797
160798
160799
160802
160803
160808
160809
160812
160813
160814
160815
160883
160889
160892
160893
160894
160895
160899
160905
160908
160909
160910
160911
160929
160932
160933
160934
160935
160939
160945
160948
160949
160950
160951
160955
161231
161253
161264
161265
161266
161267
161271
161272
161273
161274
161275
161277
161292
161294
161295
161316
161317
161318
161328
161329
161330
161332
161334
161335
161336
161338
161339
161409
161412
161413
161414
161415
161419
161424
161426
161427
161432
161433
161434
161436
161437
161438
161449
161452
161453
161454
161455
161488
161489
161490
161492
161493
161494
161495
161496
161498
161499
228355
228361
228364
228365
228366
228367
228385
228388
228389
228390
228391
228395
228400
228401
228402
228404
228405
228406
228407
228408
228410
228411
228481
228484
228485
228486
228487
228491
228496
228498
228499
228504
228505
228506
228508
228509
228510
228511
228515
228521
228524
228525
228526
228527
228560
228561
228564
228565
228566
228567
228570
228571
228860
228861
228862
228863
228864
228866
228867
228871
228872
228873
228874
228875
228876
228877
228878
228892
228894
228895
228896
228897
228898
228899
228903
228904
228905
228906
228907
228908
228909
228917
228979
228985
228988
228989
228990
228991
228995
229000
229001
229004
229005
229006
229007
229024
229025
229026
229028
229029
229030
229031
229032
229034
229035
229041
229044
229045
229046
229051
294916
294979
294986
295021
295182
295207
295269
295285
295344
295345
295350
295355
295673
295991
295994
296060
296061
296062
296073
296077
296092
296093
296094
296099
296104
296105
296255
296325
296336
296337
296338
296340
296341
296342
296347
296400
296401
296404
296405
296406
296411
296640
296642
296646
296647
296651
296659
296663
296664
296665
296666
296686
297935
297952
297953
297954
297958
297963
299203
299207
299208
299209
299210
299213
299228
299229
299230
299235
299240
299241
299242
299244
299245
299471
299488
299489
299492
299493
299494
299499
299504
299505
299506
299508
299509
299510
299515
299557
299568
299569
299570
299572
299573
299574
299579
299635
299639
299640
299641
299642
299660
299661
299662
299663
299679
299680
299681
299682
299683
299684
299686
299687
299688
299690
299691
300275
300280
300281
300282
300284
300285
300286
300545
300548
300549
300550
300560
300561
300562
300564
300565
300566
300567
300571
300591
300608
300609
300610
300611
300612
300614
300615
300616
300617
300618
300619
300626
300627
300631
300632
300633
300634
300636
300637
300652
300653
300654
300655
300732
300734
300735
300865
300868
300869
300870
300880
300881
300882
300884
300885
300886
300887
300890
300891
300911
301827
301832
301833
301834
301836
301837
301838
301852
301853
301854
301855
301858
301859
301863
301864
301865
301866
301869
301900
301902
301903
301919
301920
301921
301922
301924
301925
301926
301927
301931
302000
302001
302002
302003
302004
302006
302007
302008
302009
302010
302011
307004
307005
307006
307071
307072
307073
307074
307076
307078
307079
307083
307090
307091
307095
307096
307097
307098
307118
307119
