46
79
186
318
401
411
464
466
475
713
735
744
746
1267
1272
1274
1600
1601
1602
1604
1606
1611
1619
1625
1629
1644
1646
1856
1857
1858
1862
1863
1867
1875
1881
1884
1885
1900
1901
1902
2831
2852
2853
2854
2868
2869
2940
2942
2957
2975
2978
2983
2984
2986
5059
5063
5064
5065
5066
5069
5084
5085
5086
5087
5091
5095
5096
5097
5098
5101
6224
6225
6228
6229
6230
6235
6400
6401
6402
6403
6407
6408
6409
6410
6411
6425
6428
6429
6430
6431
6435
6440
6441
6442
6444
6445
6446
6479
6500
6501
6512
6513
6514
6516
6517
6518
6519
6523
6565
6576
6577
6578
6580
6582
6583
6584
6586
6587
6908
6910
6911
7424
7425
7428
7429
7430
7435
7440
7441
7442
7443
7447
7448
7449
7450
7451
7453
7468
7470
7471
7500
7501
7502
7503
7520
7521
7522
7524
7525
7526
7527
7531
7537
7540
7541
7542
7547
7600
7602
7603
7607
7608
7609
7610
7612
7613
7614
11324
11326
11327
11408
11409
11410
11412
11413
11414
11415
11419
11460
11461
11472
11473
11474
11478
11479
11482
11483
11503
11760
11762
11763
11767
11768
11769
11770
11791
11809
11812
11813
11814
11825
11828
11829
11830
11900
11901
11902
11907
11913
11916
11917
11918
11935
11936
11938
11939
11943
11944
11945
11946
85955
85961
85964
85965
85966
85967
85985
85988
85989
85990
85991
85995
86000
86001
86002
86004
86005
86006
86007
86008
86010
86011
91457
91460
91461
91462
91463
91472
91474
91475
91480
91481
91482
91484
91485
91486
91487
91491
91497
91500
91502
91503
94224
94225
94226
94228
94230
94231
94232
94234
94235
94284
94286
94287
94308
94309
94310
94320
94321
94322
94324
94326
94327
94328
94330
94331
94384
94386
94387
94392
94393
94394
94396
94397
94398
94668
94670
94671
94692
94693
94694
94704
94705
94706
94708
94710
94711
94712
94714
94715
94768
94770
94771
94776
94777
94778
94780
94781
94782
94864
94865
94866
94868
94870
94871
94872
94874
94875
94916
94917
94918
94928
94930
94931
94936
94937
94938
94940
94941
94942
94956
94958
94959
96192
96193
96194
96195
96199
96200
96201
96202
96203
96204
96205
96220
96222
96223
96224
96225
96226
96227
96231
96232
96233
96234
96235
96237
96316
96318
96319
96401
96404
96405
96406
96411
96448
96449
96450
96452
96453
96454
96455
96456
96458
96459
96467
96473
96476
96477
96478
96479
96483
96488
96489
96492
96493
96494
96495
96784
96785
96786
96788
96790
96791
96792
96794
96795
96835
96841
96844
96845
96846
96847
96865
96868
96869
96870
96871
96875
96880
96881
96882
96884
96885
96886
96887
96890
96891
96944
96946
96947
96952
96953
96954
96956
96957
96958
96959
97092
97093
97094
97104
97106
97107
97112
97113
97114
97116
97117
97118
97132
97134
97135
241712
241714
241715
241720
241721
241722
241724
241725
241726
241727
241808
241809
241810
241812
241813
241814
241815
241816
241818
241819
241857
241860
241861
241862
241863
241867
241872
241874
241875
241880
241881
241884
241885
241886
241887
241891
241897
241900
241901
241902
241903
242193
242196
242197
242198
242199
242203
242243
242249
242252
242253
242254
242255
242273
242276
242277
242278
242279
242283
242288
242289
242292
242293
242294
242295
242298
242299
242355
242361
242364
242365
242366
242367
242497
242500
242501
242502
242503
242507
242515
242521
242524
242525
242526
242527
242531
242537
242540
242541
242542
242543
243712
243713
243716
243717
243718
243719
243723
243728
243730
243731
243735
243736
243737
243738
243739
243740
243741
243742
243756
243758
243759
243790
243791
243812
243813
243814
243824
243825
243826
243827
243828
243830
243831
243832
243834
243835
243855
243877
243888
243889
243890
243891
243894
243895
243896
243897
243898
243899
243901
244163
244169
244172
244173
244174
244175
244193
244196
244197
244198
244199
244203
244208
244209
244212
244213
244214
244215
244219
244274
244275
244280
244281
244282
244284
244285
244286
244287
244368
244369
244370
244372
244373
244374
244375
244376
244378
244379
244417
244420
244421
244422
244423
244427
244432
244434
244435
244440
244441
244442
244444
244445
244446
244457
244460
244461
244462
244463
245072
245073
245074
245076
245077
245078
245079
245083
311393
311403
311481
311603
311608
311609
311680
311681
311691
311699
311705
311726
312033
312043
312524
312526
312544
312545
312546
312555
312831
312832
312833
312834
312839
312843
312851
312857
312861
312876
312877
312878
312911
312929
312932
312934
312939
312949
313011
313015
313016
313017
313018
314163
314169
314241
314244
314246
314251
314259
314264
314265
314266
316208
316209
316210
316211
316214
316215
316216
316218
316219
316284
316286
316287
316290
316291
316295
316296
316297
316298
316316
316317
316318
316323
316328
316329
316330
316332
316333
316334
317436
317437
317438
317439
317440
317442
317443
317447
317448
317449
317450
317451
317452
317453
317468
317469
317470
317471
317472
317474
317475
317479
317480
317481
317482
317484
317485
317486
317519
317541
317552
317553
317554
317556
317557
317558
317559
317560
317562
317563
317583
317601
317604
317605
317606
317616
317617
317618
317620
317621
317622
317623
317626
317627
317756
317757
317758
317759
317828
317829
317840
317841
317842
317844
317845
317846
317847
317850
317851
317871
317893
317904
317905
317906
317908
317909
317910
317911
317915
317935
318146
318147
318151
318152
318153
318154
318157
318172
318173
318174
318175
318179
318183
318184
318185
318186
318188
318189
318190
322767
322785
322788
322789
322790
322801
322804
322805
322806
322811
323073
323076
323077
323078
323083
323088
323090
323091
323095
323096
323097
323098
323119
323145
323148
323149
323150
323167
323168
323170
323171
323175
323176
323178
323179
323251
323257
323260
323261
323262
323412
323413
