16434
16589
16612
16635
17156
17159
17185
17192
17194
17206
17298
17349
17376
17379
17385
17388
17390
18783
18796
18799
19472
19474
19475
19481
19484
19486
19588
19590
19618
19626
19629
19637
19665
19672
19674
19675
19677
20033
20040
20042
20043
20068
20071
20075
20084
20087
20244
20246
20247
20352
20354
20355
20361
20364
20366
20389
20390
20401
20408
20410
20411
20413
20437
25877
25932
25935
25968
25970
25971
25977
25980
25982
25983
25999
26032
26035
26041
26044
26046
26047
28736
28738
28739
28745
28748
28750
28751
28773
28774
28784
28785
28786
28792
28793
28794
28795
28797
28798
29201
29204
29207
29208
29210
29211
29213
29313
29320
29322
29323
29325
29348
29350
29351
29355
29361
29364
29366
29367
29368
29370
29371
29396
29398
29399
29508
29510
29511
29537
29538
29544
29546
29547
29549
29556
29557
29558
29559
30981
30992
30994
30995
31001
31004
31006
31007
31008
31011
31017
31020
31022
31023
31109
31110
31135
31136
31138
31139
31145
31148
31149
31150
31151
31157
31184
31185
31186
31187
31192
31193
31194
31196
31197
31198
31199
31813
31824
31826
31827
31833
31836
31837
31838
31839
31843
31852
31855
32256
32257
32258
32260
32263
32264
32265
32266
32267
32269
32289
32292
32294
32295
32296
32298
32299
32301
32305
32308
32310
32311
32312
32314
32315
32400
32401
32402
32407
32408
32409
32410
32411
32413
32414
32452
32453
32454
32455
32480
32481
32482
32483
32488
32489
32490
32491
32492
32493
32494
32495
32501
32502
32596
32597
32598
32599
103441
103444
103445
103446
103447
103451
103491
103497
103500
103501
103502
103503
103521
103524
103525
103526
103527
103531
103537
103538
103540
103541
103542
103543
103544
103547
103603
103609
103612
103613
103614
103615
103884
103887
103909
103920
103922
103923
103928
103929
103930
103932
103933
103934
103935
103939
103948
103950
103951
103973
103974
103984
103985
103986
103987
103991
103992
103993
103994
103995
103996
103997
103998
104080
104081
104082
104084
104086
104087
104088
104090
104091
104093
104132
104133
104134
104135
104139
104144
104146
104147
104152
104153
104154
104156
104157
104158
104159
104163
104169
104172
104173
104174
104175
180545
180548
180549
180550
180551
180555
180563
180569
180572
180573
180574
180575
180579
180585
180588
180589
180590
180591
181299
181305
181308
181309
181310
181311
181393
181396
181397
181398
181399
181403
181441
181444
181445
181446
181447
181451
181456
181459
181465
181466
181468
181469
181470
181471
181475
181481
181484
181485
181486
181487
181776
181777
181778
181780
181781
181782
181783
181784
181786
181787
181827
181833
181836
181837
181838
181839
181857
181860
181861
181862
181863
181867
181872
181873
181874
181876
181877
181878
181879
181880
181882
181883
181936
181938
181939
181944
181945
181946
181948
181949
181950
181951
182081
182084
182085
182086
182087
182091
182096
182098
182099
182104
182105
182106
182108
182109
182110
182111
182115
182121
182124
182125
182126
182127
183235
183241
183244
183245
183246
183247
183265
183268
183269
183270
183271
183275
183281
183284
183285
183286
183287
183291
187440
187442
187443
187448
187449
187450
187452
187453
187454
187455
187536
187537
187538
187540
187541
187542
187543
187544
187546
187547
187585
187588
187589
187590
187591
187595
187600
187602
187603
187608
187609
187610
187612
187613
187614
187615
187619
187625
187628
187629
187630
187631
187921
187924
187925
187926
187927
187931
187968
187971
187977
187980
187981
187982
187983
188001
188004
188005
188006
188007
188011
188017
188020
188021
188022
188023
188027
188083
188089
188092
188093
188094
188095
188224
188225
188226
188228
188230
188231
188232
188234
188235
188252
188254
188255
188256
188258
188259
188264
188265
188266
188268
188269
188270
189379
189385
189388
189389
189390
189391
189409
189412
189413
189414
189415
189419
189424
189425
189426
189428
189429
189430
189431
189432
189434
189435
190788
190789
190790
190800
190802
190803
190808
190809
190810
190812
190813
190814
190819
190828
190829
190830
190831
191504
191505
191506
191508
191510
191511
191512
191514
191515
191564
191566
191567
191588
191589
191590
191600
191601
191602
191604
191605
191606
191607
191608
191610
191611
191664
191666
191667
191672
191673
191674
191676
191677
191678
191939
191945
191948
191949
191950
191951
191969
191972
191973
191974
191975
191979
191984
191985
191986
191988
191989
191990
191991
191992
191994
191995
192048
192050
192051
192056
192057
192058
192060
192061
192062
192063
192144
192145
192146
192148
192149
192150
192151
192152
192154
192155
192193
192196
192197
192198
192203
192208
192210
192211
192216
192217
192218
192220
192221
192222
192227
192236
192237
192238
192239
262316
262318
262359
262673
262683
262781
262832
262834
262981
263004
263006
263023
264260
264262
264287
264291
264297
264300
264302
264643
264649
264653
264679
264692
264694
264896
264898
264904
264906
264929
264936
264939
264949
265492
265494
265495
265499
265551
265573
265584
265586
265592
265594
265597
265648
265651
265657
265661
270608
270609
270610
270612
270614
270615
270616
270618
270619
270671
270704
270706
270707
270712
270713
270714
270716
270717
270718
270735
270757
270768
270769
270770
270771
270776
270777
270778
270779
270781
272128
272130
272131
272137
272140
272141
272142
272161
272164
272166
272167
272171
272180
272182
272183
272261
272275
272281
272284
272285
272286
272300
272302
272303
272337
272338
272343
272344
272346
272347
272639
272981
273152
273153
273154
273160
273161
273162
273163
273165
273184
273185
273186
273191
273192
273194
273195
273204
273205
273206
273284
273285
273286
273287
273308
273310
273311
273315
273321
273324
273325
273326
273327
273361
273364
273366
273367
273371
275524
275525
275526
275539
275545
275548
275549
275550
275551
275555
275561
275564
275566
275567
275772
275774
275775
275861
275904
275905
275906
275907
275911
275912
275913
275914
275915
275917
275936
275937
275938
275939
275943
275944
275945
275946
275947
275949
275956
275957
275958
276031
276117
276160
276162
276163
276168
276169
276170
276172
276173
276174
276193
276196
276198
276199
276200
276202
276203
276212
276213
276214
276215
276219
