16530
16541
16595
16970
17014
17173
17228
17230
17265
17275
17343
18689
18695
18699
18721
18728
18730
18741
18821
18844
18847
18860
18862
18863
18897
18904
18906
19542
19727
19749
19760
19762
19768
19770
19773
19857
19860
19863
19867
19908
19910
19911
19936
19938
19939
19945
19949
19950
20211
20217
20220
20222
25605
25619
25625
25628
25630
25631
25635
25644
25646
25647
25729
25735
25736
25738
25739
25760
25761
25762
25767
25768
25770
25771
25773
25780
25781
25782
25812
25813
25814
26129
26132
26134
26135
26139
26224
26227
26233
26236
26238
26239
26252
26255
26277
26288
26290
26291
26296
26297
26298
26301
26436
26438
26439
26464
26466
26467
26473
26477
26478
29008
29009
29010
29011
29016
29017
29018
29019
29021
29759
29845
29888
29890
29891
29896
29897
29898
29900
29901
29902
29921
29924
29925
29926
29927
29931
29937
29940
29942
29943
29944
29946
29947
30277
30288
30289
30290
30291
30296
30297
30298
30299
30300
30301
30302
30319
30469
30480
30482
30483
30488
30489
30490
30492
30493
30494
30495
30508
30510
30511
30591
30592
30593
30594
30595
30600
30601
30602
30603
30604
30605
30606
30625
30628
30630
30631
30632
30634
30635
30641
30644
30645
30646
30647
30651
30677
31551
31637
31680
31682
31683
31689
31690
31692
31693
31694
31716
31717
31718
31719
31729
31732
31734
31735
31736
31738
31739
99588
99589
99590
99600
99601
99602
99603
99607
99608
99609
99610
99612
99613
99614
99628
99630
99631
99663
99685
99696
99697
99698
99699
99703
99704
99705
99706
99707
99708
99709
99710
99724
99726
99727
99748
99749
99750
99760
99761
99762
99763
99764
99766
99767
99768
99769
99770
99771
99773
102607
102629
102640
102641
102642
102643
102647
102648
102649
102650
102651
102653
102981
102992
102993
102994
102995
102999
103000
103001
103002
103003
103005
103023
103173
103184
103185
103186
103187
103191
103192
103193
103194
103195
103197
103215
103247
103269
103280
103281
103282
103283
103287
103288
103289
103290
103291
103293
103311
103333
103344
103345
103346
103347
103351
103352
103353
103354
103355
103357
104528
104529
104530
104532
104534
104535
104536
104538
104539
104716
104718
104719
104740
104741
104742
104752
104753
104754
104755
104756
104758
104759
104760
104761
104762
104763
104765
104837
104838
104848
104849
104850
104851
104855
104856
104857
104858
104859
104860
104861
104862
104876
104879
104901
104912
104913
104914
104915
104919
104920
104921
104922
104923
104925
104943
105167
105189
105200
105201
105202
105203
105208
105209
105210
105212
105213
105214
105732
105733
105734
105735
105739
105744
105746
105747
105753
105756
105757
105758
105759
105763
105769
105772
105773
105774
105775
105852
105854
105855
105856
105857
105858
105859
105864
105865
105866
105868
105869
105870
105889
105890
105892
105894
105895
105896
105898
105899
105905
105908
105909
105910
105911
105915
105941
110348
110351
110373
110374
110384
110385
110386
110387
110388
110390
110391
110392
110393
110394
110395
110397
110468
110469
110470
110480
110481
110482
110483
110487
110488
110489
110490
110491
110492
110493
110494
110508
110510
110511
110533
110544
110545
110546
110547
110548
110550
110551
110552
110553
110554
110555
110557
110575
184400
184401
184402
184404
184406
184407
184408
184410
184411
184431
184588
184590
184591
184612
184613
184614
184624
184625
184626
184628
184630
184631
184632
184634
184635
184708
184709
184710
184720
184722
184723
184728
184729
184730
184732
184733
184734
184748
184750
184751
184784
184785
184786
184788
184790
184791
184792
184794
184795
185072
185074
185075
185080
185081
185082
185084
185085
185086
186127
186149
186160
186161
186162
186163
186168
186169
186170
186172
186173
186174
186257
186258
186260
186261
186262
186263
186264
186266
186267
186305
186308
186309
186310
186311
186315
186323
186332
186334
186335
186336
186338
186339
186344
186345
186346
186348
186349
186350
186351
186357
186572
186574
186575
186597
186598
186608
186609
186610
186611
186615
186616
186617
186618
186619
186621
186622
186949
186960
186961
186962
186963
186964
186966
186967
186968
186969
186970
186971
186973
186991
187140
187141
187142
187152
187153
187154
187155
187159
187160
187161
187162
187164
187165
187166
187180
187182
187183
187248
187250
187251
187256
187257
187258
187260
187261
187262
187276
187278
187279
187300
187301
187302
187312
187313
187314
187316
187318
187319
187320
187322
187323
262147
262200
262340
262381
262389
262751
262767
262930
262941
263041
263048
263050
263051
263083
263092
263094
264469
264560
264563
264569
264574
264627
264633
264636
264638
265281
265288
265290
265293
265316
265319
265332
265334
265335
265732
265734
265760
265762
265763
265769
265773
265774
265781
265861
265887
265891
265900
265902
265903
265938
265944
265946
265949
266065
266072
266074
266075
271444
271446
271447
271667
271676
271678
271679
271765
271808
271810
271811
271817
271818
271821
271822
271844
271846
271847
271857
271863
271864
271866
271867
272067
272076
272078
272079
272101
272112
272114
272115
272120
272121
272122
272125
272126
274689
274692
274695
274696
274698
274699
274721
274727
274728
274730
274731
274733
274740
274741
274742
274743
274832
274834
274835
274841
274842
274844
274845
274846
274885
274896
274899
274905
274908
274910
274911
274915
274924
274926
274927
276497
276500
276502
276503
276504
276506
276507
276595
276601
276604
276606
276607
276608
276610
276611
276617
276620
276621
276622
276623
276644
276645
276646
276656
276657
276658
276659
276664
276665
276666
276667
276669
276670
277009
277012
277014
277015
277016
277018
277019
277021
277119
277120
277121
277122
277123
277128
277129
277130
277132
277133
277134
277135
277156
277157
277158
277159
277169
277170
277172
277175
277176
277178
277179
277181
277205
277316
277318
277319
277344
277345
277346
277347
277352
277353
277354
277356
277357
277358
277365
277825
277828
277829
277830
277831
277832
277835
277855
277856
277857
277858
277859
277864
277865
277866
277867
277868
277869
277870
277877
