32768
32770
32776
32778
32808
32810
32904
32906
33280
33282
33288
33290
33320
33322
33440
33442
34817
34823
34824
34826
34827
34847
34848
34850
34851
34857
34861
34943
34944
34946
34947
34953
34957
34976
34977
34978
34983
34984
34986
34987
34997
35336
35338
35360
35362
35381
35457
35463
35464
35466
35467
35487
35491
35496
35497
35498
35501
35541
36181
40961
40964
40965
40966
40967
40968
40970
40971
40979
40985
40988
40989
40990
40991
40992
40995
41001
41004
41005
41006
41007
41084
41086
41087
41088
41090
41091
41096
41097
41098
41100
41101
41102
41103
41120
41121
41122
41124
41125
41126
41127
41128
41130
41131
41137
41140
41141
41142
41143
41147
41468
41470
41471
41475
41481
41484
41485
41486
41505
41508
41510
41511
41515
41524
41525
41526
41600
41601
41602
41604
41606
41607
41611
41628
41630
41631
41632
41634
41635
41641
41644
41645
41646
41684
41685
41686
43007
43008
43010
43011
43016
43017
43018
43021
43041
43047
43048
43050
43051
43061
43137
43143
43144
43147
43167
43171
43177
43181
43220
43221
43222
43520
43521
43522
43524
43526
43527
43531
43548
43550
43551
43555
43561
43564
43565
43566
43644
43646
43647
43651
43657
43660
43661
43662
43680
43681
43682
43684
43686
43687
43691
43700
43701
43702
43860
43861
43862
46417
46420
46421
46422
46423
46427
114689
114692
114693
114694
114695
114699
114707
114713
114716
114717
114718
114719
114720
114722
114723
114729
114732
114733
114734
114735
114803
114809
114812
114813
114814
114815
114819
114824
114825
114826
114828
114829
114830
114831
114848
114849
114850
114852
114853
114854
114855
114859
114865
114868
114869
114870
114871
114875
115187
115193
115196
115197
115198
115199
115200
115202
115203
115209
115210
115212
115213
115214
115215
115232
115233
115234
115236
115237
115238
115239
115240
115242
115243
115249
115252
115253
115254
115255
115259
115328
115329
115330
115332
115333
115334
115335
115336
115338
115339
115347
115353
115356
115357
115358
115359
115360
115362
115363
115368
115369
115370
115372
115373
115374
115375
115409
115412
115413
115414
115415
115419
116723
116729
116732
116733
116734
116735
116736
116738
116739
116744
116745
116746
116748
116749
116750
116751
116769
116772
116773
116774
116775
116776
116778
116779
116785
116788
116789
116790
116791
116795
116864
116865
116866
116868
116869
116870
116871
116872
116874
116875
116883
116889
116892
116893
116894
116895
116896
116898
116899
116904
116905
116906
116908
116909
116910
116911
116945
116948
116949
116950
116951
116955
117248
117249
117250
117252
117253
117254
117255
117256
117258
117259
117267
117273
117276
117277
117278
117279
117283
117288
117289
117290
117292
117293
117294
117295
117363
117369
117372
117373
117374
117375
117376
117378
117379
117385
117388
117389
117390
117391
117408
117409
117410
117412
117413
117414
117415
117416
117418
117419
117425
117428
117429
117430
117431
117435
117585
117588
117589
117590
117591
117595
122867
122873
122876
122877
122878
122879
122883
122888
122889
122890
122892
122893
122894
122895
122913
122916
122917
122918
122919
122920
122922
122923
122929
122932
122933
122934
122935
122939
123008
123009
123010
123012
123013
123014
123015
123016
123018
123019
123027
123033
123036
123037
123038
123039
123043
123049
123052
123053
123054
123055
123089
123092
123093
123094
123095
123099
123393
123396
123397
123398
123399
123400
123402
123403
123411
123417
123420
123421
123422
123423
123424
123426
123427
123432
123433
123434
123436
123437
123438
123439
123507
123513
123516
123517
123518
123519
123520
123522
123523
123528
123529
123530
123532
123533
123534
123535
123552
123553
123554
123556
123557
123558
123559
123560
123562
123563
123569
123572
123573
123574
123575
123579
123729
123732
123733
123734
123735
123739
124928
124929
124930
124932
124933
124934
124935
124936
124938
124939
124947
124953
124956
124957
124958
124959
124960
124962
124963
124969
124972
124973
124974
124975
125043
125049
125052
125053
125054
125055
125059
125065
125068
125069
125070
125071
125088
125089
125090
125092
125093
125094
125095
125096
125098
125099
125105
125108
125109
125110
125111
125115
125427
125433
125436
125437
125438
125439
125440
125442
125443
125449
125452
125453
125454
125455
125472
125473
125474
125476
125477
125478
125479
125483
125489
125492
125493
125494
125495
125499
125568
125569
125570
125572
125573
125574
125575
125576
125578
125579
125587
125593
125596
125597
125598
125599
125603
125609
125612
125613
125614
125615
125649
125652
125653
125654
125655
125659
126289
126292
126293
126294
126295
126299
202065
202068
202069
202070
202071
202072
202075
279356
279359
279488
279491
279500
279503
279536
279539
279548
279551
281600
281603
281612
281615
281648
281651
281657
281660
281662
281663
281749
281792
281794
281795
281801
281804
281806
281807
281829
281840
281842
281843
281849
281852
281854
281855
282197
282368
282370
282371
282377
282380
282382
282383
282405
282416
282418
282419
282425
282428
282430
282431
282517
282560
282562
282563
282569
282572
282574
282575
282597
282608
282610
282611
282617
282620
282622
282623
288085
290816
290818
290819
290825
290828
290830
290831
290853
290864
290866
290867
290873
290876
290878
290879
290965
291008
291010
291011
291017
291020
291022
291023
291045
291056
291058
291059
291065
291068
291070
291071
291413
291584
291586
291587
291593
291596
291598
291599
291621
291632
291634
291635
291641
291642
291644
291645
291646
291647
291733
291734
291776
291777
291778
291779
291785
291786
291788
291789
291790
291791
291813
291814
291824
291825
291826
291827
291833
291834
291836
291837
291838
291839
293205
293206
293888
293889
293890
293891
293897
293898
293900
293901
293902
293903
293925
293926
293936
293937
293938
293939
293945
293946
293948
293949
293950
293951
294036
294037
294038
294080
294081
294082
294083
294088
294089
294090
294091
294092
294093
294094
294095
294116
294117
294118
294119
294128
294129
294130
294131
294136
294137
294138
294139
294140
294141
294142
294143
294484
294485
294486
294487
294656
294657
294658
294659
294664
294665
294666
294667
294668
294669
294670
294671
294692
294693
294694
294695
294704
294705
294706
294707
294712
294713
294714
294715
294716
294717
294718
294719
294804
294805
294806
294807
294848
294849
294850
294851
294856
294857
294858
294859
294860
294861
294862
294863
294884
294885
294886
294887
294896
294897
294898
294899
294904
294905
294906
294907
294908
294909
294910
294911
