65695
65699
66053
66067
66073
66077
66095
66172
66174
66188
66190
66385
67604
67605
67606
67660
67662
67684
67686
67700
67702
67703
67772
67774
67775
68080
68082
68088
68090
68144
68146
68152
68154
68157
68241
68247
68251
68293
68307
68313
68317
68335
68929
68932
68935
68939
68959
68960
68963
68969
68973
73809
73812
73814
73815
73816
73818
73819
73996
73998
73999
74020
74021
74022
74032
74033
74034
74039
74040
74042
74043
74045
74117
74128
74129
74130
74131
74135
74136
74137
74138
74139
74141
74159
74181
74192
74194
74195
74200
74201
74202
74205
74223
74480
74482
74483
74488
74489
74490
74492
74493
74494
75583
75669
75712
75714
75720
75722
75725
75744
75745
75746
75751
75752
75754
75755
75765
75968
75970
75971
75976
75977
75978
75981
76001
76007
76008
76010
76011
76020
76021
76022
76353
76356
76358
76359
76363
76380
76382
76383
76387
76393
76396
76397
76398
76561
76564
76566
76567
76571
76620
76622
76623
76644
76645
76646
76656
76657
76658
76660
76662
76663
76664
76666
76667
76723
76729
76732
76733
76734
79108
79109
79110
79111
79123
79129
79132
79133
79134
79135
79139
79145
79148
79149
79150
79151
79219
79228
79230
79231
79232
79234
79235
79240
79241
79242
79244
79245
79246
79247
79265
79268
79269
79270
79271
79272
79275
79281
79284
79285
79286
79287
79291
147540
147541
147542
147712
147713
147714
147715
147719
147720
147721
147722
147723
147724
147725
147726
147743
147744
147745
147746
147747
147748
147750
147751
147752
147753
147754
147755
147757
147764
147765
147766
147839
147840
147841
147842
147843
147844
147846
147847
147848
147849
147850
147851
147853
147868
147870
147871
147872
147873
147874
147875
147879
147880
147881
147882
147883
147884
147885
147886
147893
147924
147925
147926
148220
148222
148223
148735
149077
149248
149249
149250
149251
149255
149256
149257
149258
149259
149261
149279
149280
149281
149282
149283
149287
149288
149289
149290
149291
149293
149301
149375
149376
149377
149378
149379
149383
149384
149385
149386
149387
149389
149407
149408
149409
149410
149411
149415
149416
149417
149418
149419
149421
149429
149461
149756
149759
150100
150101
150102
150272
150273
150274
150275
150276
150278
150279
150280
150281
150282
150283
150285
150300
150302
150303
150304
150305
150306
150307
150311
150312
150313
150314
150315
150316
150317
150318
150325
150396
150398
150399
150400
150401
150402
150403
150407
150408
150409
150410
150411
150412
150413
150414
150431
150432
150433
150434
150435
150436
150438
150439
150440
150441
150442
150443
150445
150452
150453
150454
150485
154879
155221
155392
155393
155394
155395
155399
155400
155401
155402
155403
155404
155405
155406
155423
155424
155425
155426
155427
155428
155430
155431
155432
155433
155434
155435
155437
155444
155445
155446
155520
155521
155522
155524
155526
155527
155528
155530
155531
155548
155550
155551
155552
155554
155555
155560
155561
155562
155564
155565
155566
155573
155604
155605
155606
155900
155902
155903
156245
156246
156416
156417
156418
156419
156423
156424
156425
156426
156427
156429
156447
156448
156449
156450
156451
156455
156456
156457
156458
156459
156461
156469
156543
156544
156545
156546
156547
156551
156552
156553
156554
156555
156557
156575
156576
156577
156578
156579
156583
156584
156585
156586
156587
156589
156597
156629
157781
157952
157953
157954
157955
157959
157960
157961
157962
157963
157965
157983
157984
157985
157986
157987
157991
157992
157993
157994
157995
157997
158005
158079
158080
158081
158082
158083
158087
158088
158089
158090
158091
158093
158111
158112
158113
158114
158115
158119
158120
158121
158122
158123
158125
158133
158165
158463
158805
158976
158977
158978
158979
158983
158984
158985
158986
158987
158989
159007
159008
159009
159010
159011
159015
159016
159017
159018
159019
159021
159029
159103
159104
159105
159106
159107
159111
159112
159113
159114
159115
159117
159135
159136
159137
159138
159139
159143
159144
159145
159146
159147
159149
159157
159189
159487
234581
234752
234753
234754
234755
234756
234758
234759
234760
234761
234762
234763
234765
234780
234783
234784
234785
234786
234787
234791
234792
234793
234794
234795
234797
234798
234805
234881
234882
234884
234886
234887
234888
234890
234891
234908
234911
234912
234913
234914
234915
234919
234920
234921
234922
234923
234924
234925
234926
234933
234961
234964
234965
234966
234967
234968
234971
235263
311344
311347
311445
311490
312065
312074
312077
312100
312102
312103
312120
312123
312215
312299
312308
312311
313681
313688
313690
313691
314372
314374
314375
314401
314410
314413
314422
314514
314525
314565
314592
314594
314595
314601
314604
314606
314613
314960
314962
314963
314969
314972
314974
314975
315141
315164
315167
315168
315171
315180
315183
315269
315295
315296
315299
315305
315308
315310
315311
315344
315346
315347
315353
315356
315358
315359
320837
320838
320864
320866
320867
320873
320876
320878
320879
320885
323601
323602
323609
323610
323613
323614
323716
323718
323719
323745
323752
323754
323755
323757
323764
323765
323766
323767
323793
323800
323802
323803
323805
324161
324164
324166
324167
324168
324171
324193
324196
324199
324200
324202
324203
324205
324212
324214
324215
324219
324369
324372
324374
324375
324376
324379
324481
324488
324490
324491
324493
324516
324518
324519
324523
324529
324532
324535
324536
324538
324539
324541
324564
324566
324567
325952
325953
325954
325955
325960
325961
325962
325963
325964
325965
325966
325967
325988
325989
325990
325991
326001
326002
326008
326009
326010
326011
326013
326014
326676
326677
326678
326679
326780
326783
326784
326786
326787
326793
326796
326797
326798
326799
326821
326822
326832
326833
326834
326835
326841
326842
326844
326845
326846
326847
326869
327189
327232
327234
327235
327241
327244
327246
327247
327269
327280
327282
327283
327289
327292
327294
327295
327296
327299
327305
327308
327310
327311
327333
327344
327346
327347
327353
327356
327358
327359
327445
327488
327490
327491
327497
327498
327500
327501
327502
327503
327524
327525
327526
327536
327537
327538
327539
327544
327545
327546
327547
327548
327549
327550
327551
327600
327603
327612
327615
