49665
49671
49675
49695
49699
49705
49709
49825
49831
49835
49845
50005
51204
51205
51206
51228
51230
51244
51246
51247
51324
51326
51340
51342
51364
51366
51380
51382
51711
51715
51721
51725
51745
51751
51755
51844
51846
51868
51870
51884
51886
51924
51926
52561
52564
52566
52567
52571
57360
57361
57362
57364
57366
57367
57368
57370
57371
57420
57422
57423
57444
57445
57446
57456
57457
57458
57459
57463
57464
57465
57466
57467
57469
57520
57522
57523
57528
57529
57530
57532
57533
57534
57807
57829
57840
57841
57842
57843
57847
57848
57849
57850
57851
57853
57871
57893
57904
57905
57906
57907
57911
57912
57913
57914
57915
57917
57989
58000
58001
58002
58003
58007
58008
58009
58010
58011
58013
58031
58053
58064
58065
58066
58067
58071
58072
58073
58074
58075
58077
58095
59379
59385
59388
59389
59390
59404
59406
59407
59428
59429
59430
59441
59444
59446
59447
59451
59524
59525
59526
59539
59545
59548
59549
59550
59564
59566
59567
59601
59607
59608
59610
59611
59909
59920
59922
59923
59928
59929
59930
59933
59951
60016
60018
60019
60024
60025
60026
60029
60047
60069
60080
60081
60082
60087
60088
60090
60091
60240
60241
60242
60247
60248
60250
60251
62788
62789
62790
62800
62802
62803
62808
62809
62810
62812
62813
62814
62828
62830
62831
131088
131089
131090
131092
131094
131095
131096
131098
131099
131148
131150
131151
131172
131173
131174
131184
131185
131186
131188
131190
131191
131192
131194
131195
131248
131250
131251
131256
131257
131258
131260
131261
131262
131532
131534
131535
131556
131557
131558
131568
131569
131570
131572
131574
131575
131576
131578
131579
131632
131634
131635
131640
131641
131642
131644
131645
131646
131728
131729
131730
131732
131734
131735
131736
131738
131739
131780
131781
131782
131792
131794
131795
131800
131801
131802
131804
131805
131806
131820
131822
131823
133059
133065
133068
133069
133070
133071
133089
133092
133093
133094
133095
133099
133104
133105
133106
133108
133109
133110
133111
133112
133114
133115
133168
133170
133171
133176
133177
133178
133180
133181
133182
133183
133264
133265
133266
133268
133269
133270
133271
133272
133274
133275
133313
133316
133317
133318
133319
133323
133328
133330
133331
133336
133337
133338
133340
133341
133342
133347
133356
133357
133358
133359
133648
133649
133650
133652
133654
133655
133656
133658
133659
133708
133710
133711
133732
133733
133734
133744
133745
133746
133748
133750
133751
133752
133754
133755
133808
133810
133811
133816
133817
133818
133820
133821
133822
133956
133957
133958
133968
133970
133971
133976
133977
133978
133980
133981
133982
133996
133998
133999
139212
139214
139215
139236
139237
139238
139248
139249
139250
139252
139254
139255
139256
139258
139259
139312
139314
139315
139320
139321
139322
139324
139325
139326
139408
139409
139410
139412
139414
139415
139416
139418
139419
139460
139461
139462
139472
139474
139475
139480
139481
139482
139484
139485
139486
139500
139502
139503
139792
139793
139794
139796
139797
139798
139799
139800
139802
139803
139843
139849
139852
139853
139854
139855
139873
139876
139877
139878
139879
139883
139888
139889
139890
139892
139894
139895
139896
139898
139899
139952
139954
139955
139960
139961
139962
139964
139965
139966
139967
140097
140100
140101
140102
140103
140107
140112
140114
140115
140120
140121
140122
140124
140125
140126
140127
140131
140137
140140
140141
140142
140143
141328
141329
141330
141332
141333
141334
141335
141336
141338
141339
141379
141385
141388
141389
141390
141391
141409
141412
141413
141414
141415
141419
141424
141425
141426
141428
141429
141430
141431
141432
141434
141435
141488
141490
141491
141496
141497
141498
141500
141501
141502
141503
141763
141769
141772
141773
141774
141775
141793
141796
141797
141798
141799
141803
141808
141809
141810
141812
141813
141814
141815
141816
141818
141819
141872
141874
141875
141880
141881
141882
141884
141885
141886
141887
141968
141969
141970
141972
141973
141974
141975
141976
141978
141979
142017
142020
142021
142022
142023
142027
142032
142034
142035
142040
142041
142042
142044
142045
142046
142047
142051
142057
142060
142061
142062
142063
142657
142660
142661
142662
142663
142667
142672
142674
142675
142680
142681
142682
142684
142685
142686
142687
142691
142697
142700
142701
142702
142703
218436
218437
218438
218439
218443
218448
218450
218451
218457
218458
218460
218461
218462
218463
218464
218467
218473
218476
218477
218478
218479
295119
295152
295155
295164
295167
295680
295683
295692
295694
295695
295717
295728
295730
295731
295737
295742
295829
295874
295881
295886
295909
295922
295929
295934
297301
297986
297993
297998
298021
298034
298177
298186
298189
298214
298225
298234
298237
298582
298753
298760
298762
298763
298765
298788
298790
298791
298801
298808
298810
298811
298813
298900
298902
298903
298945
298952
298954
298955
298957
298980
298982
298983
298993
299000
299002
299003
299005
304468
304470
304471
307201
307208
307210
307211
307213
307236
307238
307239
307249
307256
307258
307259
307261
307348
307350
307351
307355
307393
307396
307399
307400
307402
307403
307405
307428
307430
307431
307432
307435
307441
307444
307447
307448
307450
307451
307453
307796
307798
307799
307800
307803
307969
307972
307974
307975
307976
307978
307979
307981
308001
308004
308006
308007
308008
308010
308011
308013
308017
308020
308022
308023
308024
308027
308113
308116
308119
308120
308122
308123
308125
308164
308166
308167
308168
308171
308193
308196
308199
308200
308202
308203
308205
308212
308214
308215
308216
308219
309585
309588
309591
309592
309594
309595
309597
310276
310278
310279
310280
310283
310305
310308
310311
310312
310314
310315
310317
310324
310326
310327
310328
310331
310417
310423
310424
310426
310427
310429
310468
310470
310471
310497
310498
310504
310506
310507
310509
310516
310517
310518
310519
310865
310866
310872
310873
310874
310875
310877
310878
311044
311045
311046
311047
311072
311073
311074
311075
311080
311081
311082
311083
311085
311086
311092
311093
311094
311095
311184
311185
311186
311187
311192
311193
311194
311195
311196
311197
311198
311199
311236
311237
311238
311239
311264
311265
311266
311267
311272
311273
311274
311275
311276
311277
311278
311279
311284
311285
311286
311287
