49156
49219
49226
49261
49422
49447
49509
49525
49584
49585
49590
49595
49913
50231
50234
50300
50301
50302
50313
50317
50332
50333
50334
50339
50344
50345
50495
50565
50576
50577
50578
50580
50581
50582
50587
50640
50641
50644
50645
50646
50651
50880
50882
50886
50887
50891
50899
50903
50904
50905
50906
50926
52175
52192
52193
52194
52198
52203
53443
53447
53448
53449
53450
53453
53468
53469
53470
53475
53480
53481
53482
53484
53485
53711
53728
53729
53732
53733
53734
53739
53744
53745
53746
53748
53749
53750
53755
53797
53808
53809
53810
53812
53813
53814
53819
53875
53879
53880
53881
53882
53900
53901
53902
53903
53919
53920
53921
53922
53923
53924
53926
53927
53928
53930
53931
54515
54520
54521
54522
54524
54525
54526
54785
54788
54789
54790
54800
54801
54802
54804
54805
54806
54807
54811
54831
54848
54849
54850
54851
54852
54854
54855
54856
54857
54858
54859
54866
54867
54871
54872
54873
54874
54876
54877
54892
54893
54894
54895
54972
54974
54975
55105
55108
55109
55110
55120
55121
55122
55124
55125
55126
55127
55130
55131
55151
56067
56072
56073
56074
56076
56077
56078
56092
56093
56094
56095
56098
56099
56103
56104
56105
56106
56109
56140
56142
56143
56159
56160
56161
56162
56164
56165
56166
56167
56171
56240
56241
56242
56243
56244
56246
56247
56248
56249
56250
56251
61244
61245
61246
61311
61312
61313
61314
61316
61318
61319
61323
61330
61331
61335
61336
61337
61338
61358
61359
146435
146441
146444
146445
146446
146447
146465
146468
146469
146470
146471
146475
146480
146481
146482
146484
146485
146486
146487
146488
146490
146491
146561
146564
146565
146566
146567
146571
146576
146578
146579
146584
146585
146586
146588
146589
146590
146591
146595
146601
146604
146605
146606
146607
146640
146641
146644
146645
146646
146647
146650
146651
146940
146941
146942
146943
146944
146946
146947
146951
146952
146953
146954
146955
146956
146957
146958
146972
146974
146975
146976
146977
146978
146979
146983
146984
146985
146986
146987
146988
146989
146997
147059
147065
147068
147069
147070
147071
147075
147080
147081
147084
147085
147086
147087
147104
147105
147106
147108
147109
147110
147111
147112
147114
147115
147121
147124
147125
147126
147131
197616
197618
197619
197624
197625
197626
197628
197629
197630
197631
198992
198993
198994
198996
198997
198998
198999
199000
199002
199003
199681
199684
199685
199686
199687
199691
199696
199698
199699
199704
199705
199706
199708
199709
199710
199711
199715
199721
199724
199725
199726
199727
199794
199795
199800
199801
199804
199805
199806
199807
199811
199817
199820
199821
199822
199823
199841
199844
199845
199846
199847
199851
199856
199857
199858
199860
199861
199862
199863
199864
199866
199867
200179
200185
200188
200189
200190
200191
200195
200201
200204
200205
200206
200207
200225
200228
200229
200230
200231
200235
200241
200244
200245
200246
200247
200251
200321
200324
200325
200326
200327
200331
200339
200345
200348
200349
200350
200351
200355
200361
200364
200365
200366
200367
200401
200404
200405
200406
200407
200411
205137
205140
205141
205142
205143
205147
205824
205826
205827
205832
205833
205834
205836
205837
205838
205839
205856
205857
205858
205860
205861
205862
205863
205864
205866
205867
205873
205876
205877
205878
205879
205883
205952
205953
205954
205956
205957
205958
205959
205960
205962
205963
205971
205977
205980
205981
205982
205983
205984
205986
205987
205992
205993
205994
205996
205997
205998
205999
206033
206036
206037
206038
206039
206043
206337
206340
206341
206342
206343
206346
206347
206355
206361
206364
206365
206366
206367
206368
206370
206371
206376
206377
206380
206381
206382
206383
206451
206457
206460
206461
206462
206463
206464
206466
206467
206472
206473
206474
206476
206477
206478
206479
206496
206497
206498
206500
206501
206502
206503
206504
206506
206507
206513
206516
206517
206518
206519
206523
206673
206676
206677
206678
206679
206683
207859
207865
207868
207869
207870
207871
209920
209921
209922
209924
209925
209926
209927
209928
209930
209931
209939
209945
209948
209949
209950
209951
209954
209955
209960
209961
209964
209965
209966
209967
210035
210041
210044
210045
210046
210047
210051
210057
210060
210061
210062
210063
210081
210084
210085
210086
210087
210091
210097
210100
210101
210102
210103
210107
210383
210405
210416
210417
210418
210419
210423
210424
210425
210426
210427
210429
210444
210446
210447
210468
210469
210470
210480
210481
210482
210484
210486
210487
210488
210490
210491
210561
210564
210565
210566
210567
210571
210576
210578
210579
210584
210585
210586
210588
210589
210590
210601
210604
210605
210606
210607
210640
210641
210642
210644
210645
210646
210647
210648
210650
210651
278643
278649
278708
278988
278990
279012
279014
279029
279101
279191
279195
279248
279250
280368
280370
280371
280376
280378
280452
280453
280466
280467
280472
280473
280474
280495
280529
280532
280534
280539
280783
280805
280817
280820
280822
280823
280827
281153
281159
281163
281180
281182
281196
281197
281198
281365
281408
281410
281416
281418
281439
281443
281448
281449
281535
285888
285889
285890
285891
285895
285896
285897
285898
285899
285901
285916
285918
285919
285920
285922
285923
285927
285928
285929
285930
285933
286213
286224
286225
286226
286228
286230
286231
286232
286234
286235
286275
286281
286284
286285
286286
286287
286304
286305
286306
286308
286309
286310
286311
286315
286321
286324
286325
286326
286387
286392
286393
286396
286397
286398
286532
286533
286534
286544
286545
286546
286547
286551
286552
286553
286554
286555
286557
286572
286574
286575
287551
287636
287637
287638
287680
287681
287682
287684
287686
287687
287691
287699
287705
287708
287709
287710
287715
287721
287724
287725
287726
287727
289025
289028
289029
289030
289043
289048
289049
289050
289053
289068
289070
289071
289103
289125
289136
289137
289138
289140
289142
289143
289144
289146
289147
289200
289201
289202
289203
289207
289208
289209
289210
289211
289873
289876
289877
289878
289883
290051
290056
290057
290058
290061
290079
290080
290081
290082
290087
290088
290090
290091
290172
290174
290179
290185
290188
290189
290190
290208
290209
290210
290215
290218
290219
290229
290556
290558
290559
