65595
65681
65774
66116
66118
66144
66146
66431
66444
66446
66469
66488
66490
67858
67864
67866
67869
67968
67970
67981
68004
68006
68007
68020
68023
68053
68677
68700
68702
68703
68716
68718
68719
69107
69116
69118
69119
69132
69134
69135
69157
69168
69170
69176
69177
69178
69181
69268
69270
69271
69316
69318
69319
69344
69346
69352
69354
69357
69365
74817
74820
74822
74823
74827
74848
74849
74850
74856
74857
74858
74859
74861
74869
75264
75265
75266
75272
75274
75277
75297
75300
75302
75303
75307
75316
75318
75319
75408
75410
75411
75416
75417
75418
75421
75461
75475
75481
75484
75486
75487
75491
75500
75502
75503
75605
78100
78102
78103
78107
78195
78201
78204
78206
78207
78208
78211
78217
78220
78222
78223
78245
78256
78257
78258
78259
78264
78265
78266
78267
78269
79823
79845
79856
79858
79859
79864
79865
79866
79868
79869
79870
79871
79875
79884
79886
79887
79909
79920
79921
79922
79923
79928
79929
79930
79931
79932
79933
79934
80017
80020
80022
80023
80024
80027
80065
80068
80070
80071
80072
80075
80096
80097
80098
80099
80104
80105
80106
80107
80108
80109
80110
80117
80118
80452
80453
80454
80467
80473
80476
80478
80479
80480
80482
80483
80489
80492
80494
80495
80656
80657
80658
80659
80664
80665
80666
80667
80669
80768
80769
80770
80771
80776
80777
80778
80779
80781
80782
80801
80804
80806
80807
80811
80817
80820
80822
80823
80824
80827
80853
151553
151554
151556
151557
151558
151559
151563
151571
151577
151580
151581
151582
151583
151587
151593
151596
151597
151598
151599
151667
151673
151674
151676
151677
151678
151679
151683
151689
151692
151693
151694
151695
151713
151716
151717
151718
151719
151723
151729
151732
151733
151734
151735
151739
152048
152050
152051
152056
152057
152058
152060
152061
152062
152063
152067
152073
152076
152077
152078
152079
152097
152100
152101
152102
152103
152107
152112
152113
152114
152116
152117
152118
152119
152120
152122
152123
152193
152196
152197
152198
152199
152203
152208
152210
152211
152216
152217
152218
152220
152221
152222
152223
152227
152233
152236
152237
152238
152239
152273
152274
152276
152277
152278
152279
152280
152283
153601
153602
153604
153606
153607
153608
153610
153611
153628
153631
153632
153633
153634
153635
153639
153640
153641
153642
153643
153644
153645
153646
153653
153728
153729
153730
153732
153734
153735
153736
153738
153739
153756
153759
153760
153761
153762
153763
153767
153768
153769
153770
153771
153772
153773
153774
153781
153812
153813
153814
153815
153819
154113
154116
154117
154118
154119
154123
154128
154131
154137
154140
154141
154142
154143
154147
154153
154156
154157
154158
154159
154227
154233
154236
154237
154238
154239
154240
154242
154243
154248
154249
154250
154252
154253
154254
154255
154273
154276
154277
154278
154279
154280
154283
154289
154292
154293
154294
154295
154299
154449
154450
154452
154453
154454
154455
154456
154458
154459
154961
154964
154965
154966
154967
154971
230737
230740
230741
230742
230743
230747
233472
233475
233480
233481
233482
233484
233485
233486
233487
233504
233505
233506
233508
233509
233510
233511
233512
233514
233515
233521
233524
233525
233526
233527
233531
233600
233601
233602
233604
233605
233606
233607
233608
233610
233611
233619
233625
233628
233629
233630
233631
233632
233634
233635
233640
233641
233642
233644
233645
233646
233647
233681
233684
233685
233686
233687
233691
233984
233985
233986
233988
233989
233990
233991
233992
233994
233995
234003
234009
234012
234013
234014
234015
234016
234018
234019
234024
234025
234026
234028
234029
234030
234031
234099
234105
234108
234109
234110
234111
234112
234114
234115
234120
234121
234122
234124
234125
234126
234127
234144
234145
234146
234148
234149
234150
234151
234152
234154
234155
234161
234164
234165
234166
234167
234171
234321
234324
234325
234326
234327
234331
235525
235536
235537
235538
235539
235543
235544
235545
235546
235547
235549
235550
235567
235632
235634
235635
235640
235641
235642
235644
235645
235646
235647
235651
235657
235660
235661
235662
235663
235684
235685
235686
235696
235697
235698
235700
235702
235703
235704
235706
235707
235709
236019
236025
236028
236029
236030
236031
236032
236034
236035
236040
236041
236042
236044
236045
236046
236047
236064
236065
236066
236068
236069
236070
236071
236072
236074
236075
236081
236084
236085
236086
236087
236091
236161
236164
236165
236166
236167
236171
236179
236185
236188
236189
236190
236191
236192
236194
236195
236201
236202
236204
236205
236206
236207
236241
236244
236245
236246
236247
236248
236251
236869
236870
236880
236882
236883
236888
236889
236890
236892
236893
236894
236895
236908
236910
236911
241651
241657
241660
241661
241662
241663
311305
311448
311519
311532
311879
311917
312084
312087
312179
312188
312190
312207
312240
312242
312253
313616
313619
313625
313630
313729
313736
313738
313739
313761
313771
313782
314448
314450
314451
314457
314461
314828
314831
314853
314864
314866
314872
314873
314874
314877
314931
314940
314942
314943
315029
315073
315080
315082
315083
315085
315105
315111
315115
315124
315126
320576
320578
320579
320584
320585
320586
320589
320590
320612
320614
320615
320625
320628
320630
320631
320632
320635
321028
321030
321031
321035
321056
321058
321064
321065
321066
321069
321077
321157
321180
321182
321183
321187
321193
321196
321198
321199
321232
321233
321234
321240
321242
321243
321245
321364
321366
321367
323861
323904
323906
323907
323913
323916
323918
323919
323940
323941
323942
323952
323953
323954
323960
323962
323963
323965
324028
324030
324031
325436
325438
325439
325525
325568
325569
325570
325571
325576
325577
325578
325579
325580
325581
325582
325601
325604
325606
325607
325608
325610
325611
325617
325620
325621
325622
325623
325627
325695
325781
325824
325826
325827
325833
325834
325836
325837
325838
325839
325860
325861
325862
325863
325873
325874
325876
325879
325880
325882
325883
325885
326224
326225
326226
326231
326232
326234
326235
326237
326404
326405
326406
326407
326428
326430
326431
326432
326434
326435
326441
326444
326445
326446
326447
326532
326533
326534
326535
326559
326560
326562
326563
326568
326569
326570
326572
326573
326574
326581
326609
326612
326614
326615
326616
326618
326619
