32940
32942
32983
33297
33307
33405
33456
33458
33605
33628
33630
33647
34884
34886
34911
34915
34921
34924
34926
35267
35273
35277
35303
35316
35318
35520
35522
35528
35530
35553
35560
35563
35573
36116
36118
36119
36123
36175
36197
36208
36210
36216
36218
36221
36272
36275
36281
36285
41232
41233
41234
41236
41238
41239
41240
41242
41243
41295
41328
41330
41331
41336
41337
41338
41340
41341
41342
41359
41381
41392
41393
41394
41395
41400
41401
41402
41403
41405
42752
42754
42755
42761
42764
42765
42766
42785
42788
42790
42791
42795
42804
42806
42807
42885
42899
42905
42908
42909
42910
42924
42926
42927
42961
42962
42967
42968
42970
42971
43263
43605
43776
43777
43778
43784
43785
43786
43787
43789
43808
43809
43810
43815
43816
43818
43819
43828
43829
43830
43908
43909
43910
43911
43932
43934
43935
43939
43945
43948
43949
43950
43951
43985
43988
43990
43991
43995
46148
46149
46150
46163
46169
46172
46173
46174
46175
46179
46185
46188
46190
46191
46396
46398
46399
46485
46528
46529
46530
46531
46535
46536
46537
46538
46539
46541
46560
46561
46562
46563
46567
46568
46569
46570
46571
46573
46580
46581
46582
46655
46741
46784
46786
46787
46792
46793
46794
46796
46797
46798
46817
46820
46822
46823
46824
46826
46827
46836
46837
46838
46839
46843
115009
115012
115013
115014
115015
115019
115027
115033
115036
115037
115038
115039
115043
115049
115052
115053
115054
115055
115763
115769
115772
115773
115774
115775
115857
115860
115861
115862
115863
115867
115905
115908
115909
115910
115911
115915
115920
115923
115929
115930
115932
115933
115934
115935
115939
115945
115948
115949
115950
115951
116240
116241
116242
116244
116245
116246
116247
116248
116250
116251
116291
116297
116300
116301
116302
116303
116321
116324
116325
116326
116327
116331
116336
116337
116338
116340
116341
116342
116343
116344
116346
116347
116400
116402
116403
116408
116409
116410
116412
116413
116414
116415
116545
116548
116549
116550
116551
116555
116560
116562
116563
116568
116569
116570
116572
116573
116574
116575
116579
116585
116588
116589
116590
116591
117699
117705
117708
117709
117710
117711
117729
117732
117733
117734
117735
117739
117745
117748
117749
117750
117751
117755
121904
121906
121907
121912
121913
121914
121916
121917
121918
121919
122000
122001
122002
122004
122005
122006
122007
122008
122010
122011
122049
122052
122053
122054
122055
122059
122064
122066
122067
122072
122073
122074
122076
122077
122078
122079
122083
122089
122092
122093
122094
122095
122385
122388
122389
122390
122391
122395
122432
122435
122441
122444
122445
122446
122447
122465
122468
122469
122470
122471
122475
122481
122484
122485
122486
122487
122491
122547
122553
122556
122557
122558
122559
122688
122689
122690
122692
122694
122695
122696
122698
122699
122716
122718
122719
122720
122722
122723
122728
122729
122730
122732
122733
122734
123843
123849
123852
123853
123854
123855
123873
123876
123877
123878
123879
123883
123888
123889
123890
123892
123893
123894
123895
123896
123898
123899
125252
125253
125254
125264
125266
125267
125272
125273
125274
125276
125277
125278
125283
125292
125293
125294
125295
125968
125969
125970
125972
125974
125975
125976
125978
125979
126028
126030
126031
126052
126053
126054
126064
126065
126066
126068
126069
126070
126071
126072
126074
126075
126128
126130
126131
126136
126137
126138
126140
126141
126142
126403
126409
126412
126413
126414
126415
126433
126436
126437
126438
126439
126443
126448
126449
126450
126452
126453
126454
126455
126456
126458
126459
126512
126514
126515
126520
126521
126522
126524
126525
126526
126527
126608
126609
126610
126612
126613
126614
126615
126616
126618
126619
126657
126660
126661
126662
126667
126672
126674
126675
126680
126681
126682
126684
126685
126686
126691
126700
126701
126702
126703
201745
201748
201749
201750
201751
201755
201795
201801
201804
201805
201806
201807
201825
201828
201829
201830
201831
201835
201841
201842
201844
201845
201846
201847
201848
201851
201907
201913
201916
201917
201918
201919
202188
202191
202213
202224
202226
202227
202232
202233
202234
202236
202237
202238
202239
202243
202252
202254
202255
202277
202278
202288
202289
202290
202291
202295
202296
202297
202298
202299
202300
202301
202302
202384
202385
202386
202388
202390
202391
202392
202394
202395
202397
202436
202437
202438
202439
202443
202448
202450
202451
202456
202457
202458
202460
202461
202462
202463
202467
202473
202476
202477
202478
202479
278578
278733
278756
278779
279300
279303
279329
279336
279338
279350
279442
279493
279520
279523
279529
279532
279534
280927
280940
280943
281616
281618
281619
281625
281628
281630
281732
281734
281762
281770
281773
281781
281809
281816
281818
281819
281821
282177
282184
282186
282187
282212
282215
282219
282228
282231
282388
282390
282391
282496
282498
282499
282505
282508
282510
282533
282534
282545
282552
282554
282555
282557
282581
288021
288076
288079
288112
288114
288115
288121
288124
288126
288127
288143
288176
288179
288185
288188
288190
288191
290880
290882
290883
290889
290892
290894
290895
290917
290918
290928
290929
290930
290936
290937
290938
290939
290941
290942
291345
291348
291351
291352
291354
291355
291357
291457
291464
291466
291467
291469
291492
291494
291495
291499
291505
291508
291510
291511
291512
291514
291515
291540
291542
291543
291652
291654
291655
291681
291682
291688
291690
291691
291693
291700
291701
291702
291703
293125
293136
293138
293139
293145
293148
293150
293151
293152
293155
293161
293164
293166
293167
293253
293254
293279
293280
293282
293283
293289
293292
293293
293294
293295
293301
293328
293329
293330
293331
293336
293337
293338
293340
293341
293342
293343
293957
293968
293970
293971
293977
293980
293981
293982
293983
293987
293996
293999
294400
294401
294402
294404
294407
294408
294409
294410
294411
294413
294433
294436
294438
294439
294440
294442
294443
294445
294449
294452
294454
294455
294456
294458
294459
294544
294545
294546
294551
294552
294553
294554
294555
294557
294558
294596
294597
294598
294599
294624
294625
294626
294627
294632
294633
294634
294635
294636
294637
294638
294639
294645
294646
294740
294741
294742
294743
