53
212
214
528
530
677
689
695
699
848
850
856
858
2112
2114
2115
2120
2121
2122
2125
2145
2151
2155
2165
2511
2533
2545
2555
2611
2617
2708
2710
2756
2758
2780
2782
2783
2787
2796
2798
3392
3394
3400
3402
3405
3425
3426
3431
3432
3434
3435
3445
8277
8448
8449
8450
8451
8455
8456
8457
8458
8459
8461
8480
8481
8482
8487
8488
8490
8491
8500
8501
8502
8577
8580
8582
8583
8587
8604
8606
8607
8608
8610
8611
8617
8620
8621
8622
8657
8660
8661
8662
8663
8667
8959
10035
10041
10044
10045
10046
10132
10134
10135
10177
10180
10182
10183
10187
10204
10207
10211
10217
10220
10221
10222
10444
10446
10447
10468
10469
10470
10481
10487
10488
10490
10491
10821
10832
10834
10835
10840
10841
10842
10845
10863
11013
11024
11026
11027
11032
11033
11034
11037
11055
11123
11129
11132
11133
11134
11135
11148
11150
11151
11172
11173
11174
11184
11185
11186
11191
11192
11194
11195
13397
13568
13569
13570
13571
13576
13577
13578
13579
13580
13581
13582
13600
13601
13602
13604
13606
13607
13608
13610
13611
13620
13621
13622
13697
13700
13701
13702
13703
13707
13715
13721
13724
13726
13727
13728
13730
13731
13737
13738
13740
13741
13742
13743
13777
13780
13781
13782
13783
13787
14079
82180
82181
82182
82192
82194
82195
82200
82201
82202
82204
82205
82206
82220
82222
82223
82288
82290
82291
82296
82297
82298
82300
82301
82302
82316
82318
82319
82340
82341
82342
82352
82353
82354
82356
82358
82359
82360
82362
82363
83184
83186
83187
83191
83192
83193
83194
83196
83197
83198
83525
83536
83537
83538
83539
83540
83542
83543
83544
83545
83546
83547
83567
83716
83717
83718
83728
83729
83730
83731
83735
83736
83737
83738
83739
83740
83741
83742
83756
83758
83759
83791
83813
83824
83825
83826
83827
83831
83832
83833
83834
83835
83836
83837
83838
83852
83854
83855
83876
83877
83878
83888
83889
83890
83891
83892
83894
83895
83896
83897
83898
83899
83901
84748
84750
84751
84772
84773
84774
84784
84785
84786
84788
84790
84791
84792
84794
84795
84868
84869
84870
84880
84882
84883
84888
84889
84890
84892
84893
84894
84908
84910
84911
84944
84945
84946
84948
84950
84951
84952
84954
84955
89295
89317
89328
89329
89330
89331
89335
89336
89337
89338
89339
89340
89341
89342
89680
89681
89682
89684
89686
89687
89688
89690
89691
89860
89861
89862
89872
89874
89875
89880
89881
89882
89884
89885
89886
89900
89902
89903
89968
89970
89971
89977
89980
89981
89982
89983
89987
89993
89996
89997
89998
89999
90017
90020
90021
90022
90023
90027
90032
90033
90034
90036
90038
90039
90040
90042
90043
90892
90894
90895
90916
90917
90918
90928
90929
90930
90931
90932
90934
90935
90936
90937
90938
90939
90941
91012
91013
91014
91024
91025
91026
91027
91031
91032
91033
91034
91035
91036
91037
91038
91052
91054
91055
91077
91088
91089
91090
91091
91092
91094
91095
91096
91097
91098
91099
91101
91119
92420
92421
92422
92432
92433
92434
92435
92439
92440
92441
92442
92443
92444
92445
92446
92460
92462
92463
92495
92517
92528
92529
92530
92531
92535
92536
92537
92538
92539
92540
92541
92542
92556
92558
92559
92580
92581
92582
92592
92593
92594
92595
92596
92598
92599
92600
92601
92602
92603
92605
93253
93264
93265
93266
93267
93268
93270
93271
93272
93273
93274
93275
93277
93295
93452
93454
93455
93476
93477
93478
93488
93489
93490
93491
93492
93494
93495
93496
93497
93498
93499
93501
93572
93573
93574
93584
93585
93586
93587
93591
93592
93593
93594
93595
93596
93597
93598
93612
93614
93615
93637
93648
93649
93650
93651
93652
93654
93655
93656
93657
93658
93659
93661
93679
93903
93925
93936
93937
93938
93939
93943
93944
93945
93946
93947
93948
93949
93950
169040
169041
169042
169044
169046
169047
169048
169050
169051
169228
169230
169231
169252
169253
169254
169264
169265
169266
169267
169268
169270
169271
169272
169273
169274
169275
169277
169349
169360
169361
169362
169363
169364
169367
169368
169369
169370
169371
169373
169374
169391
169412
169413
169414
169424
169426
169427
169433
169434
169436
169437
169438
169439
169440
169443
169449
169452
169454
169455
169679
169701
169712
169713
169714
169715
169720
169721
169722
169724
169725
169726
245822
246010
246013
246356
246358
246536
246539
246680
246683
246724
246726
246727
246753
246760
246762
246765
246774
248157
248837
248864
248866
248867
248873
248878
248885
248976
248979
248985
248988
248990
248991
249043
249052
249055
249071
249413
249440
249442
249443
249449
249452
249454
249455
249616
249618
249619
249625
249630
249732
249734
249735
249761
249762
249768
249770
249773
249781
249782
249809
249816
249818
249819
249821
255300
255303
255304
255307
255329
255335
255336
255338
255339
255341
255348
255350
255351
258068
258070
258071
258072
258075
258177
258184
258186
258187
258189
258212
258214
258215
258225
258232
258234
258235
258237
258260
258261
258262
258263
258624
258626
258627
258633
258634
258636
258637
258638
258639
258661
258662
258672
258673
258674
258675
258680
258681
258682
258685
258686
258837
258895
258928
258931
258937
258940
258942
258943
258944
258946
258947
258953
258956
258958
258959
258981
258992
258994
258995
259001
259004
259006
259007
259029
260373
260374
260464
260467
260476
260479
260480
260482
260483
260489
260492
260494
260495
260517
260528
260530
260531
260537
260540
260541
260542
260543
260565
261184
261185
261186
261187
261192
261193
261194
261195
261196
261197
261198
261199
261220
261221
261222
261223
261232
261233
261234
261235
261240
261241
261242
261243
261245
261246
261649
261652
261654
261655
261656
261658
261659
261661
261761
261762
261764
261767
261768
261770
261771
261773
261793
261796
261798
261799
261800
261803
261809
261812
261814
261815
261816
261818
261819
261821
261844
261845
261846
261847
261953
261956
261957
261958
261959
261960
261963
261984
261985
261986
261987
261991
261992
261993
261994
261995
261997
261998
262004
262005
262006
262007
