49221
49232
49233
49236
49237
49408
49409
49412
49413
49414
49424
49425
49426
49430
49435
49455
49474
49478
49483
49490
49494
49499
49519
49599
50178
50182
50187
50194
50223
50243
50247
50250
50259
50263
50266
50286
50435
50439
50440
50441
50442
50451
50455
50456
50457
50458
50476
50477
50478
50499
50503
50504
50505
50506
50515
50519
50520
50521
50522
50540
50541
50542
50620
50621
50622
50942
52223
53251
53255
53256
53257
53258
53267
53271
53272
53273
53274
53292
53293
53294
53315
53319
53320
53321
53322
53324
53325
53331
53335
53336
53337
53338
53340
53341
53352
53353
53356
53357
53358
53433
53436
53437
53438
53507
53511
53512
53513
53514
53516
53517
53518
53523
53528
53529
53532
53533
53534
53539
53543
53544
53545
53546
53548
53549
53550
53576
53577
53580
53581
53582
53592
53593
53596
53597
53598
53603
53607
53608
53609
53610
53612
53613
53683
53687
53688
53689
53690
53692
53693
54008
54009
54012
54013
54014
54280
54281
54284
54285
54286
54296
54297
54300
54301
54302
54307
54311
54312
54313
54314
54316
54317
54348
54349
54350
54364
54365
54366
54367
54370
54371
54375
54376
54377
54378
54451
54455
54456
54457
54458
54461
54540
54541
54542
54543
54556
54557
54558
54559
54560
54561
54562
54563
54566
54567
54568
54569
54570
54571
54604
54605
54606
54607
54620
54621
54622
54623
54624
54625
54626
54627
54628
54629
54630
54631
54632
54633
54634
54635
54704
54705
54706
54707
54708
54709
54710
54711
54712
54713
54714
54715
55026
55027
55030
55031
55032
55033
55034
55035
56307
56311
56312
56313
56314
56316
56317
61436
61437
61438
147401
147404
147405
147406
147407
147424
147425
147428
147429
147430
147431
147435
147440
147441
147442
147444
147445
147446
147447
147450
147451
196656
196658
196659
196664
196665
196666
196668
196669
196670
196752
196753
196754
196756
196758
196759
196760
196762
196763
196804
196805
196806
196816
196818
196819
196824
196825
196826
196828
196829
196830
196844
196846
196847
197136
197137
197138
197140
197142
197143
197144
197146
197147
197196
197198
197199
197220
197221
197222
197232
197233
197234
197236
197238
197239
197240
197242
197243
197296
197298
197299
197304
197305
197306
197308
197309
197310
197444
197445
197446
197456
197458
197459
197464
197465
197466
197468
197469
197470
197484
197486
197487
198672
198673
198674
198676
198677
198678
198679
198680
198682
198683
198723
198729
198732
198733
198734
198735
198753
198756
198757
198758
198759
198768
198769
198770
198772
198774
198775
198776
198778
198779
198832
198834
198835
198840
198841
198842
198844
198845
198846
198847
199116
199118
199119
199140
199141
199142
199152
199153
199154
199156
199158
199159
199160
199162
199163
199216
199218
199219
199224
199225
199226
199228
199229
199230
199312
199313
199314
199316
199318
199319
199320
199322
199323
199364
199365
199366
199376
199378
199379
199384
199385
199386
199388
199389
199390
199404
199406
199407
200001
200004
200005
200006
200007
200011
200016
200018
200019
200024
200025
200026
200028
200029
200030
200031
200035
200041
200044
200045
200046
200047
204816
204817
204818
204820
204822
204823
204824
204826
204827
204876
204878
204879
204900
204901
204902
204912
204913
204914
204916
204918
204919
204920
204922
204923
204976
204978
204979
204984
204985
204986
204988
204989
204990
205251
205257
205260
205261
205262
205263
205281
205284
205285
205286
205287
205291
205296
205297
205298
205300
205301
205302
205303
205304
205306
205307
205360
205362
205363
205368
205369
205370
205372
205373
205374
205375
205456
205457
205458
205460
205461
205462
205463
205464
205466
205467
205505
205508
205509
205510
205511
205515
205520
205522
205523
205528
205529
205530
205532
205533
205534
205539
205545
205548
205549
205550
205551
206787
206793
206796
206797
206798
206799
206817
206820
206821
206822
206823
206827
206832
206833
206834
206836
206837
206838
206839
206840
206842
206843
206896
206898
206899
206904
206905
206906
206908
206909
206910
206911
206992
206993
206994
206996
206997
206998
206999
207000
207002
207003
207041
207044
207045
207046
207047
207051
207056
207058
207059
207064
207065
207066
207068
207069
207070
207071
207075
207081
207084
207085
207086
207087
207376
207377
207378
207380
207381
207382
207383
207384
207386
207387
207427
207433
207436
207437
207438
207439
207457
207460
207461
207462
207463
207467
207472
207473
207474
207476
207477
207478
207479
207480
207482
207483
207536
207538
207539
207544
207545
207546
207548
207549
207550
207551
207681
207684
207685
207686
207687
207691
207696
207698
207699
207704
207705
207706
207708
207709
207710
207711
207715
207721
207724
207725
207726
207727
210244
210245
210246
210256
210258
210259
210264
210265
210266
210268
210269
210270
210284
210286
210287
279039
279043
279049
279053
279073
279079
279083
279093
279199
279203
279209
279213
280563
280569
280572
280573
280574
280588
280590
280591
280612
280613
280614
280628
280630
280708
280710
280732
280734
280748
280750
280788
280790
281089
281095
281099
281123
281129
281133
281212
281214
281228
281230
281252
281254
281268
281270
281429
286668
286670
286671
286692
286693
286694
286704
286705
286706
286708
286710
286711
286712
286714
286715
286768
286770
286771
286776
286777
286778
286780
286781
286782
286864
286865
286866
286868
286870
286871
286872
286874
286875
286916
286917
286918
286928
286929
286930
286931
286935
286936
286937
286938
286939
286941
286956
286958
286959
287237
287248
287249
287250
287251
287255
287256
287257
287258
287259
287261
287279
287311
287333
287344
287345
287346
287347
287351
287352
287353
287354
287355
287357
287375
287397
287408
287409
287410
287411
287415
287416
287417
287418
287419
287421
287557
287568
287569
287570
287571
287575
287576
287577
287578
287579
287581
287599
288772
288773
288774
288787
288793
288796
288797
288798
288812
288814
288815
288883
288888
288889
288890
288893
288908
288910
288911
288932
288933
288934
288945
288948
288950
288951
288955
289264
289266
289267
289272
289273
289274
289277
289295
289317
289328
289329
289330
289335
289336
289338
289339
289413
289424
289426
289427
289432
289433
289434
289437
289455
289488
289489
289490
289495
289496
289498
289499
290129
290132
290134
290135
290139
