36
55
220
222
239
577
584
609
619
847
869
888
890
893
956
958
2308
2310
2336
2338
2339
2345
2349
2436
2438
2464
2467
2473
2519
2523
3156
3159
3163
3379
3385
3388
3390
3391
3477
3478
3521
3528
3530
3531
3553
3560
3562
3563
3573
3574
3791
3813
3824
3826
3832
3834
3837
9232
9233
9234
9239
9240
9242
9243
9245
9340
9343
9344
9346
9347
9353
9356
9357
9358
9359
9380
9381
9382
9393
9399
9400
9402
9403
9744
9746
9752
9753
9754
9757
9856
9858
9859
9864
9865
9866
9869
9870
9892
9894
9895
9905
9908
9910
9911
9915
9941
10053
10067
10073
10076
10078
10079
10092
10095
12612
12613
12614
12636
12638
12639
12640
12642
12643
12649
12652
12654
12655
13519
13552
13554
13555
13561
13564
13565
13566
13567
13908
13909
13910
13911
14081
14082
14084
14086
14087
14088
14090
14091
14093
14112
14113
14114
14115
14119
14120
14121
14122
14123
14125
14132
14133
14134
14212
14213
14214
14215
14227
14233
14236
14238
14239
14240
14242
14243
14249
14252
14253
14254
14255
14288
14289
14290
14292
14294
14295
14296
14298
14299
14301
15116
15118
15119
15141
15152
15153
15154
15155
15160
15161
15162
15164
15165
15166
15249
15252
15254
15255
15259
15297
15300
15302
15303
15304
15307
15328
15329
15330
15331
15336
15337
15338
15339
15341
15342
15349
83220
83221
83222
83227
83264
83266
83267
83272
83273
83274
83276
83277
83278
83296
83297
83298
83300
83302
83303
83304
83306
83307
83316
83317
83318
83388
83390
83391
86079
86165
86208
86209
86210
86211
86215
86216
86217
86218
86219
86220
86221
86222
86239
86240
86241
86242
86243
86244
86246
86247
86248
86249
86250
86251
86253
86260
86261
86262
86549
86592
86593
86594
86595
86596
86598
86599
86600
86601
86602
86603
86605
86620
86622
86623
86624
86625
86626
86627
86631
86632
86633
86634
86635
86636
86637
86638
86645
86719
86804
86805
86806
86848
86849
86850
86851
86855
86856
86857
86858
86859
86860
86861
86862
86879
86880
86881
86882
86883
86884
86886
86887
86888
86889
86890
86891
86893
86900
86901
86902
86972
86974
86975
88129
88132
88133
88134
88135
88139
88147
88153
88156
88157
88158
88159
88160
88162
88163
88169
88170
88172
88173
88174
88175
88380
88382
88383
88468
88469
88470
88512
88513
88514
88515
88516
88518
88519
88520
88521
88522
88523
88525
88540
88542
88543
88544
88545
88546
88547
88551
88552
88553
88554
88555
88556
88557
88558
88565
88639
88768
88770
88771
88776
88777
88778
88780
88781
88782
88800
88801
88802
88804
88806
88807
88808
88810
88811
88820
88821
88822
88823
88827
89361
89364
89365
89366
89367
89368
89370
89371
89420
89422
89423
89444
89445
89446
89456
89457
89458
89459
89463
89464
89465
89466
89467
89469
89487
89509
89520
89522
89523
89528
89529
89530
89532
89533
89534
89535
94012
94014
94015
94100
94101
94102
94144
94145
94146
94148
94150
94151
94152
94153
94154
94155
94172
94174
94175
94176
94178
94179
94183
94184
94185
94186
94188
94189
94190
168000
168001
168002
168004
168005
168006
168007
168008
168010
168011
168019
168025
168028
168029
168030
168031
168032
168034
168035
168040
168041
168042
168044
168045
168046
168243
168249
168252
168253
168254
168255
168337
168340
168341
168342
168343
168347
168384
168385
168386
168388
168389
168390
168391
168392
168394
168395
168403
168409
168412
168413
168414
168415
168416
168418
168419
168424
168425
168426
168428
168429
168430
168431
168640
168642
168643
168648
168649
168650
168652
168653
168654
168655
168672
168673
168674
168676
168677
168678
168679
168680
168682
168683
168689
168692
168693
168694
168695
168699
169791
169920
169922
169923
169928
169929
169930
169932
169933
169934
169935
169953
169956
169957
169958
169959
169963
169969
169972
169974
169975
169976
169978
169979
170035
170044
170046
170047
170132
170133
170134
170176
170177
170178
170179
170180
170183
170184
170185
170186
170187
170189
170207
170208
170209
170210
170211
170212
170215
170216
170217
170218
170219
170221
170228
170229
170230
170560
170561
170562
170564
170566
170567
170568
170570
170571
170588
170590
170591
170592
170593
170594
170595
170600
170601
170602
170604
170605
170606
170613
170772
170773
170774
170779
170816
170818
170819
170824
170825
170826
170828
170829
170830
170831
170848
170849
170850
170852
170853
170854
170855
170856
170858
170859
170865
170868
170869
170870
170871
170875
170931
170937
170940
170941
170942
170943
245809
245958
245984
245986
246341
246380
246382
246554
246658
246669
246692
246695
246711
246741
248084
248086
248087
248188
248191
248207
248229
248240
248242
248253
248903
248907
248929
248936
248938
248939
248941
248949
249345
249351
249352
249354
249355
249377
249384
249386
249387
249396
249398
249488
249490
249491
249497
249500
249502
249552
249555
249561
249564
249566
249583
249684
249686
249687
255056
255057
255058
255064
255066
255067
255069
255436
255439
255461
255472
255474
255475
255481
255485
255486
255539
255545
255548
255550
255551
255637
255680
255681
255682
255688
255689
255690
255693
255716
255718
255719
255723
255729
255732
255734
255735
255739
258309
258310
258332
258335
258336
258338
258339
258345
258348
258350
258351
258436
258437
258438
258439
258463
258464
258466
258467
258473
258476
258477
258478
258479
258485
258513
258514
258519
258520
258522
258523
258525
260101
260102
260112
260114
260115
260121
260124
260125
260126
260127
260131
260137
260140
260142
260143
260225
260228
260230
260231
260232
260234
260235
260256
260257
260258
260263
260264
260265
260266
260267
260269
260276
260277
260278
260279
260305
260308
260309
260310
260311
260315
260629
260672
260675
260681
260684
260686
260687
260709
260720
260721
260722
260723
260728
260729
260730
260731
260732
260733
260734
260784
260787
260793
260796
260798
260799
260928
260929
260930
260931
260936
260937
260938
260939
260940
260941
260942
260964
260966
260967
260971
260977
260980
260982
260983
260984
260986
260987
261456
261457
261458
261459
261464
261465
261466
261467
261468
261469
261470
261487
