32801
32811
32900
32902
33304
33306
33395
33401
33423
33464
33466
33619
33625
33629
34881
34887
34891
34912
34914
34920
34922
34925
35276
35278
35300
35302
35319
35388
35390
35391
35477
35521
35527
35531
35552
35554
35561
35562
35565
36117
36163
36169
36172
36174
36196
36198
36209
36212
36214
36215
36219
36284
36286
36287
41220
41221
41222
41235
41241
41244
41245
41246
41247
41251
41257
41260
41261
41262
41263
41343
41344
41346
41347
41352
41353
41354
41356
41357
41358
41377
41380
41382
41383
41384
41386
41387
41396
41397
41398
41399
42767
42789
42800
42801
42802
42808
42810
42811
42896
42897
42898
42904
42906
42907
42949
42960
42963
42969
42973
42974
42991
43248
43250
43251
43257
43260
43261
43262
43601
43604
43606
43607
43611
43780
43782
43783
43804
43806
43807
43811
43817
43820
43821
43822
43904
43905
43906
43907
43912
43913
43914
43915
43917
43936
43937
43938
43943
43944
43946
43947
43956
43957
43958
43989
46160
46161
46162
46164
46166
46167
46168
46170
46171
46351
46373
46384
46385
46386
46387
46391
46392
46393
46394
46395
46397
46480
46481
46482
46484
46486
46487
46488
46490
46491
46493
46532
46533
46534
46544
46546
46547
46552
46553
46554
46556
46557
46558
46559
46572
46574
46575
46799
46821
46832
46833
46834
46835
46840
46841
46842
46844
46845
46846
114961
114964
114965
114966
114967
114971
115008
115010
115011
115016
115017
115018
115020
115021
115022
115023
115040
115041
115042
115044
115045
115046
115047
115048
115050
115051
115057
115060
115061
115062
115063
115067
115123
115129
115132
115133
115134
115135
115904
115906
115907
115912
115913
115914
115916
115917
115918
115919
115936
115937
115938
115940
115941
115942
115943
115944
115946
115947
115953
115956
115957
115958
115963
116288
116289
116290
116292
116294
116295
116296
116298
116299
116316
116317
116318
116319
116320
116322
116323
116328
116329
116330
116332
116333
116334
116500
116501
116502
116544
116546
116547
116552
116553
116554
116556
116557
116558
116576
116577
116578
116580
116582
116583
116584
116586
116587
116596
116597
116598
116668
116670
116671
117555
117561
117564
117565
117566
117567
117649
117652
117653
117654
117655
117659
117696
117697
117698
117700
117701
117702
117703
117704
117706
117707
117715
117721
117724
117725
117726
117727
117728
117730
117731
117736
117737
117738
117740
117741
117742
117743
122048
122050
122051
122056
122057
122058
122060
122061
122062
122080
122081
122082
122084
122086
122087
122088
122090
122091
122100
122101
122102
122433
122434
122436
122437
122438
122439
122440
122442
122443
122451
122457
122460
122461
122462
122463
122464
122466
122467
122472
122473
122474
122476
122477
122478
122479
122641
122644
122645
122646
122647
122651
122691
122697
122700
122701
122702
122703
122721
122724
122725
122726
122727
122731
122737
122740
122741
122742
122743
122744
122746
122747
122803
122809
122812
122813
122814
122815
123708
123710
123711
123796
123797
123798
123840
123841
123842
123844
123846
123847
123848
123850
123851
123868
123870
123871
123872
123874
123875
123880
123881
123882
123884
123885
123886
125204
125205
125206
125248
125249
125250
125251
125255
125256
125257
125258
125259
125260
125261
125262
125279
125280
125281
125282
125284
125286
125287
125288
125289
125290
125291
125300
125301
125302
125372
125374
125375
125973
126016
126017
126018
126019
126020
126022
126023
126024
126025
126026
126027
126029
126044
126046
126047
126048
126049
126050
126051
126055
126056
126057
126058
126059
126060
126061
126062
126143
126268
126270
126271
126356
126357
126358
126400
126401
126402
126404
126406
126407
126408
126410
126411
126428
126430
126431
126432
126434
126435
126440
126441
126442
126444
126445
126446
126656
126658
126659
126663
126664
126665
126666
126668
126669
126670
126687
126688
126689
126690
126692
126694
126695
126696
126697
126698
126699
126708
126709
126710
201792
201793
201794
201796
201797
201798
201799
201800
201802
201803
201811
201817
201820
201821
201822
201823
201824
201826
201827
201832
201833
201834
201836
201837
201838
201839
202044
202046
202047
202133
202134
202176
202177
202178
202179
202183
202184
202185
202186
202187
202189
202190
202209
202210
202212
202214
202215
202216
202218
202219
202221
202225
202228
202229
202230
202231
202235
202303
202389
202432
202433
202434
202435
202440
202441
202442
202444
202445
202446
202464
202465
202466
202468
202470
202471
202472
202474
202475
202484
202485
202486
202487
202491
278543
278585
278758
278769
278776
279127
279339
279348
279351
279441
279450
279453
279522
279541
280912
280914
280915
280921
280924
280926
281631
281644
281647
281733
281760
281763
281769
281772
281774
281775
281808
281810
281817
281822
282180
282182
282183
282209
282216
282218
282221
282229
282230
282385
282392
282394
282395
282397
282497
282504
282506
282507
282509
282532
282535
282539
282548
282551
282580
282582
282583
288064
288065
288066
288067
288073
288074
288077
288078
288100
288101
288102
288113
288120
288122
288123
288125
290837
290931
290940
290943
290944
290946
290947
290953
290956
290958
290959
290981
290992
290994
290995
291001
291004
291006
291007
291349
291350
291452
291455
291456
291458
291459
291465
291468
291470
291471
291493
291504
291506
291507
291513
291516
291517
291518
291519
291541
291648
291649
291650
291651
291656
291657
291658
291659
291660
291661
291662
291684
291685
291686
291687
291697
291698
291704
291706
291707
291709
293137
293140
293143
293144
293146
293147
293149
293249
293252
293255
293256
293258
293259
293261
293281
293284
293286
293287
293288
293290
293291
293297
293300
293302
293303
293304
293306
293307
293332
293334
293335
293339
293956
293958
293959
293984
293985
293986
293992
293993
293994
293995
293997
293998
294004
294005
294006
294007
294405
294406
294416
294418
294419
294425
294428
294430
294431
294432
294434
294435
294441
294444
294446
294447
294453
294533
294534
294547
294556
294559
294560
294562
294563
294569
294570
294572
294573
294574
294575
294581
294608
294609
294610
294611
294616
294617
294618
294619
294620
294621
294622
294623
294736
294737
294738
294739
294744
294745
294746
294747
294748
294749
294750
294751
294764
294767
