97
107
185
307
312
313
384
385
395
403
409
430
737
747
1228
1230
1248
1249
1250
1259
1535
1536
1537
1538
1543
1547
1555
1561
1565
1580
1581
1582
1615
1633
1636
1638
1643
1653
1715
1719
1720
1721
1722
2867
2873
2945
2948
2950
2955
2963
2968
2969
2970
4912
4913
4914
4915
4918
4919
4920
4922
4923
4988
4990
4991
4994
4995
4999
5000
5001
5002
5020
5021
5022
5027
5032
5033
5034
5036
5037
5038
6140
6141
6142
6143
6144
6146
6147
6151
6152
6153
6154
6155
6156
6157
6172
6173
6174
6175
6176
6178
6179
6183
6184
6185
6186
6188
6189
6190
6223
6245
6256
6257
6258
6260
6261
6262
6263
6264
6266
6267
6287
6305
6308
6309
6310
6320
6321
6322
6324
6325
6326
6327
6330
6331
6460
6461
6462
6463
6532
6533
6544
6545
6546
6548
6549
6550
6551
6554
6555
6575
6597
6608
6609
6610
6612
6613
6614
6615
6619
6639
6850
6851
6855
6856
6857
6858
6861
6876
6877
6878
6879
6883
6887
6888
6889
6890
6892
6893
6894
11471
11489
11492
11493
11494
11505
11508
11509
11510
11515
11777
11780
11781
11782
11787
11792
11794
11795
11799
11800
11801
11802
11823
11849
11852
11853
11854
11871
11872
11874
11875
11879
11880
11882
11883
11955
11961
11964
11965
11966
12116
12117
94256
94258
94259
94264
94265
94266
94268
94269
94270
94271
94352
94353
94354
94356
94357
94358
94359
94360
94362
94363
94401
94404
94405
94406
94407
94411
94416
94418
94419
94424
94425
94428
94429
94430
94431
94435
94441
94444
94445
94446
94447
94737
94740
94741
94742
94743
94747
94787
94793
94796
94797
94798
94799
94817
94820
94821
94822
94823
94827
94832
94833
94836
94837
94838
94839
94842
94843
94899
94905
94908
94909
94910
94911
95041
95044
95045
95046
95047
95051
95059
95065
95068
95069
95070
95071
95075
95081
95084
95085
95086
95087
96256
96257
96260
96261
96262
96263
96267
96272
96274
96275
96279
96280
96281
96282
96283
96284
96285
96286
96300
96302
96303
96334
96335
96356
96357
96358
96368
96369
96370
96371
96372
96374
96375
96376
96378
96379
96399
96421
96432
96433
96434
96435
96438
96439
96440
96441
96442
96443
96445
96707
96713
96716
96717
96718
96719
96737
96740
96741
96742
96743
96747
96752
96753
96756
96757
96758
96759
96763
96818
96819
96824
96825
96826
96828
96829
96830
96831
96912
96913
96914
96916
96917
96918
96919
96920
96922
96923
96961
96964
96965
96966
96967
96971
96976
96978
96979
96984
96985
96986
96988
96989
96990
97001
97004
97005
97006
97007
97616
97617
97618
97620
97621
97622
97623
97627
233411
233417
233420
233421
233422
233423
233441
233444
233445
233446
233447
233451
233456
233457
233458
233460
233461
233462
233463
233464
233466
233467
238913
238916
238917
238918
238919
238928
238930
238931
238936
238937
238938
238940
238941
238942
238943
238947
238953
238956
238958
238959
241680
241681
241682
241684
241686
241687
241688
241690
241691
241740
241742
241743
241764
241765
241766
241776
241777
241778
241780
241782
241783
241784
241786
241787
241840
241842
241843
241848
241849
241850
241852
241853
241854
242124
242126
242127
242148
242149
242150
242160
242161
242162
242164
242166
242167
242168
242170
242171
242224
242226
242227
242232
242233
242234
242236
242237
242238
242320
242321
242322
242324
242326
242327
242328
242330
242331
242372
242373
242374
242384
242386
242387
242392
242393
242394
242396
242397
242398
242412
242414
242415
243648
243649
243650
243651
243655
243656
243657
243658
243659
243660
243661
243676
243678
243679
243680
243681
243682
243683
243687
243688
243689
243690
243691
243693
243772
243774
243775
243857
243860
243861
243862
243867
243904
243905
243906
243908
243909
243910
243911
243912
243914
243915
243923
243929
243932
243933
243934
243935
243939
243944
243945
243948
243949
243950
243951
244240
244241
244242
244244
244246
244247
244248
244250
244251
244291
244297
244300
244301
244302
244303
244321
244324
244325
244326
244327
244331
244336
244337
244338
244340
244341
244342
244343
244346
244347
244400
244402
244403
244408
244409
244410
244412
244413
244414
244415
244548
244549
244550
244560
244562
244563
244568
244569
244570
244572
244573
244574
244588
244590
244591
311342
311375
311482
311614
311697
311707
311760
311762
311771
312009
312031
312040
312042
312563
312568
312570
312896
312897
312898
312900
312902
312907
312915
312921
312925
312940
312942
313152
313153
313154
313158
313159
313163
313171
313177
313180
313181
313196
313197
313198
314127
314148
314149
314150
314164
314165
314236
314238
314253
314271
314274
314279
314280
314282
316355
316359
316360
316361
316362
316365
316380
316381
316382
316383
316387
316391
316392
316393
316394
316397
317520
317521
317524
317525
317526
317531
317696
317697
317698
317699
317703
317704
317705
317706
317707
317721
317724
317725
317726
317727
317731
317736
317737
317738
317740
317741
317742
317775
317796
317797
317808
317809
317810
317812
317813
317814
317815
317819
317861
317872
317873
317874
317876
317878
317879
317880
317882
317883
318204
318206
318207
318720
318721
318724
318725
318726
318731
318736
318737
318738
318739
318743
318744
318745
318746
318747
318749
318764
318766
318767
318796
318797
318798
318799
318816
318817
318818
318820
318821
318822
318823
318827
318833
318836
318837
318838
318843
318896
318898
318899
318903
318904
318905
318906
318908
318909
318910
322620
322622
322623
322704
322705
322706
322708
322709
322710
322711
322715
322756
322757
322768
322769
322770
322774
322775
322778
322779
322799
323056
323058
323059
323063
323064
323065
323066
323087
323105
323108
323109
323110
323121
323124
323125
323126
323196
323197
323198
323203
323209
323212
323213
323214
323231
323232
323234
323235
323239
323240
323241
323242
