32830
33018
33021
33364
33366
33544
33547
33688
33691
33732
33734
33735
33761
33768
33770
33773
33782
35165
35845
35872
35874
35875
35881
35886
35893
35984
35987
35993
35996
35998
35999
36051
36060
36063
36079
36421
36448
36450
36451
36457
36460
36462
36463
36624
36626
36627
36633
36638
36740
36742
36743
36769
36770
36776
36778
36781
36789
36790
36817
36824
36826
36827
36829
42308
42311
42312
42315
42337
42343
42344
42346
42347
42349
42356
42358
42359
45076
45078
45079
45080
45083
45185
45192
45194
45195
45197
45220
45222
45223
45233
45240
45242
45243
45245
45268
45269
45270
45271
45632
45634
45635
45641
45642
45644
45645
45646
45647
45669
45670
45680
45681
45682
45683
45688
45689
45690
45693
45694
45845
45903
45936
45939
45945
45948
45950
45951
45952
45954
45955
45961
45964
45966
45967
45989
46000
46002
46003
46009
46012
46014
46015
46037
47381
47382
47472
47475
47484
47487
47488
47490
47491
47497
47500
47502
47503
47525
47536
47538
47539
47545
47548
47549
47550
47551
47573
48192
48193
48194
48195
48200
48201
48202
48203
48204
48205
48206
48207
48228
48229
48230
48231
48240
48241
48242
48243
48248
48249
48250
48251
48253
48254
48657
48660
48662
48663
48664
48666
48667
48669
48769
48770
48772
48775
48776
48778
48779
48781
48801
48804
48806
48807
48808
48811
48817
48820
48822
48823
48824
48826
48827
48829
48852
48853
48854
48855
48961
48964
48965
48966
48967
48968
48971
48992
48993
48994
48995
48999
49000
49001
49002
49003
49005
49006
49012
49013
49014
49015
119888
119889
119890
119892
119894
119895
119896
119898
119899
120076
120078
120079
120100
120101
120102
120112
120113
120114
120115
120116
120118
120119
120120
120121
120122
120123
120125
120197
120208
120209
120210
120211
120212
120215
120216
120217
120218
120219
120221
120222
120239
120260
120261
120262
120272
120274
120275
120281
120282
120284
120285
120286
120287
120288
120291
120297
120300
120302
120303
120527
120549
120560
120561
120562
120563
120568
120569
120570
120572
120573
120574
196868
196869
196870
196880
196882
196883
196888
196889
196890
196892
196893
196894
196908
196910
196911
196976
196978
196979
196984
196985
196986
196988
196989
196990
197004
197006
197007
197028
197029
197030
197040
197041
197042
197044
197046
197047
197048
197050
197051
197872
197874
197875
197879
197880
197881
197882
197884
197885
197886
198213
198224
198225
198226
198227
198228
198230
198231
198232
198233
198234
198235
198255
198404
198405
198406
198416
198417
198418
198419
198423
198424
198425
198426
198427
198428
198429
198430
198444
198446
198447
198479
198501
198512
198513
198514
198515
198519
198520
198521
198522
198523
198524
198525
198526
198540
198542
198543
198564
198565
198566
198576
198577
198578
198579
198580
198582
198583
198584
198585
198586
198587
198589
199436
199438
199439
199460
199461
199462
199472
199473
199474
199476
199478
199479
199480
199482
199483
199556
199557
199558
199568
199570
199571
199576
199577
199578
199580
199581
199582
199596
199598
199599
199632
199633
199634
199636
199638
199639
199640
199642
199643
203983
204005
204016
204017
204018
204019
204023
204024
204025
204026
204027
204028
204029
204030
204368
204369
204370
204372
204374
204375
204376
204378
204379
204548
204549
204550
204560
204562
204563
204568
204569
204570
204572
204573
204574
204588
204590
204591
204656
204658
204659
204665
204668
204669
204670
204671
204675
204681
204684
204685
204686
204687
204705
204708
204709
204710
204711
204715
204720
204721
204722
204724
204726
204727
204728
204730
204731
205580
205582
205583
205604
205605
205606
205616
205617
205618
205619
205620
205622
205623
205624
205625
205626
205627
205629
205700
205701
205702
205712
205713
205714
205715
205719
205720
205721
205722
205723
205724
205725
205726
205740
205742
205743
205765
205776
205777
205778
205779
205780
205782
205783
205784
205785
205786
205787
205789
205807
207108
207109
207110
207120
207121
207122
207123
207127
207128
207129
207130
207131
207132
207133
207134
207148
207150
207151
207183
207205
207216
207217
207218
207219
207223
207224
207225
207226
207227
207228
207229
207230
207244
207246
207247
207268
207269
207270
207280
207281
207282
207283
207284
207286
207287
207288
207289
207290
207291
207293
207941
207952
207953
207954
207955
207956
207958
207959
207960
207961
207962
207963
207965
207983
208140
208142
208143
208164
208165
208166
208176
208177
208178
208179
208180
208182
208183
208184
208185
208186
208187
208189
208260
208261
208262
208272
208273
208274
208275
208279
208280
208281
208282
208283
208284
208285
208286
208300
208302
208303
208325
208336
208337
208338
208339
208340
208342
208343
208344
208345
208346
208347
208349
208367
208591
208613
208624
208625
208626
208627
208631
208632
208633
208634
208635
208636
208637
208638
278581
278740
278742
279056
279058
279205
279217
279223
279227
279376
279378
279384
279386
280640
280642
280643
280648
280649
280650
280653
280673
280679
280683
280693
281039
281061
281073
281083
281139
281145
281236
281238
281284
281286
281308
281310
281311
281315
281324
281326
281920
281922
281928
281930
281933
281953
281954
281959
281960
281962
281963
281973
286805
286976
286977
286978
286979
286983
286984
286985
286986
286987
286989
287008
287009
287010
287015
287016
287018
287019
287028
287029
287030
287105
287108
287110
287111
287115
287132
287134
287135
287136
287138
287139
287145
287148
287149
287150
287185
287188
287189
287190
287191
287195
287487
288563
288569
288572
288573
288574
288660
288662
288663
288705
288708
288710
288711
288715
288732
288735
288739
288745
288748
288749
288750
288972
288974
288975
288996
288997
288998
289009
289015
289016
289018
289019
289349
289360
289362
289363
289368
289369
289370
289373
289391
289541
289552
289554
289555
289560
289561
289562
289565
289583
289651
289657
289660
289661
289662
289663
289676
289678
289679
289700
289701
289702
289712
289713
289714
289719
289720
289722
289723
291925
292096
292097
292098
292099
292104
292105
292106
292107
292108
292109
292110
292128
292129
292130
292132
292134
292135
292136
292138
292139
292148
292149
292150
292225
292228
292229
292230
292231
292235
292243
292249
292252
292254
292255
292256
292258
292259
292265
292266
292268
292269
292270
292271
292305
292308
292309
292310
292311
292315
292607
