513
519
523
543
547
553
557
673
679
683
693
853
2052
2053
2054
2076
2078
2092
2094
2095
2172
2174
2188
2190
2212
2214
2228
2230
2559
2563
2569
2573
2593
2599
2603
2692
2694
2716
2718
2732
2734
2772
2774
3409
3412
3414
3415
3419
8208
8209
8210
8212
8214
8215
8216
8218
8219
8268
8270
8271
8292
8293
8294
8304
8305
8306
8307
8311
8312
8313
8314
8315
8317
8368
8370
8371
8376
8377
8378
8380
8381
8382
8655
8677
8688
8689
8690
8691
8695
8696
8697
8698
8699
8701
8719
8741
8752
8753
8754
8755
8759
8760
8761
8762
8763
8765
8837
8848
8849
8850
8851
8855
8856
8857
8858
8859
8861
8879
8901
8912
8913
8914
8915
8919
8920
8921
8922
8923
8925
8943
10227
10233
10236
10237
10238
10252
10254
10255
10276
10277
10278
10289
10292
10294
10295
10299
10372
10373
10374
10387
10393
10396
10397
10398
10412
10414
10415
10449
10455
10456
10458
10459
10757
10768
10770
10771
10776
10777
10778
10781
10799
10864
10866
10867
10872
10873
10874
10877
10895
10917
10928
10929
10930
10935
10936
10938
10939
11088
11089
11090
11095
11096
11098
11099
13636
13637
13638
13648
13650
13651
13656
13657
13658
13660
13661
13662
13676
13678
13679
81936
81937
81938
81940
81942
81943
81944
81946
81947
81996
81998
81999
82020
82021
82022
82032
82033
82034
82036
82038
82039
82040
82042
82043
82096
82098
82099
82104
82105
82106
82108
82109
82110
82380
82382
82383
82404
82405
82406
82416
82417
82418
82420
82422
82423
82424
82426
82427
82480
82482
82483
82488
82489
82490
82492
82493
82494
82576
82577
82578
82580
82582
82583
82584
82586
82587
82628
82629
82630
82640
82642
82643
82648
82649
82650
82652
82653
82654
82668
82670
82671
83907
83913
83916
83917
83918
83919
83937
83940
83941
83942
83943
83947
83952
83953
83954
83956
83957
83958
83959
83960
83962
83963
84016
84018
84019
84024
84025
84026
84028
84029
84030
84031
84112
84113
84114
84116
84117
84118
84119
84120
84122
84123
84161
84164
84165
84166
84167
84171
84176
84178
84179
84184
84185
84186
84188
84189
84190
84195
84204
84205
84206
84207
84496
84497
84498
84500
84502
84503
84504
84506
84507
84556
84558
84559
84580
84581
84582
84592
84593
84594
84596
84598
84599
84600
84602
84603
84656
84658
84659
84664
84665
84666
84668
84669
84670
84804
84805
84806
84816
84818
84819
84824
84825
84826
84828
84829
84830
84844
84846
84847
90060
90062
90063
90084
90085
90086
90096
90097
90098
90100
90102
90103
90104
90106
90107
90160
90162
90163
90168
90169
90170
90172
90173
90174
90256
90257
90258
90260
90262
90263
90264
90266
90267
90308
90309
90310
90320
90322
90323
90328
90329
90330
90332
90333
90334
90348
90350
90351
90640
90641
90642
90644
90645
90646
90647
90648
90650
90651
90691
90697
90700
90701
90702
90703
90721
90724
90725
90726
90727
90731
90736
90737
90738
90740
90742
90743
90744
90746
90747
90800
90802
90803
90808
90809
90810
90812
90813
90814
90815
90945
90948
90949
90950
90951
90955
90960
90962
90963
90968
90969
90970
90972
90973
90974
90975
90979
90985
90988
90989
90990
90991
92176
92177
92178
92180
92181
92182
92183
92184
92186
92187
92227
92233
92236
92237
92238
92239
92257
92260
92261
92262
92263
92267
92272
92273
92274
92276
92277
92278
92279
92280
92282
92283
92336
92338
92339
92344
92345
92346
92348
92349
92350
92351
92611
92617
92620
92621
92622
92623
92641
92644
92645
92646
92647
92651
92656
92657
92658
92660
92661
92662
92663
92664
92666
92667
92720
92722
92723
92728
92729
92730
92732
92733
92734
92735
92816
92817
92818
92820
92821
92822
92823
92824
92826
92827
92865
92868
92869
92870
92871
92875
92880
92882
92883
92888
92889
92890
92892
92893
92894
92895
92899
92905
92908
92909
92910
92911
93505
93508
93509
93510
93511
93515
93520
93522
93523
93528
93529
93530
93532
93533
93534
93535
93539
93545
93548
93549
93550
93551
169284
169285
169286
169287
169291
169296
169298
169299
169305
169306
169308
169309
169310
169311
169312
169315
169321
169324
169325
169326
169327
245967
246000
246003
246012
246015
246528
246531
246540
246542
246543
246565
246576
246578
246579
246585
246590
246677
246722
246729
246734
246757
246770
246777
246782
248149
248834
248841
248846
248869
248882
249025
249034
249037
249062
249073
249082
249085
249430
249601
249608
249610
249611
249613
249636
249638
249639
249649
249656
249658
249659
249661
249748
249750
249751
249793
249800
249802
249803
249805
249828
249830
249831
249841
249848
249850
249851
249853
255316
255318
255319
258049
258056
258058
258059
258061
258084
258086
258087
258097
258104
258106
258107
258109
258196
258198
258199
258203
258241
258244
258247
258248
258250
258251
258253
258276
258278
258279
258280
258283
258289
258292
258295
258296
258298
258299
258301
258644
258646
258647
258648
258651
258817
258820
258822
258823
258824
258826
258827
258829
258849
258852
258854
258855
258856
258858
258859
258861
258865
258868
258870
258871
258872
258875
258961
258964
258967
258968
258970
258971
258973
259012
259014
259015
259016
259019
259041
259044
259047
259048
259050
259051
259053
259060
259062
259063
259064
259067
260433
260436
260439
260440
260442
260443
260445
261124
261126
261127
261128
261131
261153
261156
261159
261160
261162
261163
261165
261172
261174
261175
261176
261179
261265
261271
261272
261274
261275
261277
261316
261318
261319
261345
261346
261352
261354
261355
261357
261364
261365
261366
261367
261713
261714
261720
261721
261722
261723
261725
261726
261892
261893
261894
261895
261920
261921
261922
261923
261928
261929
261930
261931
261933
261934
261940
261941
261942
261943
262032
262033
262034
262035
262040
262041
262042
262043
262044
262045
262046
262047
262084
262085
262086
262087
262112
262113
262114
262115
262120
262121
262122
262123
262124
262125
262126
262127
262132
262133
262134
262135
