49210
49351
49756
49758
49936
49939
49945
50081
50088
50090
50132
50134
50135
51523
51532
51534
51535
51557
51570
51578
51581
51647
52288
52290
52291
52297
52302
52326
52337
52344
52346
52347
52741
52755
52764
52766
52767
52780
52783
52868
52870
52871
52896
52898
52905
52906
52909
52917
52945
52951
52955
53072
53074
53075
53081
53084
53085
53086
58453
58624
58626
58627
58633
58636
58638
58639
58661
58672
58673
58674
58680
58681
58682
58685
58772
58774
58775
58817
58820
58823
58824
58827
58849
58856
58858
58859
58861
58868
58870
59132
59135
61696
61698
61699
61705
61708
61709
61710
61711
61732
61733
61734
61745
61746
61752
61754
61755
61757
61841
61844
61846
61847
61848
61851
61889
61892
61894
61895
61896
61899
61920
61921
61922
61928
61929
61930
61931
61933
61940
61941
61942
63509
63552
63554
63555
63560
63561
63562
63564
63565
63566
63567
63588
63589
63590
63591
63600
63601
63602
63607
63608
63610
63611
63613
63676
63679
64005
64016
64018
64019
64025
64028
64030
64031
64035
64044
64046
64047
64132
64134
64135
64139
64160
64161
64162
64163
64168
64169
64170
64171
64173
64174
64181
64182
64209
64212
64214
64215
64216
64218
64219
64221
64325
64336
64338
64339
64345
64348
64349
64350
64351
64367
64789
64832
64834
64835
64841
64842
64844
64845
64846
64847
64868
64869
64870
64871
64880
64881
64882
64884
64886
64887
64888
64889
64890
64891
64893
64947
64956
64958
64959
135253
135424
135425
135426
135427
135428
135430
135431
135432
135433
135434
135435
135437
135452
135454
135455
135456
135457
135458
135459
135463
135464
135465
135466
135467
135468
135469
135470
135477
135548
135550
135551
135552
135553
135554
135555
135559
135560
135561
135562
135563
135564
135565
135566
135583
135584
135585
135586
135587
135588
135590
135591
135592
135593
135594
135595
135597
135604
135605
135606
135637
135935
136447
136789
136960
136961
136962
136963
136967
136968
136969
136970
136971
136972
136973
136974
136992
136993
136994
136996
136998
136999
137000
137002
137003
137005
137012
137013
137014
137015
137019
137092
137093
137094
137095
137104
137107
137113
137116
137117
137118
137119
137120
137123
137129
137132
137133
137134
137135
137168
137169
137170
137172
137174
137175
137176
137177
137178
137179
137181
137468
137471
137813
137984
137985
137986
137987
137991
137992
137993
137994
137995
137997
137998
138015
138016
138017
138018
138019
138020
138022
138023
138024
138025
138026
138027
138029
138036
138037
138038
138111
138112
138113
138114
138115
138116
138118
138119
138120
138121
138122
138123
138125
138140
138142
138143
138144
138145
138146
138147
138151
138152
138153
138154
138155
138156
138157
138158
138165
138196
138197
138198
214100
214101
214102
214272
214273
214274
214275
214279
214280
214281
214282
214283
214284
214285
214286
214303
214304
214305
214306
214307
214308
214310
214311
214312
214313
214314
214315
214317
214324
214325
214326
214399
214400
214401
214402
214403
214407
214408
214409
214410
214411
214413
214428
214431
214432
214433
214434
214435
214439
214440
214441
214442
214443
214445
214446
214453
214485
214780
214782
214783
217340
217342
217343
217684
217685
217686
217856
217857
217858
217859
217860
217862
217863
217864
217865
217866
217867
217869
217884
217886
217887
217888
217889
217890
217891
217895
217896
217897
217898
217899
217900
217901
217902
217909
217980
217982
217983
217984
217985
217986
217987
217991
217992
217993
217994
217995
217996
217997
217998
218015
218016
218017
218018
218019
218020
218022
218023
218024
218025
218026
218027
218029
218036
218037
218038
218069
219221
219392
219393
219394
219395
219396
219398
219399
219400
219401
219402
219403
219405
219423
219424
219425
219426
219427
219431
219432
219433
219434
219435
219437
219438
219445
219519
219520
219521
219522
219523
219524
219527
219528
219529
219530
219531
219533
219551
219552
219553
219554
219555
219559
219560
219561
219562
219563
219565
219566
219573
219604
219605
219606
219903
220244
220245
220246
220416
220417
220418
220419
220424
220425
220426
220428
220429
220430
220448
220449
220450
220452
220454
220455
220456
220458
220459
220468
220469
220470
220471
220475
220548
220549
220550
220551
220555
220563
220569
220572
220573
220574
220575
220576
220579
220585
220588
220589
220590
220591
220624
220625
220626
220628
220630
220631
220632
220634
220635
220924
220926
220927
224511
224853
225024
225025
225026
225027
225031
225032
225033
225034
225035
225037
225038
225055
225056
225057
225058
225059
225060
225063
225064
225065
225066
225067
225069
225077
225151
225152
225153
225154
225155
225159
225160
225161
225162
225163
225165
225183
225184
225185
225186
225187
225191
225192
225193
225194
225195
225197
225205
225237
295056
295129
295488
295490
295501
295527
295540
295747
295753
295780
295782
295799
297216
297218
297224
297226
297229
297255
297259
297268
297270
297363
297369
297374
297424
297426
297437
298069
298243
298249
298252
298254
298276
298278
298289
298295
298299
298384
298386
298392
298394
298397
298437
298451
298457
298460
298462
298463
298476
298479
298751
304129
304132
304134
304135
304136
304138
304139
304160
304161
304162
304168
304169
304170
304171
304173
304181
304260
304261
304262
304284
304286
304287
304291
304297
304300
304302
304303
304337
304343
304344
304346
304347
304661
304707
304716
304718
304719
304741
304742
304753
304754
304759
304760
304762
304763
304765
304828
304830
304831
304960
304961
304962
304968
304970
304971
304973
304993
304999
305000
305002
305003
305012
305013
305014
307540
307541
307542
307543
308236
308239
308261
308272
308273
308274
308275
308280
308281
308282
308284
308285
308286
308369
308372
308374
308375
308376
308379
308417
308420
308422
308423
308427
308447
308448
308450
308451
308456
308457
308458
308460
308461
308462
308469
308801
308804
308806
308807
308811
308831
308832
308834
308835
308840
308841
308842
308844
308845
308846
308853
309009
309012
309013
309014
309015
309019
309068
309070
309071
309093
309104
309105
309106
309107
309112
309113
309114
309115
309116
309117
309118
309135
309157
309168
309170
309171
309176
309177
309178
309180
309181
309182
310223
310256
310258
310259
310265
310268
310269
310270
310271
