65565
65580
65637
65652
65654
65940
65942
65989
66007
66008
66010
66031
66243
66248
66275
66281
66809
66812
66813
67141
67152
67154
67159
67160
67162
67183
67345
67348
67349
67350
67355
67395
67400
67401
67402
67422
67423
67427
67432
67433
67434
67518
67519
68364
68366
68384
68385
68386
68391
68395
68473
68477
68492
68494
68512
68513
68523
70604
70606
70607
70624
70625
70626
70628
70629
70630
70635
70644
70645
70646
71940
71941
71942
71952
71953
71954
71955
71956
71958
71959
71960
71962
71963
71983
72003
72008
72009
72012
72013
72014
72031
72032
72033
72034
72035
72038
72039
72040
72041
72042
72043
72115
72121
72124
72125
72126
72773
72784
72785
72786
72788
72789
72790
72791
72795
72962
72963
72967
72968
72969
72970
72972
72973
72974
72988
72990
72991
72992
72993
72994
72995
72999
73000
73001
73002
73003
73005
73072
73074
73075
73079
73080
73081
73082
73084
73085
73086
73100
73101
73102
73103
73120
73121
73122
73124
73125
73126
73127
73131
73137
73140
73141
73142
73147
73468
73469
73470
73471
76848
76850
76851
76855
76856
76857
76858
76861
76928
76929
76930
76932
76933
76934
76935
76939
76947
76952
76953
76954
76957
76972
76974
76975
77012
77013
77263
77284
77285
77297
77300
77301
77302
77307
77360
77362
77367
77368
77370
77371
77439
77440
77441
77442
77446
77447
77448
77450
77451
77459
77465
77468
77469
77470
77484
77485
77486
151353
151356
151358
151359
151444
151445
151446
151488
151489
151490
151492
151494
151495
151496
151498
151499
151516
151518
151519
151520
151522
151523
151528
151529
151530
151532
151533
151534
156948
156949
156950
156992
156994
156995
157000
157001
157002
157003
157004
157005
157006
157024
157025
157026
157028
157030
157031
157032
157034
157035
157037
157044
157045
157046
157116
157118
157119
159765
159808
159809
159810
159811
159812
159814
159815
159816
159817
159818
159819
159821
159836
159838
159839
159840
159841
159842
159843
159847
159848
159849
159850
159851
159852
159853
159854
159861
159935
160060
160062
160063
160148
160149
160150
160192
160193
160194
160195
160196
160198
160199
160200
160201
160202
160203
160205
160220
160222
160223
160224
160225
160226
160227
160231
160232
160233
160234
160235
160236
160237
160238
160245
160319
160405
160448
160449
160450
160451
160455
160456
160457
160458
160459
160460
160461
160462
160479
160480
160481
160482
160483
160484
160486
160487
160488
160489
160490
160491
160493
160500
160501
160502
161587
161592
161593
161594
161596
161597
161598
161599
161669
161680
161681
161682
161684
161685
161686
161687
161688
161690
161691
161711
161732
161733
161734
161744
161745
161746
161747
161751
161752
161753
161754
161755
161757
161772
161774
161775
161987
161993
161996
161997
161998
161999
162016
162017
162018
162020
162021
162022
162023
162026
162027
162033
162036
162037
162038
162039
162043
162325
162368
162369
162370
162372
162374
162375
162376
162378
162379
162393
162396
162397
162398
162399
162400
162402
162403
162408
162409
162410
162412
162413
162414
162580
162581
162582
162624
162625
162626
162627
162631
162632
162633
162634
162635
162636
162637
162638
162655
162656
162657
162658
162659
162660
162662
162663
162664
162665
162666
162667
162669
162676
162677
162678
162748
162750
162751
225472
225474
225475
225480
225481
225482
225484
225485
225486
225487
225504
225505
225506
225508
225510
225511
225512
225514
225515
225521
225524
225525
225526
225527
225531
225856
225857
225858
225860
225861
225862
225863
225864
225866
225867
225875
225881
225884
225885
225886
225887
225888
225890
225891
225896
225897
225898
225900
225901
225902
225903
226065
226068
226069
226070
226071
226075
226112
226114
226115
226120
226121
226122
226124
226125
226126
226127
226144
226145
226146
226148
226149
226150
226151
226152
226154
226155
226161
226164
226165
226166
226167
226171
226227
226233
226236
226237
226238
226239
227345
227348
227349
227350
227392
227393
227394
227395
227399
227400
227401
227402
227403
227404
227405
227420
227422
227423
227424
227425
227426
227427
227431
227432
227433
227434
227435
227436
227437
227445
227516
227518
227519
227641
227644
227646
227647
227729
227732
227733
227734
227735
227739
227776
227777
227778
227780
227781
227782
227783
227784
227786
227787
227795
227801
227804
227805
227806
227807
227808
227810
227811
227816
227817
227818
227820
227821
227822
227823
228032
228034
228035
228040
228041
228042
228044
228045
228046
228063
228064
228065
228066
228067
228068
228070
228071
228072
228074
228075
228084
228085
228086
228629
228672
228673
228674
228676
228677
228678
228679
228680
228682
228683
228691
228696
228697
228698
228700
228701
228702
228707
228713
228716
228717
228718
228719
294931
294990
295008
295010
295226
295295
295298
295303
295325
295340
295341
295631
295652
295654
296137
296141
296159
296163
296167
296168
296169
296170
296444
296445
296446
296451
296456
296457
296458
296461
296476
296478
296483
296488
296489
296490
296549
296560
296561
296564
296566
296571
296624
296625
296626
296628
296630
296635
297788
297789
297790
297861
297872
297874
297879
297903
297940
297941
299790
299791
299808
299809
299810
299812
299813
299814
299819
299828
299829
299890
299891
299895
299896
299897
299898
299901
299916
299917
299918
299919
299935
299936
299937
299938
299940
299941
299942
299943
299947
299957
301029
301040
301041
301042
301043
301044
301046
301047
301048
301049
301050
301051
301070
301071
301089
301092
301093
301094
301099
301104
301105
301106
301108
301109
301110
301111
301115
301171
301177
301180
301181
301182
301183
301187
301192
301193
301194
301196
301197
301198
301212
301213
301214
301215
301216
301218
301219
301223
301224
301225
301226
301227
301229
301504
301505
301506
301507
301508
301510
301511
301512
301513
301514
301515
301523
301528
301529
301530
301532
301533
301534
301545
301548
301549
301550
301631
301712
301713
301716
301717
301718
301723
301760
301761
301764
301765
301766
301771
301776
301777
301778
301779
301780
301782
301783
301784
301785
301786
301787
301807
306416
306418
306419
306423
306424
306425
306426
306705
306708
306709
306710
306715
306752
306754
306755
306759
306760
306762
306763
306771
306777
306780
306781
306782
306793
306796
306797
306798
306879
307012
307013
307024
307025
307026
307030
307031
307035
307055
