16437
16596
16598
16912
16914
17061
17073
17079
17083
17232
17234
17240
17242
18496
18498
18499
18504
18505
18506
18509
18529
18535
18539
18549
18895
18917
18929
18939
18995
19001
19092
19094
19140
19142
19164
19166
19167
19171
19180
19182
19776
19778
19784
19786
19789
19809
19810
19815
19816
19818
19819
19829
24661
24832
24833
24834
24835
24839
24840
24841
24842
24843
24845
24864
24865
24866
24871
24872
24874
24875
24884
24885
24886
24961
24964
24966
24967
24971
24988
24990
24991
24992
24994
24995
25001
25004
25005
25006
25041
25044
25045
25046
25047
25051
25343
26419
26425
26428
26429
26430
26516
26518
26519
26561
26564
26566
26567
26571
26588
26591
26595
26601
26604
26605
26606
26828
26830
26831
26852
26853
26854
26865
26871
26872
26874
26875
27205
27216
27218
27219
27224
27225
27226
27229
27247
27397
27408
27410
27411
27416
27417
27418
27421
27439
27507
27513
27516
27517
27518
27519
27532
27534
27535
27556
27557
27558
27568
27569
27570
27575
27576
27578
27579
29781
29952
29953
29954
29955
29960
29961
29962
29963
29964
29965
29966
29984
29985
29986
29988
29990
29991
29992
29994
29995
30004
30005
30006
30081
30084
30085
30086
30087
30091
30099
30105
30108
30110
30111
30112
30114
30115
30121
30122
30124
30125
30126
30127
30161
30164
30165
30166
30167
30171
30463
98564
98565
98566
98576
98578
98579
98584
98585
98586
98588
98589
98590
98604
98606
98607
98672
98674
98675
98680
98681
98682
98684
98685
98686
98700
98702
98703
98724
98725
98726
98736
98737
98738
98740
98742
98743
98744
98746
98747
99568
99570
99571
99575
99576
99577
99578
99580
99581
99582
99909
99920
99921
99922
99923
99924
99926
99927
99928
99929
99930
99931
99951
100100
100101
100102
100112
100113
100114
100115
100119
100120
100121
100122
100123
100124
100125
100126
100140
100142
100143
100175
100197
100208
100209
100210
100211
100215
100216
100217
100218
100219
100220
100221
100222
100236
100238
100239
100260
100261
100262
100272
100273
100274
100275
100276
100278
100279
100280
100281
100282
100283
100285
101132
101134
101135
101156
101157
101158
101168
101169
101170
101172
101174
101175
101176
101178
101179
101252
101253
101254
101264
101266
101267
101272
101273
101274
101276
101277
101278
101292
101294
101295
101328
101329
101330
101332
101334
101335
101336
101338
101339
105679
105701
105712
105713
105714
105715
105719
105720
105721
105722
105723
105724
105725
105726
106064
106065
106066
106068
106070
106071
106072
106074
106075
106244
106245
106246
106256
106258
106259
106264
106265
106266
106268
106269
106270
106284
106286
106287
106352
106354
106355
106361
106364
106365
106366
106367
106371
106377
106380
106381
106382
106383
106401
106404
106405
106406
106407
106411
106416
106417
106418
106420
106422
106423
106424
106426
106427
107276
107278
107279
107300
107301
107302
107312
107313
107314
107315
107316
107318
107319
107320
107321
107322
107323
107325
107396
107397
107398
107408
107409
107410
107411
107415
107416
107417
107418
107419
107420
107421
107422
107436
107438
107439
107461
107472
107473
107474
107475
107476
107478
107479
107480
107481
107482
107483
107485
107503
108804
108805
108806
108816
108817
108818
108819
108823
108824
108825
108826
108827
108828
108829
108830
108844
108846
108847
108879
108901
108912
108913
108914
108915
108919
108920
108921
108922
108923
108924
108925
108926
108940
108942
108943
108964
108965
108966
108976
108977
108978
108979
108980
108982
108983
108984
108985
108986
108987
108989
109637
109648
109649
109650
109651
109652
109654
109655
109656
109657
109658
109659
109661
109679
109836
109838
109839
109860
109861
109862
109872
109873
109874
109875
109876
109878
109879
109880
109881
109882
109883
109885
109956
109957
109958
109968
109969
109970
109971
109975
109976
109977
109978
109979
109980
109981
109982
109996
109998
109999
110021
110032
110033
110034
110035
110036
110038
110039
110040
110041
110042
110043
110045
110063
110287
110309
110320
110321
110322
110323
110327
110328
110329
110330
110331
110332
110333
110334
185424
185425
185426
185428
185430
185431
185432
185434
185435
185612
185614
185615
185636
185637
185638
185648
185649
185650
185651
185652
185654
185655
185656
185657
185658
185659
185661
185733
185744
185745
185746
185747
185748
185751
185752
185753
185754
185755
185757
185758
185775
185796
185797
185798
185808
185810
185811
185817
185818
185820
185821
185822
185823
185824
185827
185833
185836
185838
185839
186063
186085
186096
186097
186098
186099
186104
186105
186106
186108
186109
186110
262206
262394
262397
262740
262742
262920
262923
263064
263067
263108
263110
263111
263137
263144
263146
263149
263158
264541
265221
265248
265250
265251
265257
265262
265269
265360
265363
265369
265372
265374
265375
265427
265436
265439
265455
265797
265824
265826
265827
265833
265836
265838
265839
266000
266002
266003
266009
266014
266116
266118
266119
266145
266146
266152
266154
266157
266165
266166
266193
266200
266202
266203
266205
271684
271687
271688
271691
271713
271719
271720
271722
271723
271725
271732
271734
271735
274452
274454
274455
274456
274459
274561
274568
274570
274571
274573
274596
274598
274599
274609
274616
274618
274619
274621
274644
274645
274646
274647
275008
275010
275011
275017
275018
275020
275021
275022
275023
275045
275046
275056
275057
275058
275059
275064
275065
275066
275069
275070
275221
275279
275312
275315
275321
275324
275326
275327
275328
275330
275331
275337
275340
275342
275343
275365
275376
275378
275379
275385
275388
275390
275391
275413
276757
276758
276848
276851
276860
276863
276864
276866
276867
276873
276876
276878
276879
276901
276912
276914
276915
276921
276924
276925
276926
276927
276949
277568
277569
277570
277571
277576
277577
277578
277579
277580
277581
277582
277583
277604
277605
277606
277607
277616
277617
277618
277619
277624
277625
277626
277627
277629
277630
278033
278036
278038
278039
278040
278042
278043
278045
278145
278146
278148
278151
278152
278154
278155
278157
278177
278180
278182
278183
278184
278187
278193
278196
278198
278199
278200
278202
278203
278205
278228
278229
278230
278231
278337
278340
278341
278342
278343
278344
278347
278368
278369
278370
278371
278375
278376
278377
278378
278379
278381
278382
278388
278389
278390
278391
