32780
32961
32970
32999
33371
33542
33581
33680
33683
33689
33694
33759
33775
35141
35168
35170
35171
35177
35182
35866
35869
35975
35979
36001
36008
36011
36020
36022
36023
36052
36054
36055
36416
36418
36425
36429
36430
36454
36465
36472
36474
36475
36477
36629
36720
36723
36729
36732
36734
36735
36751
36784
36786
36787
36793
36796
36798
36799
42260
42262
42263
42368
42370
42371
42377
42380
42381
42382
42405
42406
42417
42418
42424
42426
42427
42429
42453
45121
45127
45128
45130
45131
45133
45153
45156
45159
45160
45162
45163
45172
45174
45175
45584
45586
45587
45593
45596
45598
45599
45615
45700
45701
45702
45703
45728
45729
45730
45731
45736
45737
45738
45740
45741
45742
45749
45777
45784
45786
45787
45789
45893
45904
45906
45907
45913
45916
45918
45919
45920
45923
45929
45932
45934
45935
47361
47364
47366
47367
47368
47370
47371
47393
47394
47399
47400
47402
47403
47405
47412
47413
47414
47415
47504
47505
47506
47507
47512
47513
47514
47515
47516
47517
47518
47556
47557
47558
47584
47586
47587
47593
47596
47597
47598
47599
47605
48209
48212
48214
48215
48216
48218
48219
48579
48588
48590
48591
48613
48624
48626
48627
48633
48634
48636
48637
48638
48639
48643
48652
48654
48655
48677
48688
48690
48691
48697
48700
48701
48702
48703
48788
48789
48790
48832
48833
48834
48835
48840
48841
48842
48843
48844
48845
48846
48868
48869
48870
48871
48881
48882
48884
48887
48888
48890
48891
48893
119809
119812
119813
119814
119815
119819
119824
119826
119827
119832
119833
119834
119836
119837
119838
119839
119843
119849
119852
119853
119854
119855
119920
119923
119929
119930
119932
119933
119934
119935
119939
119945
119948
119949
119950
119951
119969
119972
119973
119974
119975
119979
119984
119985
119986
119988
119989
119990
119991
119992
119994
119995
120320
120321
120322
120324
120326
120327
120328
120329
120330
120331
120333
120351
120352
120353
120354
120355
120356
120359
120360
120361
120362
120363
120365
120372
120373
120374
120449
120452
120453
120454
120455
120456
120459
120467
120473
120476
120478
120479
120480
120482
120483
120488
120489
120490
120492
120493
120494
120495
120529
120532
120533
120534
120535
120539
120660
120661
120662
120663
196944
196945
196946
196948
196949
196950
196951
196952
196954
196955
197635
197641
197644
197645
197646
197647
197665
197668
197669
197670
197671
197675
197680
197681
197682
197684
197685
197686
197687
197688
197690
197691
197761
197764
197765
197766
197767
197771
197776
197778
197779
197784
197785
197786
197788
197789
197790
197791
197795
197801
197804
197805
197806
197807
197841
197842
197844
197845
197846
197847
197848
197851
198145
198148
198149
198150
198151
198155
198163
198169
198172
198173
198174
198175
198179
198185
198188
198189
198190
198191
198259
198265
198268
198269
198270
198271
198275
198281
198284
198285
198286
198287
198305
198308
198309
198310
198311
198315
198321
198324
198325
198326
198327
198331
198481
198484
198485
198486
198487
198491
199664
199666
199667
199672
199673
199674
199676
199677
199678
199679
203776
203778
203779
203784
203785
203786
203788
203789
203790
203791
203809
203810
203812
203813
203814
203815
203816
203819
203825
203828
203829
203830
203831
203835
203905
203908
203909
203910
203911
203915
203923
203929
203932
203933
203934
203935
203939
203945
203948
203949
203950
203951
203985
203988
203989
203990
203991
203995
204292
204293
204294
204304
204306
204307
204312
204313
204314
204316
204317
204318
204332
204334
204335
204400
204402
204403
204408
204409
204410
204412
204413
204414
204415
204419
204425
204428
204429
204430
204431
204452
204453
204454
204455
204459
204464
204465
204466
204468
204470
204471
204472
204474
204475
204613
204624
204625
204626
204627
204631
204632
204633
204634
204635
204637
204655
205811
205817
205820
205821
205822
205823
207185
207188
207189
207190
207191
207195
207872
207873
207874
207876
207877
207878
207879
207880
207882
207883
207891
207897
207900
207901
207902
207903
207904
207906
207907
207912
207913
207914
207916
207917
207918
207919
207987
207993
207996
207997
207998
207999
208000
208002
208003
208008
208009
208010
208012
208013
208014
208015
208032
208033
208034
208036
208037
208038
208039
208040
208042
208043
208049
208052
208053
208054
208055
208059
208371
208377
208380
208381
208382
208383
208387
208393
208394
208396
208397
208398
208399
208416
208417
208418
208420
208421
208422
208423
208424
208427
208433
208436
208437
208438
208439
208443
208512
208513
208514
208516
208517
208518
208519
208520
208522
208523
208531
208537
208540
208541
208542
208543
208544
208546
208547
208552
208553
208554
208556
208557
208558
208559
208593
208596
208597
208598
208599
208603
278684
278737
278747
279063
279152
279154
279225
279229
279364
279366
279391
279404
279406
280645
280659
280665
280668
280669
280670
280687
280895
280981
281024
281026
281032
281034
281057
281064
281067
281077
281283
281289
281293
281316
281318
281319
281332
281334
281872
281873
281874
281880
281882
281971
281977
281980
281982
281996
281999
282021
282033
282034
282040
282042
282043
286997
287040
287042
287043
287049
287052
287053
287054
287073
287076
287077
287078
287079
287083
287089
287092
287094
287095
287099
287164
287166
287167
287987
287993
287996
287998
287999
288340
288341
288342
288513
288519
288520
288522
288523
288544
288546
288547
288552
288553
288554
288557
288565
288641
288644
288646
288647
288651
288671
288672
288674
288675
288681
288682
288685
288724
288726
289539
289548
289550
289551
289572
289573
289574
289585
289591
289592
289594
289595
289680
289681
289682
289683
289688
289689
289690
289691
289693
289733
289744
289746
289747
289752
289753
289754
289756
289757
289758
289775
291904
291905
291906
291907
291911
291912
291913
291914
291915
291917
291936
291937
291938
291943
291944
291946
291947
291949
291956
291957
291958
292300
292302
292303
292324
292325
292326
292336
292337
292338
292339
292343
292344
292345
292346
292347
292349
292367
292400
292402
292403
292408
292409
292410
292412
292413
292414
292497
292500
292502
292503
292504
292507
292545
292548
292549
292550
292551
292555
292563
292572
292574
292575
292576
292578
292579
292585
292588
292589
292590
292591
