49190
49306
49349
49739
49768
49770
49781
49942
50032
50034
50041
50099
50105
51461
51484
51487
51500
51502
51503
51591
51618
51624
51626
51629
51637
51668
51670
52305
52312
52314
52672
52674
52675
52681
52685
52686
52708
52710
52711
52721
52724
52727
52731
52928
52930
52931
52937
52940
52942
52964
52966
52977
52983
52987
58388
58389
58390
58444
58447
58469
58480
58482
58483
58489
58490
58493
58494
58544
58546
58547
58553
58556
58557
58558
58559
58885
58899
58908
58910
58911
58915
58924
58926
58927
59009
59012
59014
59015
59019
59040
59041
59042
59048
59050
59051
59053
59061
59092
59094
59095
59216
59217
59218
59224
59226
59227
59229
61761
61767
61768
61770
61771
61773
61793
61799
61800
61802
61803
61805
61812
61813
61814
61815
63232
63235
63241
63244
63246
63247
63268
63269
63270
63280
63281
63282
63283
63287
63288
63289
63290
63291
63293
63376
63377
63378
63380
63382
63383
63384
63386
63387
63389
63428
63429
63430
63431
63443
63449
63452
63454
63455
63456
63458
63459
63465
63468
63469
63470
63471
63728
63731
63737
63740
63742
63743
64084
64085
64086
64256
64257
64258
64259
64264
64265
64266
64267
64269
64289
64292
64294
64295
64296
64298
64299
64308
64309
64310
64311
64315
64400
64402
64403
64408
64409
64410
64412
64413
64414
64431
64453
64464
64466
64467
64473
64476
64477
64478
64479
64492
64495
132417
132420
132421
132422
132423
132427
132432
132434
132435
132440
132441
132442
132444
132445
132446
132447
132451
132457
132460
132461
132462
132463
135216
135218
135219
135224
135225
135226
135228
135229
135230
135312
135313
135314
135316
135318
135319
135320
135322
135323
135364
135365
135366
135376
135378
135379
135384
135385
135386
135388
135389
135390
135404
135406
135407
135696
135697
135698
135700
135702
135703
135704
135706
135707
135756
135758
135759
135780
135781
135782
135792
135793
135794
135796
135798
135799
135800
135802
135803
135856
135858
135859
135864
135865
135866
135868
135869
135870
136004
136005
136006
136016
136018
136019
136024
136025
136026
136028
136029
136030
136044
136046
136047
137236
137237
137238
137280
137282
137283
137288
137289
137290
137292
137293
137294
137295
137313
137316
137317
137318
137319
137320
137323
137329
137332
137333
137334
137335
137339
137395
137401
137404
137406
137407
137676
137678
137679
137700
137701
137702
137712
137713
137714
137716
137718
137719
137720
137722
137723
137776
137778
137779
137784
137785
137786
137788
137789
137790
137872
137873
137874
137876
137877
137878
137879
137880
137882
137883
137921
137924
137925
137926
137927
137931
137936
137938
137939
137945
137946
137948
137949
137950
137951
137955
137961
137964
137965
137966
137967
138560
138561
138562
138563
138564
138567
138568
138569
138570
138571
138573
138592
138593
138594
138595
138599
138600
138601
138602
138603
138605
138612
138613
138614
143299
143308
143309
143310
143311
143329
143332
143333
143334
143339
143344
143345
143346
143348
143349
143350
143351
143352
143354
143355
217104
217105
217106
217108
217109
217110
217111
217112
217114
217115
217155
217161
217164
217165
217166
217167
217185
217188
217189
217190
217191
217195
217200
217201
217202
217204
217205
217206
217207
217208
217211
217264
217266
217267
217272
217273
217274
217276
217277
217278
217279
217539
217545
217548
217549
217550
217551
217569
217572
217573
217574
217575
217579
217585
217588
217589
217590
217591
217595
217651
217657
217660
217661
217662
217663
217745
217748
217749
217750
217751
217755
217793
217796
217797
217798
217799
217803
217808
217811
217817
217818
217820
217821
217822
217823
217827
217833
217836
217837
217838
217839
219120
219122
219123
219129
219132
219133
219134
219135
219136
219139
219145
219148
219149
219150
219151
219172
219173
219174
219184
219185
219186
219188
219190
219191
219192
219193
219194
219195
219197
219269
219280
219281
219282
219283
219287
219288
219289
219290
219291
219293
219294
219311
219333
219334
219344
219345
219346
219347
219352
219353
219354
219356
219357
219358
219372
219374
219375
219665
219666
219668
219669
219670
219671
219672
219674
219675
219715
219721
219724
219725
219726
219727
219748
219749
219750
219751
219755
219760
219761
219762
219764
219766
219767
219768
219770
219771
219824
219826
219827
219832
219833
219834
219836
219837
219838
219839
219969
219972
219973
219974
219975
219979
219984
219987
219993
219996
219997
219998
219999
220003
220009
220012
220013
220014
220015
295067
295139
295145
295523
295529
295697
295704
295707
295808
295811
295817
295846
295857
295867
297233
297243
297347
297353
297356
297358
297393
297400
297402
297403
298052
298054
298080
298082
298083
298089
298496
298498
298499
298505
298509
298532
298534
298535
298545
298551
298555
298641
298648
298650
298651
298653
298693
298719
298723
298729
298732
298734
298837
304197
304211
304217
304220
304222
304223
304227
304236
304238
304239
304636
304639
304643
304649
304652
304654
304655
304677
304688
304689
304690
304696
304698
304699
304701
304785
304788
304790
304791
304795
304836
304838
304839
304843
304864
304865
304866
304872
304873
304874
304877
304885
307472
307473
307474
307475
307480
307481
307482
307485
307486
307585
307586
307592
307594
307595
307597
307617
307620
307622
307623
307624
307626
307627
307636
307638
307639
307668
307669
307670
309248
309249
309250
309252
309255
309256
309257
309258
309259
309261
309280
309281
309282
309284
309286
309287
309288
309290
309291
309293
309300
309301
309302
309303
309381
309392
309394
309395
309401
309402
309404
309405
309406
309407
309411
309420
309422
309423
309445
309456
309458
309459
309464
309465
309466
309468
309469
309470
309471
309487
309825
309826
309831
309832
309834
309835
309837
309857
309860
309862
309863
309864
309866
309867
309869
309876
309877
309878
309879
310036
310037
310038
310039
310095
310117
310128
310130
310131
310137
310140
310141
310142
310143
310156
310159
310181
310192
310194
310195
310201
310202
310204
310205
310206
310207
310612
310613
310614
310615
