65588
65683
65746
66069
66124
66126
66171
66239
66376
66378
66401
66411
66421
67668
67670
67855
67877
67890
67896
67898
67985
67995
68037
68060
68063
68076
68078
68339
68345
68348
68350
68865
68871
68875
68896
68898
68904
68906
68909
68917
68996
68998
68999
69023
69024
69027
69033
69036
69037
69038
69073
69076
69078
69079
69083
74065
74068
74070
74071
74072
74075
74767
74800
74802
74803
74809
74810
74812
74813
74814
74900
74902
74903
74907
74945
74948
74950
74951
74955
74975
74976
74978
74979
74984
74985
74986
74989
74990
74997
75332
75334
75335
75339
75359
75360
75362
75363
75369
75370
75373
75374
75540
75542
75543
75547
75599
75632
75634
75635
75641
75642
75645
75696
75698
75699
75705
75709
75710
76751
76773
76784
76786
76787
76792
76793
76794
76797
76798
78852
78853
78854
78855
78859
78876
78878
78879
78880
78882
78883
78889
78890
78892
78893
78894
78977
78980
78982
78983
78984
78986
78987
79007
79008
79009
79010
79011
79016
79017
79018
79019
79021
79029
79060
79061
79062
79063
79376
79377
79378
79380
79383
79384
79386
79387
79389
79472
79474
79475
79481
79484
79485
79486
79487
79491
79500
79502
79503
79524
79525
79526
79536
79537
79538
79539
79543
79544
79545
79546
79547
79549
79684
79685
79686
79696
79698
79699
79705
79708
79709
79710
79711
79715
79721
79724
79726
79727
148501
148544
148545
148546
148547
148548
148550
148551
148552
148553
148554
148555
148557
148572
148574
148575
148576
148577
148578
148579
148583
148584
148585
148586
148587
148588
148589
148590
148597
148671
148796
148798
148799
148884
148885
148886
148928
148929
148930
148931
148932
148934
148935
148936
148937
148938
148939
148941
148956
148958
148959
148960
148961
148962
148963
148967
148968
148969
148970
148972
148973
148974
149055
149141
149184
149185
149186
149187
149191
149192
149193
149194
149195
149196
149197
149198
149215
149216
149217
149218
149219
149220
149222
149223
149224
149225
149226
149227
149229
149236
149237
149238
152371
152380
152381
152382
152383
152468
152469
152470
152475
152512
152513
152514
152516
152517
152518
152519
152520
152522
152523
152540
152542
152543
152544
152546
152547
152552
152553
152554
152556
152557
152558
153876
153877
153878
153920
153922
153923
153928
153929
153930
153932
153933
153934
153952
153953
153954
153956
153958
153959
153960
153962
153963
153972
153973
153974
154044
154046
154047
154688
154689
154690
154692
154694
154695
154696
154697
154698
154699
154701
154716
154718
154719
154720
154721
154722
154723
154727
154728
154729
154730
154731
154732
154733
154734
154741
154943
155029
155072
155074
155075
155080
155081
155082
155084
155085
155086
155105
155106
155108
155110
155111
155112
155114
155115
155121
155124
155125
155126
155127
155131
155196
155198
155199
155284
155285
155286
155328
155329
155330
155331
155335
155336
155337
155338
155339
155341
155359
155360
155361
155362
155363
155367
155368
155369
155370
155371
155373
155381
155382
158912
158914
158915
158920
158921
158922
158924
158925
158926
158944
158945
158946
158948
158950
158951
158952
158954
158955
158964
158965
158966
159296
159297
159298
159300
159302
159303
159304
159306
159307
159324
159326
159327
159328
159330
159331
159336
159337
159338
159340
159341
159342
159508
159509
159510
159552
159554
159555
159560
159561
159562
159564
159565
159566
159584
159585
159586
159588
159590
159591
159592
159594
159595
159604
159605
159606
159676
159678
159679
233749
233750
233792
233793
233794
233795
233799
233800
233801
233802
233803
233805
233806
233823
233824
233825
233826
233827
233828
233831
233832
233833
233834
233835
233837
233845
233846
233916
233919
234559
234645
234688
234689
234690
234691
234695
234696
234697
234698
234699
234700
234701
234702
234719
234720
234721
234722
234723
234724
234726
234727
234728
234729
234730
234731
234733
234740
234741
234742
235073
235074
235076
235077
235078
235079
235080
235082
235083
235091
235100
235102
235103
235104
235106
235107
235112
235113
235114
235116
235117
235118
235119
235281
235284
235285
235286
235287
235291
235331
235337
235340
235342
235343
235364
235365
235366
235376
235377
235378
235379
235383
235384
235385
235386
235387
235388
235389
235390
235407
235440
235442
235443
235448
235449
235450
235452
235453
235454
235455
236348
236350
236351
236437
236438
236480
236481
236482
236483
236484
236487
236488
236489
236490
236491
236493
236508
236511
236512
236513
236514
236515
236519
236520
236521
236522
236523
236525
236526
236533
311357
311444
311521
311531
311542
311890
312069
312095
312111
312224
312226
312233
312273
312280
312282
313665
313672
313674
313677
313700
313703
313719
314483
314492
314494
314495
314511
314544
314546
314547
314553
314558
314897
314903
314904
314907
315008
315010
315017
315021
315044
315046
315057
315064
315066
315067
315093
315204
315206
315207
315233
315234
315240
315242
315245
315253
320772
320774
320775
320800
320801
320802
320803
320808
320809
320810
320813
320814
320821
320912
320915
320921
320924
320926
320927
320940
320943
320976
320978
320979
320985
320988
320990
320991
323665
323671
323672
323674
323675
323677
324047
324080
324082
324083
324089
324092
324094
324095
324099
324108
324110
324111
324133
324144
324146
324147
324153
324156
324157
324158
324159
324244
324245
324246
324288
324289
324290
324296
324297
324298
324299
324301
324324
324326
324327
324337
324340
324343
324344
324346
324347
325712
325713
325714
325715
325720
325721
325722
325724
325725
325726
325727
325743
326144
326145
326146
326147
326152
326153
326154
326156
326157
326158
326159
326180
326181
326182
326183
326193
326194
326199
326200
326202
326203
326205
326289
326292
326294
326295
326296
326298
326299
326337
326340
326342
326343
326344
326347
326368
326369
326370
326376
326377
326378
326379
326381
326388
326389
326390
326391
326485
326917
326928
326930
326931
326937
326940
326942
326943
326944
326947
326953
326956
326958
326959
327041
327044
327045
327046
327047
327048
327051
327072
327073
327074
327075
327080
327081
327082
327083
327084
327085
327086
327092
327093
327094
327121
327124
327126
327127
327128
327130
327131
