16432
16435
16533
16578
17153
17162
17165
17188
17190
17191
17208
17211
17303
17387
17396
17399
18769
18776
18778
18779
19460
19462
19463
19489
19498
19501
19510
19602
19613
19653
19680
19682
19683
19689
19692
19694
19701
20048
20050
20051
20057
20060
20062
20063
20229
20252
20255
20256
20259
20268
20271
20357
20383
20384
20387
20393
20396
20398
20399
20432
20434
20435
20441
20444
20446
20447
25925
25926
25952
25954
25955
25961
25964
25966
25967
25973
28689
28690
28697
28698
28701
28702
28804
28806
28807
28833
28840
28842
28843
28845
28852
28853
28854
28855
28881
28888
28890
28891
28893
29249
29252
29254
29255
29256
29259
29281
29284
29287
29288
29290
29291
29293
29300
29302
29303
29307
29457
29460
29462
29463
29464
29467
29569
29576
29578
29579
29581
29604
29606
29607
29611
29617
29620
29623
29624
29626
29627
29629
29652
29654
29655
31040
31041
31042
31043
31048
31049
31050
31051
31052
31053
31054
31055
31076
31077
31078
31079
31089
31090
31096
31097
31098
31099
31101
31102
31764
31765
31766
31767
31868
31871
31872
31874
31875
31881
31884
31885
31886
31887
31909
31910
31920
31921
31922
31923
31929
31930
31932
31933
31934
31935
31957
32277
32320
32322
32323
32329
32332
32334
32335
32357
32368
32370
32371
32377
32380
32382
32383
32384
32387
32393
32396
32398
32399
32421
32432
32434
32435
32441
32444
32446
32447
32533
32576
32578
32579
32585
32586
32588
32589
32590
32591
32612
32613
32614
32624
32625
32626
32627
32632
32633
32634
32635
32636
32637
32638
32639
32688
32691
32700
32703
103509
103680
103681
103682
103683
103684
103686
103687
103688
103689
103690
103691
103693
103708
103711
103712
103713
103714
103715
103719
103720
103721
103722
103723
103725
103726
103733
103809
103810
103812
103814
103815
103816
103818
103819
103836
103839
103840
103841
103842
103843
103847
103848
103849
103850
103851
103852
103853
103854
103861
103889
103892
103893
103894
103895
103896
103899
104191
180308
180309
180310
180480
180481
180482
180483
180487
180488
180489
180490
180491
180492
180493
180494
180511
180512
180513
180514
180515
180516
180518
180519
180520
180521
180522
180523
180525
180532
180533
180534
180607
180608
180609
180610
180611
180612
180614
180615
180616
180617
180618
180619
180621
180636
180638
180639
180640
180641
180642
180643
180647
180648
180649
180650
180651
180652
180653
180654
180661
180692
180693
180694
180988
180990
180991
181503
181845
182016
182017
182018
182019
182023
182024
182025
182026
182027
182029
182047
182048
182049
182050
182051
182055
182056
182057
182058
182059
182061
182069
182143
182144
182145
182146
182147
182151
182152
182153
182154
182155
182157
182175
182176
182177
182178
182179
182183
182184
182185
182186
182187
182189
182197
182229
182524
182527
182868
182869
182870
183040
183041
183042
183043
183044
183046
183047
183048
183049
183050
183051
183053
183068
183070
183071
183072
183073
183074
183075
183079
183080
183081
183082
183083
183084
183085
183086
183093
183164
183166
183167
183168
183169
183170
183171
183175
183176
183177
183178
183179
183180
183181
183182
183199
183200
183201
183202
183203
183204
183206
183207
183208
183209
183210
183211
183213
183220
183221
183222
183253
187647
187989
188160
188161
188162
188163
188167
188168
188169
188170
188171
188172
188173
188174
188191
188192
188193
188194
188195
188196
188198
188199
188200
188201
188202
188203
188205
188212
188213
188214
188288
188289
188290
188292
188294
188295
188296
188298
188299
188316
188318
188319
188320
188322
188323
188328
188329
188330
188332
188333
188334
188341
188372
188373
188374
188668
188670
188671
189013
189014
189184
189185
189186
189187
189191
189192
189193
189194
189195
189197
189215
189216
189217
189218
189219
189223
189224
189225
189226
189227
189229
189237
189311
189312
189313
189314
189315
189319
189320
189321
189322
189323
189325
189343
189344
189345
189346
189347
189351
189352
189353
189354
189355
189357
189365
189397
190549
190720
190721
190722
190723
190727
190728
190729
190730
190731
190733
190751
190752
190753
190754
190755
190759
190760
190761
190762
190763
190765
190773
190847
190848
190849
190850
190851
190855
190856
190857
190858
190859
190861
190879
190880
190881
190882
190883
190887
190888
190889
190890
190891
190893
190901
190933
191231
191573
191744
191745
191746
191747
191751
191752
191753
191754
191755
191757
191775
191776
191777
191778
191779
191783
191784
191785
191786
191787
191789
191797
191871
191872
191873
191874
191875
191879
191880
191881
191882
191883
191885
191903
191904
191905
191906
191907
191911
191912
191913
191914
191915
191917
191925
191957
192255
262303
262307
262661
262675
262681
262685
262703
262780
262782
262796
262798
262993
264212
264213
264214
264268
264270
264292
264294
264308
264310
264311
264380
264382
264383
264688
264690
264696
264698
264752
264754
264760
264762
264765
264849
264855
264859
264901
264915
264921
264925
264943
265537
265540
265543
265547
265567
265568
265571
265577
265581
270417
270420
270422
270423
270424
270426
270427
270604
270606
270607
270628
270629
270630
270640
270641
270642
270647
270648
270650
270651
270653
270725
270736
270737
270738
270739
270743
270744
270745
270746
270747
270749
270767
270789
270800
270802
270803
270808
270809
270810
270813
270831
271088
271090
271091
271096
271097
271098
271100
271101
271102
272191
272277
272320
272322
272328
272330
272333
272352
272353
272354
272359
272360
272362
272363
272373
272576
272578
272579
272584
272585
272586
272589
272609
272615
272616
272618
272619
272628
272629
272630
272961
272964
272966
272967
272971
272988
272990
272991
272995
273001
273004
273005
273006
273169
273172
273174
273175
273179
273228
273230
273231
273252
273253
273254
273264
273265
273266
273268
273270
273271
273272
273274
273275
273331
273337
273340
273341
273342
275716
275717
275718
275719
275731
275737
275740
275741
275742
275743
275747
275753
275756
275757
275758
275759
275827
275836
275838
275839
275840
275842
275843
275848
275849
275850
275852
275853
275854
275855
275873
275876
275877
275878
275879
275880
275883
275889
275892
275893
275894
275895
275899
