32918
32971
33012
33373
33571
33580
33582
33669
33699
33708
33710
33711
33746
33757
35147
35169
35176
35179
35188
35190
35860
35862
35863
35968
35970
35971
35977
35980
35982
36005
36017
36024
36026
36029
36372
36374
36479
36483
36492
36494
36495
36517
36528
36530
36531
36537
36541
36542
36673
36680
36682
36683
36685
36708
36711
36715
36724
36726
36727
36731
42245
42256
42259
42265
42268
42270
42271
42284
42287
42372
42373
42374
42400
42402
42403
42409
42413
42414
42421
42449
42456
42458
42459
42461
45136
45138
45139
45145
45148
45150
45151
45568
45569
45570
45576
45577
45578
45579
45581
45604
45606
45607
45611
45617
45620
45623
45624
45626
45627
45713
45719
45720
45722
45723
45725
45764
45766
45767
45792
45793
45794
45800
45801
45802
45803
45805
45806
45813
45814
45908
45909
45910
45911
47188
47190
47191
47195
47423
47552
47554
47555
47561
47564
47566
47567
47589
47600
47602
47603
47609
47610
47612
47613
47614
47615
47664
47667
47673
47676
47678
47679
47765
47808
47810
47811
47817
47818
47820
47821
47822
47823
47844
47845
47846
47847
47856
47857
47858
47859
47864
47865
47866
47867
47869
47870
48385
48388
48390
48391
48392
48394
48395
48397
48417
48418
48420
48423
48424
48426
48427
48429
48436
48437
48438
48439
48443
48528
48529
48530
48531
48536
48537
48538
48539
48540
48541
48542
48543
48559
48581
48582
48592
48594
48595
48601
48604
48605
48606
48607
48608
48611
48617
48620
48622
48623
119108
119109
119110
119120
119121
119122
119123
119127
119128
119129
119130
119131
119132
119133
119134
119148
119150
119151
119823
119845
119856
119857
119858
119859
119863
119864
119865
119866
119867
119868
119869
119870
119952
119953
119954
119956
119958
119959
119960
119961
119962
119963
119965
119983
120004
120005
120006
120016
120018
120019
120024
120025
120026
120028
120029
120030
120044
120046
120047
120340
120341
120342
120343
120347
120384
120387
120393
120396
120397
120398
120399
120417
120420
120421
120422
120423
120427
120432
120433
120434
120436
120437
120438
120439
120440
120442
120443
120496
120499
120505
120508
120509
120510
120511
120640
120641
120642
120644
120646
120647
120648
120650
120651
120653
120672
120673
120674
120675
120679
120680
120681
120682
120683
120685
120686
120692
120693
120694
121804
121806
121807
121828
121829
121830
121840
121841
121842
121843
121844
121846
121847
121848
121849
121850
121851
121853
197637
197648
197649
197650
197651
197652
197654
197655
197656
197657
197658
197659
197661
197679
197708
197710
197711
197732
197733
197734
197744
197745
197746
197748
197750
197751
197752
197754
197755
197775
197808
197809
197810
197811
197815
197816
197817
197818
197820
197821
197822
198092
198094
198095
198116
198117
198118
198123
198128
198129
198130
198132
198133
198134
198135
198136
198138
198139
198192
198194
198195
198200
198201
198202
198204
198205
198206
198288
198289
198290
198292
198294
198295
198296
198298
198299
198340
198341
198342
198352
198354
198355
198360
198361
198362
198364
198365
198366
198380
198382
198383
201667
201673
201676
201677
201678
201679
201697
201700
201701
201702
201703
201707
201712
201713
201714
201716
201717
201718
201719
201720
201722
201723
203073
203076
203077
203078
203079
203083
203088
203090
203091
203096
203097
203098
203100
203101
203102
203103
203107
203113
203116
203117
203118
203119
203792
203793
203794
203796
203797
203798
203799
203800
203802
203803
203843
203852
203854
203855
203876
203877
203878
203888
203889
203890
203892
203894
203895
203896
203898
203899
203952
203954
203955
203960
203961
203962
203964
203965
203966
203967
204239
204261
204272
204274
204275
204280
204281
204282
204284
204285
204286
204300
204302
204303
204324
204325
204326
204336
204337
204338
204339
204343
204344
204345
204346
204347
204349
204421
204432
204433
204434
204435
204439
204440
204441
204442
204443
204445
204463
204484
204485
204486
204496
204497
204498
204499
204503
204504
204505
204506
204507
204508
204509
204510
204524
204526
204527
207920
207922
207923
207928
207929
207930
207932
207933
207934
207935
208016
208017
208018
208020
208021
208022
208023
208024
208026
208027
208065
208068
208069
208070
208071
208075
208080
208082
208083
208088
208089
208090
208092
208093
208094
208095
208099
208105
208108
208109
208110
208111
208400
208401
208402
208404
208405
208406
208407
208408
208410
208411
208451
208457
208460
208461
208462
208463
208481
208484
208485
208486
208487
208491
208496
208497
208498
208500
208501
208502
208503
208504
208506
208507
208560
208562
208563
208568
208569
208570
208572
208573
208574
208575
208705
208708
208709
208710
208711
208715
208720
208722
208723
208728
208729
208730
208732
208733
208734
208735
208739
208745
208748
208749
208750
208751
278541
278582
278703
278744
278746
279153
279228
279230
279361
279371
279392
279394
279400
279402
280657
280663
280667
280880
280883
280889
280893
280980
280982
280983
281028
281030
281059
281065
281328
281330
281338
281341
281860
281862
281884
281887
281891
281897
281900
281902
281985
281992
281994
281995
282017
282018
282024
282026
282027
282037
282069
287045
287056
287058
287059
287065
287066
287068
287069
287070
287084
287087
287807
287893
287936
287938
287939
287944
287945
287946
287949
287969
287972
287974
287975
287979
287988
287990
287991
288325
288336
288338
288339
288345
288348
288349
288350
288364
288367
288528
288529
288530
288536
288538
288541
288636
288638
288639
288643
288652
288654
288655
288676
288677
288678
288689
288695
288696
288698
288699
289599
289728
289730
289731
289736
289737
289738
289740
289741
289742
289761
289764
289766
289767
289771
289777
289780
289782
289783
289787
291856
291857
291858
291859
291864
291865
291866
291867
291869
291887
291955
291964
291966
291967
291968
291970
291971
291977
291980
291981
291982
291983
292004
292005
292006
292007
292017
292020
292022
292023
292024
292026
292027
292353
292356
292357
292358
292359
292363
292371
292377
292380
292382
292383
292384
292386
292387
292393
292396
292397
292398
292399
292480
292481
292482
292487
292488
292489
292490
292491
292493
292512
292513
292514
292519
292520
292521
292522
292523
292525
292532
292533
292534
292564
292565
292566
292689
292692
292693
292694
292695
292696
292698
292699
