32796
32882
32945
33224
33226
33247
33251
33257
33343
33429
33476
33478
33497
34563
34569
34573
34591
34592
34594
34599
34600
34602
34675
34681
34684
34685
34686
34700
34701
34702
34720
34721
34724
34726
34727
34731
34741
35068
35070
35409
35412
35414
35419
35589
35602
35608
35610
35631
35663
35684
35686
35700
35701
35763
35769
39945
39948
39949
39950
39951
39968
39969
39970
39972
39974
39975
39978
39979
39988
39989
39990
40060
40061
40062
40063
40067
40072
40073
40074
40076
40077
40078
40095
40096
40097
40098
40099
40103
40104
40105
40106
40107
40117
40396
40398
40399
40417
40420
40421
40422
40427
40432
40433
40434
40436
40437
40438
40439
40443
40496
40498
40499
40503
40504
40505
40506
40508
40509
40577
40580
40581
40582
40592
40593
40594
40595
40599
40600
40601
40602
40603
40605
40620
40622
40623
40656
40657
40658
40660
40661
40662
40663
40667
41971
41976
41977
41980
41981
41982
43333
43344
43345
43346
43350
43351
43352
43354
43355
43375
44037
44048
44049
44050
44052
44054
44055
44058
44059
44099
44105
44108
44109
44110
44127
44128
44129
44130
44134
44135
44136
44138
44139
44149
44217
44220
44221
44222
44345
44348
44349
44350
44432
44433
44434
44438
44439
44443
44485
44496
44497
44498
44503
44506
44507
44745
44748
44749
44750
44768
44769
44770
44774
44775
44778
44779
44789
117823
117909
117952
117953
117954
117955
117959
117960
117961
117962
117963
117964
117965
117966
117983
117984
117985
117986
117987
117988
117990
117991
117992
117993
117994
117995
117997
118004
118005
118006
118293
118336
118337
118338
118339
118340
118342
118343
118344
118345
118346
118347
118349
118364
118366
118367
118368
118369
118370
118371
118375
118376
118377
118378
118379
118380
118381
118382
118389
118463
118548
118549
118550
118592
118593
118594
118595
118599
118600
118601
118602
118603
118604
118605
118606
118624
118625
118626
118627
118628
118630
118631
118632
118634
118635
118637
118644
118645
118646
118716
118718
118719
123968
123969
123970
123972
123974
123975
123976
123978
123979
123996
123998
123999
124000
124002
124003
124008
124009
124010
124012
124013
124014
124220
124222
124223
124308
124309
124310
124352
124353
124354
124356
124358
124359
124360
124362
124363
124380
124382
124383
124384
124386
124387
124392
124393
124394
124396
124397
124398
124608
124610
124611
124616
124617
124618
124620
124621
124622
124640
124641
124642
124644
124646
124647
124648
124650
124651
124660
124661
124662
127249
127252
127253
127254
127255
127296
127298
127299
127304
127305
127306
127308
127309
127310
127311
127328
127329
127330
127332
127334
127335
127336
127338
127339
127348
127349
127350
127417
127420
127422
127423
128192
128194
128195
128199
128200
128201
128202
128203
128204
128205
128206
128223
128224
128225
128226
128227
128228
128230
128231
128232
128233
128234
128235
128237
128244
128245
128246
128532
128533
128534
128576
128577
128578
128579
128583
128584
128585
128586
128587
128589
128606
128607
128608
128609
128610
128611
128615
128616
128617
128618
128619
128621
128629
128700
128702
128703
128789
128832
128833
128834
128836
128838
128839
128840
128842
128843
128851
128857
128860
128861
128862
128863
128866
128867
128872
128873
128874
128876
128877
128878
128959
129852
129854
129855
129940
129941
129942
129984
129985
129986
129988
129990
129991
129992
129994
129995
130012
130014
130015
130016
130018
130019
130024
130025
130026
130028
130029
130030
193342
193343
193428
193429
193472
193473
193474
193475
193478
193479
193480
193481
193482
193483
193485
193502
193503
193504
193505
193506
193507
193511
193512
193513
193514
193515
193516
193517
193525
194836
194837
194838
194880
194881
194882
194883
194887
194888
194889
194890
194891
194892
194893
194911
194912
194913
194914
194915
194918
194919
194920
194921
194922
194923
194925
194932
194933
195006
195007
195605
195648
195649
195650
195651
195652
195654
195655
195656
195657
195658
195659
195661
195676
195678
195679
195680
195681
195682
195683
195687
195688
195689
195690
195691
195692
195693
195694
195701
195775
195891
195897
195900
195901
195902
195903
195973
195984
195985
195986
195988
195989
195990
195991
195992
195994
195995
196033
196036
196037
196038
196043
196048
196049
196050
196051
196052
196054
196055
196056
196057
196058
196059
196061
196076
196078
196079
196290
196291
196296
196297
196298
196300
196301
196302
196303
196320
196321
196322
196324
196325
196326
196327
196328
196330
196331
196337
196340
196341
196342
262167
262238
262243
262249
262332
262415
262437
262453
262515
262520
262522
262560
262562
262571
262898
263301
263312
263313
263314
263318
263323
263377
263380
263381
263382
263628
263629
263630
263647
263650
263651
263655
263656
263658
263731
263736
263737
263741
263807
263808
263810
263815
263819
263827
263832
263833
263834
263852
263854
265155
265159
265160
265162
265181
265196
265197
266483
266487
266488
266489
266490
266493
266753
266756
266757
266758
266768
266769
266770
266772
266773
266774
266775
266779
266799
266816
266818
266819
266823
266824
266825
266826
266827
266835
266840
266841
266842
266844
266845
266860
266861
266862
266940
266942
266943
267077
267088
267089
267090
267092
267093
267094
267099
268047
268064
268065
268068
268069
268070
268075
268080
268081
268082
268084
268085
268086
268091
268147
268152
268153
268154
268156
268157
268158
268163
268168
268169
268172
268173
268174
268175
268188
268190
268191
268192
268193
268194
268195
268196
268198
268199
268200
268201
268202
268203
268517
268528
268529
268530
268531
268532
268533
268534
268535
268536
268538
268539
268799
268800
268801
268802
268803
268804
268805
268806
268807
268808
268810
268811
268818
268819
268823
268824
268825
268826
268829
268844
268845
268846
268847
268867
268872
268873
268876
268877
268878
268892
268893
268894
268895
268896
268898
268899
268903
268904
268905
268906
268907
268979
268984
268985
268986
268988
268989
268990
274188
274189
274190
274207
274208
274209
274210
274211
274214
274215
274216
274218
274219
274288
274289
274290
274292
274293
274294
274299
274340
274341
274352
274353
274356
274357
274358
274363
