65557
65600
65601
65604
65618
65622
65627
65794
65803
65875
65879
65882
65902
66303
66563
66567
66568
66569
66570
66579
66583
66584
66585
66586
66604
66605
66606
66632
66633
66648
66649
66668
66669
66748
66749
66750
66828
66829
66844
66845
66846
66851
66856
66857
66892
66893
66894
66908
66909
66910
66915
66919
66920
66921
66922
66995
66999
67000
67001
67002
67320
67321
67324
67325
68604
68606
69644
69645
69646
69660
69661
69662
69663
69666
69667
69671
69672
69673
69674
69710
69711
69726
69727
69728
69729
69730
69731
69732
69733
69734
69735
69738
69739
69810
69811
69814
69815
69816
69818
69819
69903
69919
69920
69921
69922
69924
69925
69926
69931
69967
69983
69984
69985
69986
69988
69989
69990
69995
70001
70004
70005
70064
70065
70066
70068
70069
70070
70075
70384
70385
70386
70387
70388
70389
70390
70391
70394
70395
70671
70687
70688
70689
70690
70692
70693
70694
70699
70704
70705
70706
70708
70709
70710
70715
70735
70752
70753
70756
70757
70758
70763
70768
70769
70770
70772
70773
70774
70779
70799
70815
70816
70817
70818
70820
70821
70822
70827
70832
70833
70834
70836
70837
70838
70843
70948
70949
70960
70961
70962
70963
70964
70965
70966
70967
70970
70971
71024
71025
71026
71027
71028
71029
71030
71031
71032
71033
71034
71035
71052
71053
71054
71055
71070
71071
71072
71073
71074
71075
71076
71077
71078
71079
71080
71081
71082
71083
71375
71391
71392
71393
71394
71396
71397
71398
71403
71408
71409
71412
71413
72655
72672
72673
72676
72677
72688
72689
72690
72692
72693
72694
72699
77811
77815
77816
77817
77818
163644
163646
163647
163732
163733
163734
163776
163777
163778
163779
163780
163782
163783
163784
163786
163787
163795
163800
163801
163804
163805
163806
163807
163810
163811
163816
163817
163818
163820
163821
163822
163823
213055
213141
213184
213185
213186
213187
213191
213192
213193
213194
213195
213196
213197
213198
213215
213216
213217
213218
213219
213220
213222
213223
213224
213225
213226
213227
213229
213236
213237
213238
213525
213568
213569
213570
213571
213572
213574
213575
213576
213577
213578
213579
213581
213596
213598
213599
213600
213601
213602
213603
213607
213608
213609
213610
213611
213612
213613
213614
213621
213695
213780
213781
213782
213824
213825
213826
213827
213831
213832
213833
213834
213835
213836
213837
213838
213855
213856
213857
213858
213859
213860
213862
213863
213864
213865
213866
213867
213869
213876
213877
213878
213948
213950
213951
215104
215105
215106
215108
215110
215111
215112
215114
215115
215132
215134
215135
215136
215138
215139
215144
215145
215146
215147
215148
215149
215150
215157
215356
215358
215359
215444
215445
215446
215488
215489
215490
215491
215492
215494
215495
215496
215497
215498
215499
215501
215516
215518
215519
215520
215521
215522
215523
215527
215528
215529
215530
215531
215532
215533
215534
215541
215615
215701
215744
215745
215746
215747
215751
215752
215753
215754
215755
215756
215757
215758
215775
215776
215777
215778
215779
215780
215782
215783
215784
215785
215786
215787
215789
215796
215797
215798
216340
216341
216342
216384
216386
216387
216392
216393
216394
216396
216397
216398
216416
216417
216418
216420
216422
216423
216424
216426
216427
216436
216437
216438
216508
216510
216511
221205
221248
221249
221250
221251
221252
221254
221255
221256
221257
221258
221259
221261
221276
221278
221279
221280
221281
221282
221283
221287
221288
221289
221290
221291
221292
221293
221294
221301
221375
221500
221502
221503
221588
221589
221590
221632
221633
221634
221636
221638
221639
221640
221642
221643
221660
221662
221663
221664
221666
221667
221672
221673
221674
221676
221677
221678
221888
221890
221891
221896
221897
221898
221900
221901
221902
221919
221920
221921
221922
221924
221926
221927
221928
221930
221931
221940
221941
221942
223036
223038
223039
223124
223125
223126
223168
223169
223170
223172
223174
223175
223176
223178
223179
223196
223198
223199
223200
223202
223203
223208
223209
223210
223212
223213
223214
223424
223426
223427
223432
223433
223434
223436
223437
223438
223456
223457
223458
223460
223462
223463
223464
223466
223467
223476
223477
223478
223808
223809
223810
223812
223814
223815
223816
223818
223819
223836
223838
223839
223840
223842
223843
223848
223849
223850
223852
223853
223854
224020
224021
224022
224064
224066
224067
224072
224073
224074
224076
224077
224078
224096
224097
224098
224100
224102
224103
224104
224106
224107
224116
224117
224118
224188
224190
224191
226580
226581
226582
226624
226625
226626
226627
226631
226632
226633
226634
226635
226636
226637
226638
226655
226656
226657
226658
226659
226662
226663
226664
226665
226666
226667
226669
226677
226748
226750
226751
295039
295043
295049
295420
295422
295436
295438
295460
295462
295553
295559
295563
295637
296944
296946
296952
296954
297008
297009
297010
297015
297016
297018
297019
297093
297104
297106
297107
297112
297113
297114
297117
297135
297169
297175
297179
297476
297478
297500
297501
297502
297516
297518
297587
297593
297597
297615
297637
297649
297655
297659
297812
297814
302911
302997
303040
303041
303042
303043
303047
303048
303049
303050
303051
303053
303071
303072
303073
303074
303075
303079
303080
303081
303082
303083
303085
303093
303167
303253
303296
303297
303298
303299
303303
303304
303305
303306
303307
303309
303324
303326
303327
303328
303330
303331
303335
303336
303337
303338
303341
303636
303637
303638
303680
303682
303683
303688
303689
303690
303692
303693
303694
303712
303713
303714
303716
303718
303719
303720
303722
303723
303732
303733
303734
303804
303806
303807
303936
303937
303938
303940
303942
303943
303947
303964
303966
303967
303971
303977
303980
303981
303982
305168
305169
305170
305175
305176
305178
305179
305231
305253
305264
305265
305266
305268
305270
305271
305275
305328
305330
305331
305336
305337
305338
305341
305603
305609
305612
305613
305614
305615
305633
305636
305637
305638
305639
305643
305649
305652
305653
305654
305655
305659
305715
305721
305724
305725
305726
305809
305812
305814
305815
305819
305860
305861
305862
305875
305881
305884
305885
305886
305900
305902
305903
306501
306512
306514
306515
306520
306521
306522
306543
