65665
65675
65749
66052
66054
66092
66094
66175
66179
66185
66189
66388
66390
67600
67602
67603
67608
67609
67610
67613
67699
67705
67709
67727
67749
67760
67761
67762
67767
67768
67770
67771
68092
68094
68108
68110
68132
68134
68148
68150
68151
68229
68243
68249
68253
68271
68305
68311
68315
68944
68946
68952
68954
73749
73792
73793
73794
73795
73799
73800
73801
73802
73803
73805
73824
73825
73826
73831
73832
73834
73835
73837
73844
73845
73846
73919
74176
74178
74179
74185
74188
74189
74190
74209
74212
74214
74215
74219
74228
74229
74230
74300
74302
74303
74388
74389
74390
74432
74433
74434
74436
74438
74439
74440
74442
74443
74460
74462
74463
74464
74466
74467
74472
74473
74474
74476
74477
74478
75727
75749
75760
75761
75762
75768
75770
75771
75824
75826
75827
75832
75833
75834
75837
75920
75921
75922
75927
75928
75930
75931
75973
75984
75986
75987
75993
75996
75997
75998
76015
76305
76308
76310
76311
76315
76364
76366
76367
76388
76389
76390
76401
76404
76406
76407
76411
76467
76473
76476
76477
76478
76609
76612
76613
76614
76615
76619
76627
76633
76636
76637
76638
76639
76643
76649
76652
76653
76654
76655
79125
79168
79169
79170
79171
79175
79176
79177
79178
79179
79181
79199
79200
79201
79202
79203
79207
79208
79209
79210
79211
79213
79221
79295
147477
147520
147521
147522
147523
147524
147526
147527
147528
147529
147530
147531
147533
147548
147550
147551
147552
147553
147554
147555
147559
147560
147561
147562
147563
147564
147565
147566
147573
147647
147772
147774
147775
147860
147861
147862
147904
147905
147906
147907
147908
147910
147911
147912
147913
147914
147915
147917
147932
147934
147935
147936
147937
147938
147939
147943
147944
147945
147946
147947
147948
147949
147950
147957
148031
148117
148160
148161
148162
148163
148167
148168
148169
148170
148171
148172
148173
148174
148191
148192
148193
148194
148195
148196
148198
148199
148200
148201
148202
148203
148205
148212
148213
148214
149308
149310
149311
149396
149397
149398
149440
149441
149442
149444
149446
149447
149448
149450
149451
149468
149470
149471
149472
149474
149475
149480
149481
149482
149484
149485
149486
149696
149698
149699
149704
149705
149706
149708
149709
149710
149727
149728
149729
149730
149732
149734
149735
149736
149737
149738
149739
149748
149749
149750
150037
150080
150081
150082
150083
150084
150086
150087
150088
150089
150090
150091
150093
150108
150110
150111
150112
150113
150114
150115
150119
150120
150121
150122
150123
150124
150125
150126
150133
150207
150292
150293
150294
150336
150337
150338
150339
150343
150344
150345
150346
150347
150348
150349
150350
150367
150368
150369
150370
150371
150372
150374
150375
150376
150377
150378
150379
150381
150388
150389
150390
150460
150462
150463
155452
155454
155455
155540
155541
155542
155584
155585
155586
155587
155588
155590
155591
155592
155593
155594
155595
155597
155615
155616
155617
155618
155619
155623
155624
155625
155626
155627
155629
155630
155637
155711
155797
155840
155841
155842
155843
155847
155848
155849
155850
155851
155852
155853
155854
155871
155872
155873
155874
155875
155876
155878
155879
155880
155881
155882
155883
155885
155892
155893
155894
156224
156225
156226
156228
156230
156231
156232
156234
156235
156252
156254
156255
156256
156258
156259
156264
156265
156266
156268
156269
156270
156277
156436
156437
156438
156480
156482
156483
156488
156489
156490
156492
156493
156494
156512
156513
156514
156516
156518
156519
156520
156522
156523
156532
156533
156534
156604
156606
156607
157760
157761
157762
157764
157766
157767
157768
157770
157771
157788
157790
157791
157792
157794
157795
157800
157801
157802
157804
157805
157806
158012
158014
158015
158100
158101
158102
158144
158145
158146
158148
158150
158151
158152
158154
158155
158172
158174
158175
158176
158178
158179
158184
158185
158186
158188
158189
158190
158400
158402
158403
158408
158409
158410
158412
158413
158414
158432
158433
158434
158436
158438
158439
158440
158442
158443
158452
158453
158454
158996
158997
158998
159040
159042
159043
159048
159049
159050
159052
159053
159054
159072
159073
159074
159076
159078
159079
159080
159082
159083
159092
159093
159094
159164
159166
159167
234772
234773
234774
234816
234817
234818
234819
234824
234825
234826
234828
234829
234830
234849
234850
234852
234853
234854
234855
234856
234858
234859
234865
234868
234869
234870
234871
234872
234875
234940
234942
234943
311359
311488
311491
311500
311538
311545
311550
311893
312066
312073
312294
312305
312314
312317
313684
313686
314369
314376
314378
314379
314381
314404
314406
314407
314417
314424
314426
314427
314429
314516
314518
314519
314568
314571
314596
314599
314616
314619
314964
314967
314968
314971
315140
315143
315169
315176
315179
315188
315190
315191
315281
315288
315290
315291
315293
315332
315334
315335
315361
315368
315370
315371
315373
315380
315382
315383
320849
320856
320858
320859
320861
323588
323590
323591
323617
323618
323624
323626
323627
323629
323636
323637
323638
323639
323729
323730
323736
323737
323738
323741
323742
323781
323782
323808
323809
323810
323811
323817
323818
323820
323821
323822
323823
323829
323830
324176
324177
324178
324179
324185
324186
324188
324189
324190
324191
324357
324384
324386
324387
324393
324396
324398
324399
324405
324496
324498
324499
324505
324508
324510
324511
324549
324563
324572
324575
324576
324578
324579
324585
324588
324590
324591
324597
325957
325968
325970
325971
325977
325980
325982
325983
325984
325987
325996
325999
326661
326672
326674
326675
326681
326684
326686
326687
326688
326690
326691
326697
326700
326702
326703
326709
326789
326800
326802
326803
326809
326812
326814
326815
326816
326818
326819
326825
326828
326830
326831
326837
326853
326864
326866
326867
326873
326876
326878
326879
326880
326883
326889
326892
326894
326895
327237
327248
327251
327260
327263
327264
327266
327267
327273
327276
327278
327279
327285
327440
327441
327442
327443
327449
327450
327452
327453
327454
327455
327468
327471
327556
327557
327558
327559
327584
327585
327586
327587
327592
327593
327594
327595
327596
327597
327598
327599
327605
327606
327632
327633
327634
327635
327640
327641
327642
327643
327644
327645
327646
327647
