172
174
215
529
539
637
688
690
837
860
862
879
2116
2118
2143
2147
2153
2156
2158
2499
2505
2509
2535
2548
2550
2752
2754
2760
2762
2785
2792
2795
2805
3348
3350
3351
3355
3407
3429
3440
3442
3448
3450
3453
3504
3507
3513
3517
8464
8465
8466
8468
8470
8471
8472
8474
8475
8527
8560
8562
8563
8568
8569
8570
8572
8573
8574
8591
8613
8624
8625
8626
8627
8632
8633
8634
8635
8637
9984
9986
9987
9993
9996
9997
9998
10017
10020
10022
10023
10027
10036
10038
10039
10117
10131
10137
10140
10141
10142
10156
10158
10159
10193
10194
10199
10200
10202
10203
10495
10837
11008
11009
11010
11016
11017
11018
11019
11021
11040
11041
11042
11047
11048
11050
11051
11060
11061
11062
11140
11141
11142
11143
11164
11166
11167
11171
11177
11180
11181
11182
11183
11217
11220
11222
11223
11227
13380
13381
13382
13395
13401
13404
13405
13406
13407
13411
13417
13420
13422
13423
13628
13630
13631
13717
13760
13761
13762
13763
13767
13768
13769
13770
13771
13773
13792
13793
13794
13795
13799
13800
13801
13802
13803
13805
13812
13813
13814
13887
13973
14016
14018
14019
14024
14025
14026
14028
14029
14030
14049
14052
14054
14055
14056
14058
14059
14068
14069
14070
14071
14075
82241
82244
82245
82246
82247
82251
82259
82265
82268
82269
82270
82271
82275
82281
82284
82285
82286
82287
82995
83001
83004
83005
83006
83007
83089
83092
83093
83094
83095
83099
83137
83140
83141
83142
83143
83147
83152
83155
83161
83162
83164
83165
83166
83167
83171
83177
83180
83181
83182
83183
83472
83473
83474
83476
83477
83478
83479
83480
83482
83483
83523
83529
83532
83533
83534
83535
83553
83556
83557
83558
83559
83563
83568
83569
83570
83572
83573
83574
83575
83576
83578
83579
83632
83634
83635
83640
83641
83642
83644
83645
83646
83647
83777
83780
83781
83782
83783
83787
83792
83794
83795
83800
83801
83802
83804
83805
83806
83807
83811
83817
83820
83821
83822
83823
84931
84937
84940
84941
84942
84943
84961
84964
84965
84966
84967
84971
84977
84980
84981
84982
84983
84987
89136
89138
89139
89144
89145
89146
89148
89149
89150
89151
89232
89233
89234
89236
89237
89238
89239
89240
89242
89243
89281
89284
89285
89286
89287
89291
89296
89298
89299
89304
89305
89306
89308
89309
89310
89311
89315
89321
89324
89325
89326
89327
89617
89620
89621
89622
89623
89627
89664
89667
89673
89676
89677
89678
89679
89697
89700
89701
89702
89703
89707
89713
89716
89717
89718
89719
89723
89779
89785
89788
89789
89790
89791
89920
89921
89922
89924
89926
89927
89928
89930
89931
89948
89950
89951
89952
89954
89955
89960
89961
89962
89964
89965
89966
91075
91081
91084
91085
91086
91087
91105
91108
91109
91110
91111
91115
91120
91121
91122
91124
91125
91126
91127
91128
91130
91131
92484
92485
92486
92496
92498
92499
92504
92505
92506
92508
92509
92510
92515
92524
92525
92526
92527
93200
93201
93202
93204
93206
93207
93208
93210
93211
93260
93262
93263
93284
93285
93286
93296
93297
93298
93300
93301
93302
93303
93304
93306
93307
93360
93362
93363
93368
93369
93370
93372
93373
93374
93635
93641
93644
93645
93646
93647
93665
93668
93669
93670
93671
93675
93680
93681
93682
93684
93685
93686
93687
93688
93690
93691
93744
93746
93747
93752
93753
93754
93756
93757
93758
93759
93840
93841
93842
93844
93845
93846
93847
93848
93850
93851
93889
93892
93893
93894
93899
93904
93906
93907
93912
93913
93914
93916
93917
93918
93923
93932
93933
93934
93935
168977
168980
168981
168982
168983
168987
169027
169033
169036
169037
169038
169039
169057
169060
169061
169062
169063
169067
169073
169074
169076
169077
169078
169079
169080
169083
169139
169145
169148
169149
169150
169151
169420
169423
169445
169456
169458
169459
169464
169465
169466
169468
169469
169470
169471
169475
169484
169486
169487
169509
169510
169520
169521
169522
169523
169527
169528
169529
169530
169531
169532
169533
169534
169616
169617
169618
169620
169622
169623
169624
169626
169627
169629
169668
169669
169670
169671
169675
169680
169682
169683
169688
169689
169690
169692
169693
169694
169695
169699
169705
169708
169709
169710
169711
245810
245965
245988
246011
246532
246535
246561
246568
246570
246582
246674
246725
246752
246755
246761
246764
246766
248159
248172
248175
248848
248850
248851
248857
248860
248862
248964
248966
248994
249002
249005
249013
249041
249048
249050
249051
249053
249409
249416
249418
249419
249444
249447
249451
249460
249463
249620
249622
249623
249728
249730
249731
249737
249740
249742
249765
249766
249777
249784
249786
249787
249789
249813
255253
255308
255311
255344
255346
255347
255353
255356
255358
255359
255375
255408
255411
255417
255420
255422
255423
258112
258114
258115
258121
258124
258126
258127
258149
258150
258160
258161
258162
258168
258169
258170
258171
258173
258174
258577
258580
258583
258584
258586
258587
258589
258689
258696
258698
258699
258701
258724
258726
258727
258731
258737
258740
258742
258743
258744
258746
258747
258772
258774
258775
258884
258886
258887
258913
258914
258920
258922
258923
258925
258932
258933
258934
258935
260357
260368
260370
260371
260377
260380
260382
260383
260384
260387
260393
260396
260398
260399
260485
260486
260511
260512
260514
260515
260521
260524
260525
260526
260527
260533
260560
260561
260562
260563
260568
260569
260570
260572
260573
260574
260575
261189
261200
261202
261203
261209
261212
261213
261214
261215
261219
261228
261231
261632
261633
261634
261636
261639
261640
261641
261642
261643
261645
261665
261668
261670
261671
261672
261674
261675
261677
261681
261684
261686
261687
261688
261690
261691
261776
261777
261778
261783
261784
261785
261786
261787
261789
261790
261828
261829
261830
261831
261856
261857
261858
261859
261864
261865
261866
261867
261868
261869
261870
261871
261877
261878
261972
261973
261974
261975
