32788
32838
32843
32879
33043
33047
33050
33091
33095
33096
33097
33098
33112
33113
33132
33133
33212
33214
33820
33821
33832
33833
33868
33869
33870
33884
33885
33886
33891
33895
33896
33897
33898
33971
33976
33977
33978
34062
34079
34082
34086
34087
34090
34091
34127
34143
34144
34145
34146
34148
34149
34150
34155
34224
34225
34226
34228
34230
34235
34547
34551
34554
35837
36879
36896
36897
36900
36901
36902
36907
36912
36913
36916
36917
36976
36977
36978
36980
36981
36982
36987
37007
37024
37025
37026
37028
37029
37030
37035
37040
37041
37044
37045
37168
37169
37170
37172
37173
37174
37175
37178
37179
37232
37234
37235
37238
37239
37240
37241
37242
37243
37260
37261
37262
37263
37278
37279
37280
37281
37282
37283
37284
37285
37286
37287
37288
37290
37291
37583
37599
37600
37601
37602
37604
37605
37606
37611
37939
37943
37944
37945
37946
38003
38007
38008
38009
38010
38012
38013
38014
38019
38024
38025
38026
38028
38029
38030
38040
38041
38044
38045
38046
38051
38055
38056
38057
38058
38060
38061
38200
38201
38204
38205
38206
38268
38269
38270
38271
38272
38273
38274
38275
38276
38277
38278
38279
38280
38281
38282
38283
38290
38291
38294
38295
38296
38297
38298
38299
38300
38301
38316
38317
38318
38319
38595
38599
38600
38601
38602
38604
38605
38606
38611
38615
38616
38617
38618
38620
38621
38622
38627
38631
38632
38633
38634
38636
38637
38638
39884
39885
39886
39900
39901
39902
39903
39906
39907
39910
39911
39912
39913
39914
39915
45040
45041
45042
45044
45045
45046
45051
130831
130852
130853
130864
130865
130866
130867
130870
130871
130872
130873
130874
130875
130877
130944
130945
130948
130949
130950
130951
130955
130960
130961
130962
130963
130967
130968
130969
130970
130971
130972
130973
130974
130988
130990
130991
131013
131024
131025
131026
131028
131029
131030
131031
131034
131035
180431
180453
180464
180465
180466
180467
180471
180472
180473
180474
180475
180477
180805
180816
180817
180818
180819
180823
180824
180825
180826
180827
180829
180847
180997
181008
181009
181010
181011
181015
181016
181017
181018
181019
181021
181039
181071
181093
181104
181105
181106
181107
181111
181112
181113
181114
181115
181117
181135
181157
181168
181169
181170
181171
181175
181176
181177
181178
181179
181181
182341
182352
182353
182354
182355
182358
182359
182360
182361
182362
182363
182365
182383
182543
182565
182576
182577
182578
182579
182583
182584
182585
182586
182587
182589
182661
182672
182673
182674
182675
182679
182680
182681
182682
182683
182685
182703
182725
182736
182737
182738
182739
182743
182744
182745
182746
182747
182749
182767
182991
183013
183024
183025
183026
183027
183031
183032
183033
183034
183035
183037
183556
183557
183558
183568
183569
183570
183571
183575
183576
183577
183578
183579
183580
183581
183582
183596
183598
183599
183631
183653
183664
183665
183666
183667
183671
183672
183673
183674
183675
183676
183677
183678
183692
183694
183695
183716
183717
183718
183728
183729
183730
183731
183732
183734
183735
183736
183737
183738
183739
183741
188485
188496
188497
188498
188499
188503
188504
188505
188506
188507
188509
188527
188684
188686
188687
188708
188709
188710
188720
188721
188722
188723
188724
188726
188727
188728
188729
188730
188731
188733
188804
188805
188806
188816
188817
188818
188819
188823
188824
188825
188826
188827
188828
188829
188830
188844
188846
188847
188869
188880
188881
188882
188883
188884
188886
188887
188888
188889
188890
188891
188893
188911
189135
189157
189168
189169
189170
189171
189175
189176
189177
189178
189179
189180
189181
190220
190222
190223
190244
190245
190246
190256
190257
190258
190259
190260
190262
190263
190264
190265
190266
190267
190269
190340
190341
190342
190352
190353
190354
190355
190359
190360
190361
190362
190363
190364
190365
190366
190380
190382
190383
190405
190416
190417
190418
190419
190420
190422
190423
190424
190425
190426
190427
190429
190447
190671
190693
190704
190705
190706
190707
190711
190712
190713
190714
190715
190716
190717
190718
191045
191056
191057
191058
191059
191060
191062
191063
191064
191065
191066
191067
191069
191087
191236
191237
191238
191248
191249
191250
191251
191255
191256
191257
191258
191259
191260
191261
191262
191276
191278
191279
191311
191333
191344
191345
191346
191347
191351
191352
191353
191354
191355
191356
191357
191358
191372
191374
191375
191396
191397
191398
191408
191409
191410
191411
191412
191414
191415
191416
191417
191418
191419
191421
193797
193808
193809
193810
193811
193815
193816
193817
193818
193819
193821
193839
193871
193892
193893
193904
193905
193906
193907
193908
193910
193911
193912
193913
193914
193915
193917
193935
193957
193968
193969
193970
193971
193975
193976
193977
193978
193979
193981
262285
262311
262315
262649
262653
262708
262710
262812
262814
262828
262830
264142
264143
264164
264165
264166
264177
264180
264182
264183
264187
264243
264249
264253
264337
264343
264347
264389
264400
264402
264403
264408
264409
264410
264431
264709
264723
264729
264751
264816
264818
264824
264826
264880
264882
264888
264890
265041
265047
265051
270128
270130
270131
270136
270137
270138
270140
270141
270142
270224
270225
270226
270228
270230
270231
270232
270234
270235
270276
270277
270278
270288
270290
270291
270295
270296
270297
270298
270299
270300
270301
270302
270316
270318
270319
270540
270542
270543
270561
270564
270565
270566
270571
270576
270577
270578
270580
270581
270582
270583
270587
270913
270916
270917
270918
270919
270923
270931
270937
270940
270941
270942
270943
270947
270953
270956
270957
270958
270959
271121
271124
271125
271126
271131
271171
271176
271177
271178
271180
271181
271182
271200
271201
271202
271204
271206
271207
271208
271210
271211
271220
271221
271222
271292
271294
271295
272404
272405
272406
272451
272457
272460
272461
272462
272480
272481
272482
272484
272486
272487
272491
272501
272572
272574
272575
272703
272789
272832
272833
272834
272839
272840
272842
272843
272863
272864
272866
272867
272872
272873
272874
272877
272959
273045
273088
273089
273090
273095
273096
273098
273099
273119
273120
273122
273123
273128
273129
273130
273133
273729
273732
273734
273739
273756
273757
273758
273772
273774
