65743
65776
65779
65788
65791
66304
66307
66316
66318
66319
66341
66352
66354
66355
66361
66366
66453
66498
66505
66510
66533
66546
66553
66558
67925
68610
68617
68622
68645
68658
68801
68810
68813
68838
68849
68858
68861
69206
69377
69384
69386
69387
69389
69412
69414
69415
69425
69432
69434
69435
69437
69524
69526
69527
69569
69576
69578
69579
69581
69604
69606
69607
69617
69624
69626
69627
69629
75092
75094
75095
77825
77832
77834
77835
77837
77860
77862
77863
77873
77880
77882
77883
77885
77972
77974
77975
77979
78017
78020
78023
78024
78026
78027
78029
78052
78054
78055
78056
78059
78065
78068
78071
78072
78074
78075
78077
78420
78422
78423
78424
78427
78593
78596
78598
78599
78600
78602
78603
78605
78625
78628
78630
78631
78632
78634
78635
78637
78641
78644
78646
78647
78648
78651
78737
78740
78743
78744
78746
78747
78749
78788
78790
78791
78792
78795
78817
78820
78823
78824
78826
78827
78829
78836
78838
78839
78840
78843
80209
80212
80215
80216
80218
80219
80221
80900
80902
80903
80904
80907
80929
80932
80935
80936
80938
80939
80941
80948
80950
80951
80952
80955
81041
81047
81048
81050
81051
81053
81092
81094
81095
81121
81122
81128
81130
81131
81133
81140
81141
81142
81143
81489
81490
81496
81497
81498
81499
81501
81502
81668
81669
81670
81671
81696
81697
81698
81699
81704
81705
81706
81707
81709
81710
81716
81717
81718
81719
81808
81809
81810
81811
81816
81817
81818
81819
81820
81821
81822
81823
81860
81861
81862
81863
81888
81889
81890
81891
81896
81897
81898
81899
81900
81901
81902
81903
81908
81909
81910
81911
152900
152901
152902
152903
152907
152912
152914
152915
152921
152922
152924
152925
152926
152927
152928
152931
152937
152940
152941
152942
152943
229392
229393
229394
229396
229398
229399
229400
229402
229403
229452
229454
229455
229476
229477
229478
229488
229489
229490
229492
229494
229495
229496
229498
229499
229552
229554
229555
229560
229561
229562
229564
229565
229566
229836
229838
229839
229860
229861
229862
229872
229873
229874
229876
229878
229879
229880
229882
229883
229936
229938
229939
229944
229945
229946
229948
229949
229950
230032
230033
230034
230036
230038
230039
230040
230042
230043
230084
230085
230086
230096
230098
230099
230104
230105
230106
230108
230109
230110
230124
230126
230127
231363
231369
231372
231373
231374
231375
231393
231396
231397
231398
231399
231403
231408
231409
231410
231412
231413
231414
231415
231416
231418
231419
231472
231474
231475
231480
231481
231482
231484
231485
231486
231487
231568
231569
231570
231572
231573
231574
231575
231576
231578
231579
231617
231620
231621
231622
231623
231627
231632
231634
231635
231640
231641
231642
231644
231645
231646
231651
231660
231661
231662
231663
231952
231953
231954
231956
231958
231959
231960
231962
231963
232012
232014
232015
232036
232037
232038
232048
232049
232050
232052
232054
232055
232056
232058
232059
232112
232114
232115
232120
232121
232122
232124
232125
232126
232260
232261
232262
232272
232274
232275
232280
232281
232282
232284
232285
232286
232300
232302
232303
237516
237518
237519
237540
237541
237542
237552
237553
237554
237556
237558
237559
237560
237562
237563
237616
237618
237619
237624
237625
237626
237628
237629
237630
237712
237713
237714
237716
237718
237719
237720
237722
237723
237764
237765
237766
237776
237778
237779
237784
237785
237786
237788
237789
237790
237804
237806
237807
238096
238097
238098
238100
238101
238102
238103
238104
238106
238107
238147
238153
238156
238157
238158
238159
238177
238180
238181
238182
238183
238187
238192
238193
238194
238196
238198
238199
238200
238202
238203
238256
238258
238259
238264
238265
238266
238268
238269
238270
238271
238401
238404
238405
238406
238407
238411
238416
238418
238419
238424
238425
238426
238428
238429
238430
238431
238435
238441
238444
238445
238446
238447
239632
239633
239634
239636
239637
239638
239639
239640
239642
239643
239683
239689
239692
239693
239694
239695
239713
239716
239717
239718
239719
239723
239728
239729
239730
239732
239733
239734
239735
239736
239738
239739
239792
239794
239795
239800
239801
239802
239804
239805
239806
239807
240067
240073
240076
240077
240078
240079
240097
240100
240101
240102
240103
240107
240112
240113
240114
240116
240117
240118
240119
240120
240122
240123
240176
240178
240179
240184
240185
240186
240188
240189
240190
240191
240272
240273
240274
240276
240277
240278
240279
240280
240282
240283
240321
240324
240325
240326
240327
240331
240336
240338
240339
240344
240345
240346
240348
240349
240350
240351
240355
240361
240364
240365
240366
240367
240961
240964
240965
240966
240967
240971
240976
240978
240979
240984
240985
240986
240988
240989
240990
240991
240995
241001
241004
241005
241006
241007
311809
311815
311819
311839
311843
311849
311853
311969
311975
311979
311989
312149
313348
313349
313350
313372
313374
313388
313390
313391
313468
313470
313484
313486
313508
313510
313524
313526
313855
313859
313865
313869
313889
313895
313899
313988
313990
314012
314014
314028
314030
314068
314070
314705
314708
314710
314711
314715
319504
319505
319506
319508
319510
319511
319512
319514
319515
319564
319566
319567
319588
319589
319590
319600
319601
319602
319603
319607
319608
319609
319610
319611
319613
319664
319666
319667
319672
319673
319674
319676
319677
319678
319951
319973
319984
319985
319986
319987
319991
319992
319993
319994
319995
319997
320015
320037
320048
320049
320050
320051
320055
320056
320057
320058
320059
320061
320133
320144
320145
320146
320147
320151
320152
320153
320154
320155
320157
320175
320197
320208
320209
320210
320211
320215
320216
320217
320218
320219
320221
320239
321523
321529
321532
321533
321534
321548
321550
321551
321572
321573
321574
321585
321588
321590
321591
321595
321668
321669
321670
321683
321689
321692
321693
321694
321708
321710
321711
321745
321751
321752
321754
321755
322053
322064
322066
322067
322072
322073
322074
322077
322095
322160
322162
322163
322168
322169
322170
322173
322191
322213
322224
322225
322226
322231
322232
322234
322235
322384
322385
322386
322391
322392
322394
322395
324932
324933
324934
324944
324946
324947
324952
324953
324954
324956
324957
324958
324972
324974
324975
