32895
32899
32905
33276
33278
33292
33294
33316
33318
33409
33415
33419
33493
34800
34802
34808
34810
34864
34865
34866
34871
34872
34874
34875
34949
34960
34962
34963
34968
34969
34970
34973
34991
35025
35031
35035
35332
35334
35356
35357
35358
35372
35374
35443
35449
35453
35471
35493
35505
35511
35515
35668
35670
40767
40853
40896
40897
40898
40899
40903
40904
40905
40906
40907
40909
40927
40928
40929
40930
40931
40935
40936
40937
40938
40939
40941
40949
41023
41109
41152
41153
41154
41155
41159
41160
41161
41162
41163
41165
41180
41182
41183
41184
41186
41187
41191
41192
41193
41194
41197
41492
41493
41494
41536
41538
41539
41544
41545
41546
41548
41549
41550
41568
41569
41570
41572
41574
41575
41576
41578
41579
41588
41589
41590
41660
41662
41663
41792
41793
41794
41796
41798
41799
41803
41820
41822
41823
41827
41833
41836
41837
41838
43024
43025
43026
43031
43032
43034
43035
43087
43109
43120
43121
43122
43124
43126
43127
43131
43184
43186
43187
43192
43193
43194
43197
43459
43465
43468
43469
43470
43471
43489
43492
43493
43494
43495
43499
43505
43508
43509
43510
43511
43515
43571
43577
43580
43581
43582
43665
43668
43670
43671
43675
43716
43717
43718
43731
43737
43740
43741
43742
43756
43758
43759
44357
44368
44370
44371
44376
44377
44378
44399
114751
114837
114880
114881
114882
114883
114887
114888
114889
114890
114891
114892
114893
114894
114911
114912
114913
114914
114915
114916
114918
114919
114920
114921
114922
114923
114925
114932
114933
114934
115221
115264
115265
115266
115267
115268
115270
115271
115272
115273
115274
115275
115277
115292
115294
115295
115296
115297
115298
115299
115303
115304
115305
115306
115307
115308
115309
115310
115317
115391
115476
115477
115478
115520
115521
115522
115523
115527
115528
115529
115530
115531
115532
115533
115534
115551
115552
115553
115554
115555
115556
115558
115559
115560
115561
115562
115563
115565
115572
115573
115574
115644
115646
115647
116800
116801
116802
116804
116806
116807
116808
116810
116811
116828
116830
116831
116832
116834
116835
116840
116841
116842
116843
116844
116845
116846
116853
117052
117054
117055
117140
117141
117142
117184
117185
117186
117187
117188
117190
117191
117192
117193
117194
117195
117197
117212
117214
117215
117216
117217
117218
117219
117223
117224
117225
117226
117227
117228
117229
117230
117237
117311
117397
117440
117441
117442
117443
117447
117448
117449
117450
117451
117452
117453
117454
117471
117472
117473
117474
117475
117476
117478
117479
117480
117481
117482
117483
117485
117492
117493
117494
118036
118037
118038
118080
118082
118083
118088
118089
118090
118092
118093
118094
118112
118113
118114
118116
118118
118119
118120
118122
118123
118132
118133
118134
118204
118206
118207
122901
122944
122945
122946
122947
122948
122950
122951
122952
122953
122954
122955
122957
122972
122974
122975
122976
122977
122978
122979
122983
122984
122985
122986
122987
122988
122989
122990
122997
123071
123196
123198
123199
123284
123285
123286
123328
123329
123330
123332
123334
123335
123336
123338
123339
123356
123358
123359
123360
123362
123363
123368
123369
123370
123372
123373
123374
123584
123586
123587
123592
123593
123594
123596
123597
123598
123615
123616
123617
123618
123620
123622
123623
123624
123626
123627
123636
123637
123638
124732
124734
124735
124820
124821
124822
124864
124865
124866
124868
124870
124871
124872
124874
124875
124892
124894
124895
124896
124898
124899
124904
124905
124906
124908
124909
124910
125120
125122
125123
125128
125129
125130
125132
125133
125134
125152
125153
125154
125156
125158
125159
125160
125162
125163
125172
125173
125174
125504
125505
125506
125508
125510
125511
125512
125514
125515
125532
125534
125535
125536
125538
125539
125544
125545
125546
125548
125549
125550
125716
125717
125718
125760
125762
125763
125768
125769
125770
125772
125773
125774
125792
125793
125794
125796
125798
125799
125800
125802
125803
125812
125813
125814
125884
125886
125887
128276
128277
128278
128320
128321
128322
128323
128327
128328
128329
128330
128331
128332
128333
128334
128351
128352
128353
128354
128355
128358
128359
128360
128361
128362
128363
128365
128373
128444
128446
128447
196412
196414
196415
196500
196501
196502
196544
196545
196546
196547
196548
196550
196551
196552
196554
196555
196563
196568
196569
196572
196573
196574
196575
196578
196579
196584
196585
196586
196588
196589
196590
196591
262165
262208
262209
262212
262226
262230
262235
262402
262411
262483
262487
262490
262510
262911
263171
263175
263176
263177
263178
263187
263191
263192
263193
263194
263212
263213
263214
263240
263241
263256
263257
263276
263277
263356
263357
263358
263436
263437
263452
263453
263454
263459
263464
263465
263500
263501
263502
263516
263517
263518
263523
263527
263528
263529
263530
263603
263607
263608
263609
263610
263928
263929
263932
263933
265212
265214
266252
266253
266254
266268
266269
266270
266271
266274
266275
266279
266280
266281
266282
266318
266319
266334
266335
266336
266337
266338
266339
266340
266341
266342
266343
266346
266347
266418
266419
266422
266423
266424
266426
266427
266511
266527
266528
266529
266530
266532
266533
266534
266539
266575
266591
266592
266593
266594
266596
266597
266598
266603
266609
266612
266613
266672
266673
266674
266676
266677
266678
266683
266992
266993
266994
266995
266996
266997
266998
266999
267002
267003
267279
267295
267296
267297
267298
267300
267301
267302
267307
267312
267313
267314
267316
267317
267318
267323
267343
267360
267361
267364
267365
267366
267371
267376
267377
267378
267380
267381
267382
267387
267407
267423
267424
267425
267426
267428
267429
267430
267435
267440
267441
267442
267444
267445
267446
267451
267556
267557
267568
267569
267570
267571
267572
267573
267574
267575
267578
267579
267632
267633
267634
267635
267636
267637
267638
267639
267640
267641
267642
267643
267660
267661
267662
267663
267678
267679
267680
267681
267682
267683
267684
267685
267686
267687
267688
267689
267690
267691
267983
267999
268000
268001
268002
268004
268005
268006
268011
268016
268017
268020
268021
269263
269280
269281
269284
269285
269296
269297
269298
269300
269301
269302
269307
274419
274423
274424
274425
274426
