65539
65592
65732
65773
65781
66143
66159
66322
66333
66433
66440
66442
66443
66475
66484
66486
67861
67952
67955
67961
67966
68019
68025
68028
68030
68673
68680
68682
68685
68708
68711
68724
68726
68727
69124
69126
69152
69154
69155
69161
69165
69166
69173
69253
69279
69283
69292
69294
69295
69330
69336
69338
69341
69457
69464
69466
69467
74836
74838
74839
75059
75068
75070
75071
75157
75200
75202
75203
75209
75210
75213
75214
75236
75238
75239
75249
75255
75256
75258
75259
75459
75468
75470
75471
75493
75504
75506
75507
75512
75513
75514
75517
75518
78081
78084
78087
78088
78090
78091
78113
78119
78120
78122
78123
78125
78132
78133
78134
78135
78224
78226
78227
78233
78234
78236
78237
78238
78277
78288
78291
78297
78300
78302
78303
78307
78316
78318
78319
79889
79892
79894
79895
79896
79898
79899
79987
79993
79996
79998
79999
80000
80002
80003
80009
80012
80013
80014
80015
80036
80037
80038
80048
80049
80050
80051
80056
80057
80058
80059
80061
80062
80401
80404
80406
80407
80408
80410
80411
80413
80511
80512
80513
80514
80515
80520
80521
80522
80524
80525
80526
80527
80548
80549
80550
80551
80561
80562
80564
80567
80568
80570
80571
80573
80597
80708
80710
80711
80736
80737
80738
80739
80744
80745
80746
80748
80749
80750
80757
81217
81220
81221
81222
81223
81224
81227
81247
81248
81249
81250
81251
81256
81257
81258
81259
81260
81261
81262
81269
151632
151633
151634
151636
151638
151639
151640
151642
151643
151663
151820
151822
151823
151844
151845
151846
151856
151857
151858
151860
151862
151863
151864
151866
151867
151940
151941
151942
151952
151954
151955
151960
151961
151962
151964
151965
151966
151980
151982
151983
152016
152017
152018
152020
152022
152023
152024
152026
152027
152304
152306
152307
152312
152313
152314
152316
152317
152318
153359
153381
153392
153393
153394
153395
153400
153401
153402
153404
153405
153406
153489
153490
153492
153493
153494
153495
153496
153498
153499
153537
153540
153541
153542
153543
153547
153555
153564
153566
153567
153568
153570
153571
153576
153577
153578
153580
153581
153582
153583
153589
153804
153806
153807
153829
153830
153840
153841
153842
153843
153847
153848
153849
153850
153851
153853
153854
154181
154192
154193
154194
154195
154196
154198
154199
154200
154201
154202
154203
154205
154223
154372
154373
154374
154384
154385
154386
154387
154391
154392
154393
154394
154396
154397
154398
154412
154414
154415
154480
154482
154483
154488
154489
154490
154492
154493
154494
154508
154510
154511
154532
154533
154534
154544
154545
154546
154548
154550
154551
154552
154554
154555
230660
230661
230662
230672
230673
230674
230675
230679
230680
230681
230682
230684
230685
230686
230700
230702
230703
230735
230757
230768
230769
230770
230771
230775
230776
230777
230778
230779
230780
230781
230782
230796
230798
230799
230820
230821
230822
230832
230833
230834
230835
230836
230838
230839
230840
230841
230842
230843
230845
233679
233701
233712
233713
233714
233715
233719
233720
233721
233722
233723
233725
234053
234064
234065
234066
234067
234071
234072
234073
234074
234075
234077
234095
234245
234256
234257
234258
234259
234263
234264
234265
234266
234267
234269
234287
234319
234341
234352
234353
234354
234355
234359
234360
234361
234362
234363
234365
234383
234405
234416
234417
234418
234419
234423
234424
234425
234426
234427
234429
235600
235601
235602
235604
235606
235607
235608
235610
235611
235788
235790
235791
235812
235813
235814
235824
235825
235826
235827
235828
235830
235831
235832
235833
235834
235835
235837
235909
235910
235920
235921
235922
235923
235927
235928
235929
235930
235931
235932
235933
235934
235948
235951
235973
235984
235985
235986
235987
235991
235992
235993
235994
235995
235997
236015
236239
236261
236272
236273
236274
236275
236280
236281
236282
236284
236285
236286
236804
236805
236806
236807
236811
236816
236818
236819
236825
236828
236829
236830
236831
236835
236841
236844
236845
236846
236847
236924
236926
236927
236928
236929
236930
236931
236936
236937
236938
236940
236941
236942
236961
236962
236964
236966
236967
236968
236970
236971
236977
236980
236981
236982
236983
236987
237013
241420
241423
241445
241446
241456
241457
241458
241459
241460
241462
241463
241464
241465
241466
241467
241469
241540
241541
241542
241552
241553
241554
241555
241559
241560
241561
241562
241563
241564
241565
241566
241580
241582
241583
241605
241616
241617
241618
241619
241620
241622
241623
241624
241625
241626
241627
241629
241647
311442
311453
311507
311882
311926
312085
312140
312142
312177
312187
312255
313601
313607
313611
313633
313640
313642
313653
313733
313756
313759
313772
313774
313775
313809
313816
313818
314454
314639
314661
314672
314674
314680
314682
314685
314769
314772
314775
314779
314820
314822
314823
314848
314850
314851
314857
314861
314862
315123
315129
315132
315134
320517
320531
320537
320540
320542
320543
320547
320556
320558
320559
320641
320647
320648
320650
320651
320672
320673
320674
320679
320680
320682
320683
320685
320692
320693
320694
320724
320725
320726
321041
321044
321046
321047
321051
321136
321139
321145
321148
321150
321151
321164
321167
321189
321200
321202
321203
321208
321209
321210
321213
321348
321350
321351
321376
321378
321379
321385
321389
321390
323920
323921
323922
323923
323928
323929
323930
323931
323933
324671
324757
324800
324802
324803
324808
324809
324810
324812
324813
324814
324833
324836
324837
324838
324839
324843
324849
324852
324854
324855
324856
324858
324859
325189
325200
325201
325202
325203
325208
325209
325210
325211
325212
325213
325214
325231
325381
325392
325394
325395
325400
325401
325402
325404
325405
325406
325407
325420
325422
325423
325503
325504
325505
325506
325507
325512
325513
325514
325515
325516
325517
325518
325537
325540
325542
325543
325544
325546
325547
325553
325556
325557
325558
325559
325563
325589
326463
326549
326592
326594
326595
326601
326602
326604
326605
326606
326628
326629
326630
326631
326641
326644
326646
326647
326648
326650
326651
