113
178
183
319
405
452
454
467
473
714
734
1278
1617
1620
1622
1627
1797
1808
1810
1815
1816
1818
1839
1868
1869
1870
1888
1889
1890
1894
1895
1899
1971
1977
1980
1981
2819
2825
2829
2847
2851
2856
2858
2931
2936
2938
2959
2980
2981
2982
2996
2997
5104
5105
5106
5107
5111
5112
5113
5114
5115
6421
6464
6465
6466
6468
6470
6471
6474
6475
6483
6488
6489
6490
6492
6493
6494
6508
6509
6510
6511
6591
7189
7232
7233
7234
7236
7238
7239
7240
7242
7243
7251
7256
7257
7258
7260
7261
7262
7267
7273
7276
7277
7278
7279
7359
7439
7460
7461
7462
7472
7473
7474
7476
7477
7478
7479
7480
7482
7483
7551
7552
7553
7554
7555
7556
7558
7559
7560
7561
7562
7563
7571
7577
7580
7581
7582
7583
7587
7592
7593
7594
7596
7597
7598
7637
7887
7909
7920
7921
7922
7923
7924
7926
7927
7928
7929
7930
7931
11279
11297
11300
11301
11302
11313
11316
11317
11318
11323
11388
11390
11391
11395
11400
11401
11402
11405
11420
11422
11423
11424
11426
11427
11431
11432
11433
11434
11437
11724
11725
11726
11744
11745
11746
11750
11751
11755
11827
11833
11836
11837
11838
11908
11909
11920
11921
11922
11927
11928
11930
11931
11951
11984
11985
11988
11989
11990
11995
85772
85774
85775
85796
85797
85798
85808
85809
85810
85811
85812
85814
85815
85816
85818
85819
85821
85892
85893
85894
85904
85905
85906
85907
85911
85912
85913
85914
85915
85916
85917
85918
85932
85934
85935
85957
85968
85969
85970
85971
85972
85974
85975
85976
85977
85978
85979
85981
85999
91396
91397
91408
91409
91410
91411
91415
91416
91417
91418
91419
91420
91421
91422
91438
91439
91471
91493
91504
91505
91506
91507
91511
91512
91513
91514
91515
91516
91517
91518
91532
91534
91535
91556
91557
91558
91568
91569
91570
91571
91572
91574
91575
91576
91577
91578
91579
91581
94277
94288
94289
94290
94291
94295
94296
94297
94298
94299
94301
94319
94479
94501
94512
94513
94514
94515
94519
94520
94521
94522
94523
94525
94597
94608
94609
94610
94611
94615
94616
94617
94618
94619
94621
94639
94661
94672
94673
94674
94675
94679
94680
94681
94682
94683
94685
94703
94927
94949
94960
94961
94962
94963
94967
94968
94969
94970
94971
94973
96009
96012
96013
96014
96015
96033
96036
96037
96038
96039
96043
96048
96049
96050
96052
96053
96054
96055
96059
96127
96128
96129
96130
96131
96132
96134
96135
96136
96138
96139
96147
96153
96156
96157
96158
96159
96162
96163
96168
96169
96170
96172
96173
96174
96212
96213
96214
96496
96498
96499
96504
96505
96506
96508
96509
96510
96837
96848
96849
96850
96851
96852
96854
96855
96856
96858
96859
96879
97028
97029
97030
97040
97041
97042
97043
97047
97048
97049
97050
97051
97052
97053
97054
97068
97070
97071
97103
97125
97136
97137
97138
97139
97143
97144
97145
97146
97147
97149
97166
97167
97188
97189
97200
97201
97202
97203
97204
97206
97207
97208
97209
97210
97211
97213
241893
241904
241906
241907
241912
241913
241914
241916
241917
241918
242256
242257
242258
242260
242262
242263
242264
242266
242267
242436
242437
242438
242448
242450
242451
242456
242457
242458
242460
242461
242462
242476
242478
242479
242544
242546
242547
242552
242553
242554
242556
242557
242558
242572
242574
242575
242596
242597
242598
242608
242609
242610
242612
242614
242615
242616
242618
242619
243780
243781
243782
243792
243793
243794
243795
243798
243799
243800
243801
243802
243803
243805
243822
243823
243980
243982
243983
244004
244005
244006
244016
244017
244018
244019
244020
244022
244023
244024
244026
244027
244029
244100
244101
244102
244112
244114
244115
244120
244121
244122
244124
244125
244126
244140
244142
244143
244176
244177
244178
244180
244182
244183
244184
244186
244187
244431
244453
244464
244465
244466
244467
244471
244472
244473
244474
244475
244476
244477
244478
244997
245008
245009
245010
245011
245012
245014
245015
245016
245018
245019
245039
245059
245065
245068
245069
245070
245071
245087
245088
245089
245090
245092
245093
245094
245095
245096
245098
245099
245105
245108
245109
245110
245170
245171
245176
245177
245178
245180
245181
245182
245183
311297
311320
311372
311391
311399
311602
311607
311683
311688
311689
311690
311708
311710
311721
312037
312053
312515
312519
312520
312522
312540
312541
312542
312556
312557
312819
312824
312825
312826
312844
312846
312863
312864
312865
312866
312870
312871
312875
312946
312951
312952
312954
312975
312993
312996
312997
312998
313013
314175
314257
314260
314262
314267
314320
314321
314326
314331
316163
316168
316169
316170
316172
316173
316188
316189
316190
316191
316195
316199
316200
316201
316202
316205
316239
316257
316260
316261
316262
316272
316273
316276
316277
316278
316283
316336
316337
316338
316340
316342
316343
316346
316347
317379
317384
317385
317388
317389
317390
317391
317407
317408
317409
317410
317411
317412
317414
317415
317416
317417
317418
317419
317429
317491
317496
317497
317498
317500
317501
317502
317568
317569
317570
317572
317573
317574
317575
317579
317584
317585
317586
317587
317590
317591
317592
317593
317594
317595
317612
317614
317615
317649
317652
317653
317654
317659
317900
317901
317902
317919
317920
317921
317922
317923
317924
317926
317927
317928
317930
317931
318003
318007
318008
318009
318010
318012
318013
318014
318079
318080
318081
318082
318083
318084
318085
318086
318087
318088
318090
318091
318098
318099
318103
318104
318105
318106
318108
318109
318124
318125
318126
318127
318165
322812
322813
322814
323137
323140
323141
323142
323152
323153
323154
323158
323159
323160
323162
323163
323183
323345
323348
323349
323350
323392
323393
323394
323398
323399
323402
323403
323411
323416
323417
323418
323421
323436
323437
323438
323519
