1772
1773
1774
1775
1776
1777
1778
2757
2772
3876
3877
3878
3879
3880
3881
4850
4885
4887
6037
6039
6040
6041
6042
6043
6044
6951
8113
8114
8115
8116
8117
8118
8119
8972
8978
8984
8985
8996
10257
10258
10260
10261
10262
10263
10264
10265
24724
24729
25202
25223
25235
25241
25245
25299
25300
25303
25305
25306
25310
25327
25328
25329
25343
25344
25345
25383
25666
25668
25673
25674
25676
26006
26007
26008
26021
26027
26031
26049
26209
26211
26232
26238
26242
26260
26262
26266
26269
27750
27752
27753
27835
27838
27839
27840
27882
27883
27886
27887
27888
27889
27893
27901
27906
27907
27908
27910
27911
27912
27926
27927
27928
27929
28202
28203
28204
28206
28207
28208
28209
28212
28213
28221
28226
28227
28228
28230
28231
28232
28237
28243
28246
28247
28248
28249
28281
28303
28314
28315
28316
28317
28318
28320
28321
28322
28323
28324
28325
28345
28367
28378
28379
28380
28382
28384
28385
28386
28388
28389
28539
28542
28543
28544
29674
29676
29677
29681
29682
29683
29684
29687
29705
29706
29708
29709
29713
29714
29715
29716
29719
31034
31035
31036
31038
31040
31041
31042
31044
31045
31094
31095
31096
31097
31114
31115
31116
31118
31120
31121
31125
31134
31135
31136
31197
31203
31206
31207
31208
31855
31866
31867
31868
31873
31874
31876
31877
31897
32025
32027
32028
32046
32049
32050
32051
32056
32065
32066
32067
32140
32141
32143
32144
32148
32149
32151
32171
32172
32176
32181
32182
32183
32186
32400
32405
32406
32409
32410
39238
39259
39260
39271
39272
39273
39274
39275
39277
39278
39279
39280
39281
39282
39283
39284
39285
39607
39608
39609
39611
39612
39613
39614
39615
39617
39618
39623
39624
39625
39626
39627
39629
39630
39631
39632
39633
39634
39635
39636
39637
39642
39648
39651
39652
39653
39654
39803
39804
39815
39816
39817
39818
39819
39820
39821
39822
39823
39824
39825
39826
39846
39863
39864
39865
39866
39870
39871
39872
39873
39874
39875
39876
39877
39878
39891
39893
39894
39895
39896
39897
39898
39899
39900
39901
39902
39903
39904
39905
39906
39907
39908
39909
39912
39915
39916
39917
39918
39922
39975
39977
39978
39983
39984
39985
39987
39988
39989
39990
40953
40954
40955
40956
40957
40958
40959
40960
40961
40962
40963
40964
40965
40967
40970
40971
40972
40973
40977
40978
40979
40980
40981
40982
40983
40984
40985
40986
40988
40989
40993
40994
40995
40996
40997
40998
40999
41000
41001
41030
41032
41033
41051
41054
41055
41056
41061
41066
41067
41068
41069
41070
41071
41072
41073
41074
41075
41076
41077
41078
41079
41080
41085
41091
41094
41095
41096
41097
41114
41115
41116
41118
41119
41120
41121
41124
41125
41130
41131
41132
41133
41134
41135
41136
41137
41138
41139
41140
41141
41142
41143
41144
41273
41359
41402
41403
41404
41405
41409
41410
41411
41412
41413
41414
41415
41416
41417
41430
41432
41433
41434
41435
41436
41437
41438
41439
41440
41441
41442
41443
41444
41445
41446
41447
41448
41451
41454
41455
41456
41457
41461
41514
41516
41517
41522
41523
41524
41526
41527
41528
41529
41598
41599
41600
41610
41611
41612
41613
41614
41615
41616
41617
41618
41619
41620
41621
41623
41641
41658
41659
41660
41662
41663
41664
41665
41666
41668
41669
41674
41675
41676
41677
41678
41680
41681
41682
41683
41684
41685
41686
41687
41688
41689
41693
41698
41699
41700
41702
41703
41704
41705
42303
42314
42315
42316
42318
42319
42320
42321
42322
42324
42325
42345
46845
46851
46854
46855
46856
46857
46874
46875
46876
46878
46879
46880
46881
46884
46885
46890
46891
46892
46893
46894
46895
46896
46897
46898
46899
46900
46901
46966
46968
46969
46970
46971
46972
46973
46974
46975
46976
46977
46978
46979
46980
46981
46982
46983
46989
46994
46995
46996
46998
46999
47000
47001
47002
47003
47004
47005
47009
47010
47011
47012
47013
47014
47015
47016
47017
47054
47055
47056
52282
52283
52284
52286
52287
52288
52289
52292
52293
52298
52299
52300
52301
52305
52306
52307
52308
52309
52310
52311
52312
52317
52323
52326
52327
52328
52329
52486
52488
52489
52507
52510
52511
52512
52513
52517
52522
52523
52524
52525
52526
52527
52528
52529
52530
52531
52532
52533
52598
52600
52601
52602
52603
52604
52605
52606
52607
52608
52609
52610
52611
52612
52613
52615
52620
52621
52626
52627
52628
52630
52631
52632
52633
52634
52636
52637
52641
52642
52643
52644
52646
52647
52648
52649
52683
52686
52687
52688
52693
52937
52958
52959
52970
52971
52972
52973
52974
52976
52977
52978
52979
52980
52981
52982
52983
52984
55562
55563
55564
55566
55567
55568
55569
55572
55573
55610
55611
55612
55613
55617
55618
55619
55620
55621
55622
55623
55624
55638
55640
55641
55642
55643
55644
55645
55646
55648
55649
55650
55651
55652
55653
55654
55655
55663
55725
55731
55734
55735
55736
55737
56339
56340
56345
56346
56347
56349
56350
56351
56352
56422
56433
56434
56435
56436
56437
56438
56439
56440
56441
56442
56443
56444
56464
56485
56486
56487
56497
56498
56499
56500
56501
56503
56504
56505
56506
56507
56508
56510
56528
56797
56799
56800
56801
56802
56803
56804
56808
56809
56810
56811
56812
56814
56829
56831
56832
56833
56834
56835
56836
56840
56841
56842
56843
56844
56845
56846
56847
56913
56915
56916
56920
56921
56922
56923
56925
56926
56927
56932
56938
56941
56942
56943
56944
56961
56962
56963
56965
56966
56967
56968
56972
56978
56981
56982
56983
56984
56988
58175
58180
58181
58182
58184
58185
58186
58187
58203
58204
58205
58206
58208
58209
58210
58211
58212
58214
58215
58221
58224
58225
58226
58231
135651
135652
135653
135654
135655
135656
