2049
2050
2054
2058
2059
2060
2061
4144
4151
4152
4153
4155
4156
4158
6258
6259
6260
6261
6262
6265
8327
8328
8329
8330
8331
8332
8333
9719
9928
9929
9930
9931
9932
9933
9934
73180
73234
73486
73488
73509
73513
73519
73605
73690
73737
73739
73758
74819
74825
74829
74848
74850
74855
74856
74858
74859
74940
74941
74942
74956
74957
74958
74976
74977
74978
74982
74983
74987
74997
75324
75326
75665
75668
75670
75675
75845
75858
75864
75866
75887
75919
75940
75942
75956
75957
76019
76025
80204
80206
80207
80225
80228
80229
80230
80235
80241
80244
80245
80246
80251
80316
80318
80319
80320
80321
80322
80323
80327
80328
80329
80330
80331
80333
80348
80350
80351
80352
80354
80355
80359
80360
80361
80362
80364
80365
80655
80676
80677
80678
80688
80689
80690
80692
80693
80694
80695
80696
80698
80699
80741
80752
80753
80754
80755
80759
80760
80761
80762
80763
80765
80832
80833
80834
80836
80837
80838
80839
80843
80850
80851
80856
80857
80858
80860
80861
80862
80876
80877
80878
80879
80913
80916
80917
80918
82224
82226
82227
82231
82232
82233
82234
82237
83588
83589
83590
83600
83602
83603
83607
83608
83609
83610
83613
83630
83631
84305
84308
84309
84310
84315
84355
84360
84361
84362
84364
84365
84383
84384
84386
84387
84391
84392
84393
84394
84395
84476
84478
84479
84595
84601
84604
84605
84606
84677
84688
84689
84690
84695
84696
84698
84699
84752
84753
84754
84759
84763
85004
85005
85006
85024
85025
85026
85028
85030
85031
85035
85045
100319
100340
100341
100342
100352
100353
100354
100355
100356
100357
100358
100359
100360
100361
100362
100363
100364
100365
100366
100431
100432
100433
100434
100435
100436
100437
100438
100439
100440
100441
100442
100443
100448
100449
100450
100451
100455
100456
100457
100458
100459
100460
100461
100462
100463
100467
100472
100473
100474
100476
100477
100478
100479
100512
100513
100514
100516
100517
100518
100519
100522
100523
100767
100788
100789
100800
100801
100802
100803
100804
100806
100807
100808
100809
100810
100811
100812
100813
100814
100815
100819
100825
100828
100829
100830
100831
100847
100848
100849
100850
100852
100853
100854
100855
100856
100858
100859
100864
100865
100866
100867
100868
100869
100870
100871
100872
100874
100875
100931
100937
100940
100941
100942
100943
100944
100945
100946
100947
100948
100949
100950
100951
100952
100953
100954
100955
100956
100957
100958
100963
100968
100969
100970
100972
100973
100974
100975
100976
100977
100978
100979
100980
100982
100983
100984
100985
100986
100987
100988
100989
100990
100991
100997
101028
101029
101030
102048
102049
102050
102051
102055
102056
102057
102058
102059
102060
102061
102062
102063
102113
102116
102117
102118
102128
102129
102130
102131
102132
102133
102134
102135
102136
102137
102138
102139
102141
102156
102158
102159
102176
102177
102178
102180
102181
102182
102183
102184
102186
102187
102192
102193
102194
102195
102196
102197
102198
102199
102200
102203
102209
102212
102213
102214
102215
102419
102420
102421
102422
102426
102427
102428
102429
102430
102431
102432
102433
102434
102447
102449
102450
102451
102452
102453
102454
102455
102456
102457
102458
102459
102460
102461
102462
102463
102464
102467
102468
102469
102471
102472
102473
102474
102478
102743
102744
102745
102755
102756
102757
102758
102759
102760
102761
102762
102763
102764
102765
102766
102786
102803
102804
102805
102806
102807
102809
102810
102811
102812
102813
102814
102815
102816
102817
102818
102828
102831
102832
102833
102834
102835
102836
102837
102838
102839
102840
102841
102842
102843
102844
102845
102846
102847
102848
102849
102852
102855
102856
102857
102862
102917
102918
102923
102924
102925
102927
102928
102929
102930
103016
103059
103060
103061
103063
103064
103065
103066
103067
103069
103070
103075
103076
103077
103078
103079
103081
103082
103083
103084
103085
103086
103087
103088
103089
103090
103094
103100
103103
103104
103105
103106
103186
108319
108320
108321
108322
108339
108340
108341
108343
108344
108345
108346
108350
108355
108356
108357
108358
108359
108360
108361
108362
108363
108364
108365
108366
113763
113764
113767
113768
113769
113770
113774
113811
113812
113813
113814
113815
113816
113817
113818
113819
113820
113821
113822
113823
113824
113825
113830
113835
113836
113837
113839
113840
113841
113842
113843
113844
113845
113846
113850
113851
113852
113853
113854
113855
113856
113857
113858
113935
113937
113938
116583
116584
116585
116627
116628
116629
116630
116631
116632
116633
116634
116635
116636
116637
116638
116643
116645
116646
116650
116651
116652
116653
116655
116656
116657
116658
116662
116667
116668
116669
116671
116672
116673
116674
116754
116831
116833
116834
116852
116855
116856
116857
116862
116867
116868
116869
116870
116871
116872
116873
116874
116875
116876
116877
116878
116945
116946
116947
116948
116949
116950
116951
116952
116953
116954
116955
116956
116957
116958
116960
116966
116971
116972
116973
116975
116976
116977
116978
116979
116981
116982
116986
116987
116988
116989
116991
116992
116993
116994
117031
117032
117033
117282
117303
117304
117305
117315
117316
117317
117318
117319
117320
117321
117322
117323
117324
117325
117326
117328
117794
117815
117816
117817
117827
117828
117829
117830
117831
117832
117833
117834
117835
117836
117837
117838
118120
118163
118164
118165
118167
118168
118169
118170
118171
118173
118174
118182
118187
118188
118189
118191
118192
118193
118194
118198
118203
118204
118207
118208
118209
118210
118290
118375
118376
118377
118419
118420
118421
118422
118423
118425
118426
118427
118428
118429
118430
118438
118444
118447
118448
118449
118450
118454
118459
118460
118461
118463
118464
118465
118546
119394
119415
119416
119417
119427
119428
119429
119430
119431
119432
119433
119434
119435
119436
119437
119438
119506
119507
119508
119509
119510
119511
119512
119513
119514
119515
119516
119517
119518
119526
119531
119532
119533
119535
119536
119537
119538
119542
119547
119548
119549
119551
119552
119553
119554
119588
119591
119592
119593
