1594
1595
1596
1597
1599
1600
3698
3699
3700
3701
3702
3703
3704
4836
5391
5392
5393
5394
5395
5396
5397
7465
7466
7467
7468
7470
7471
8966
9560
9565
9566
9567
9569
9570
9572
24663
24704
24816
24845
24847
24858
24939
25029
25031
25038
25096
25102
25687
25713
25726
25728
25729
25817
25844
25850
25852
25855
25863
25894
25896
26370
26377
26379
26380
26608
26737
26739
26740
26746
26750
26773
26775
26776
26789
26791
26792
26796
26993
26996
27002
27005
27007
27029
27031
27042
27048
27049
27052
29758
29760
29761
29765
29850
29852
29853
29859
29862
29863
29864
29865
29878
29881
29903
29914
29916
29917
29922
29923
29924
29927
29928
30255
30269
30275
30278
30280
30281
30294
30296
30297
30379
30385
30386
30388
30389
30411
30412
30418
30420
30421
30423
30431
30432
30462
30463
30464
30586
30588
30594
30595
30596
30599
32734
32737
32739
32740
32744
32765
32766
32767
32768
32773
32774
32775
32776
32778
32786
33689
33691
33692
34034
34205
34206
34207
34208
34213
34214
34215
34217
34218
34219
34238
34241
34242
34243
34244
34248
34254
34257
34259
34260
34261
34263
34264
34349
34350
34351
34352
34357
34358
34359
34360
34362
34363
34401
34402
34403
34413
34415
34416
34422
34425
34426
34427
34428
34429
34432
34438
34441
34443
34444
34716
35058
35229
35231
35232
35238
35241
35242
35243
35244
35265
35266
35267
35268
35278
35281
35284
35285
35287
35288
35290
35373
35374
35375
35380
35381
35383
35384
35386
35425
35426
35427
35440
35449
35451
35452
35453
35456
35462
35465
35467
35468
47178
47179
47180
47182
47184
47185
47186
47187
47188
47189
47191
47402
47404
47405
47411
47414
47415
47416
47417
47502
47503
47504
47546
47547
47548
47549
47553
47554
47555
47556
47557
47558
47559
47560
47561
47579
47582
47583
47584
47585
47586
47588
47589
47595
47598
47599
47600
47601
47602
47604
47605
47670
47673
47759
47802
47804
47805
47810
47811
47812
47814
47815
47816
47817
47838
47839
47840
47841
47850
47851
47852
47853
47854
47856
47857
47858
47859
47860
47861
47862
47863
47864
49163
49166
49167
49168
49169
49173
49222
49224
49225
49247
49258
49259
49260
49261
49266
49267
49268
49270
49271
49272
49273
49286
49288
49289
49311
49322
49323
49324
49325
49330
49331
49332
49334
49335
49336
49337
49662
49663
49664
49674
49676
49677
49683
49684
49686
49687
49688
49689
49690
49692
49693
49699
49702
49704
49705
49786
49787
49788
49790
49792
49793
49794
49796
49797
49799
49818
49819
49820
49821
49822
49825
49826
49827
49828
49829
49831
49832
49838
49839
49840
49841
49867
49870
49871
49872
49873
49877
49983
49994
49995
49996
49997
50001
50002
50003
50004
50005
50006
50007
50008
50009
50025
50491
50492
50494
50496
50497
50498
50500
50501
50503
50522
50523
50524
50525
50529
50530
50531
50532
50533
50535
50542
50543
50544
59534
59537
59538
59539
59540
59541
59543
59544
59552
59558
59561
59563
59564
59565
59566
59567
59568
59573
59574
59575
59576
59577
59578
59579
59580
59586
59587
59662
59665
59666
59667
59668
59669
59671
59672
59677
59680
59686
59689
59691
59692
59693
59694
59695
59696
59701
59702
59703
59704
59705
59706
59707
59708
59714
59715
59741
59742
59743
59744
59745
59747
59748
59749
59750
59751
59752
59754
63372
65421
65423
65424
65430
65433
65434
65435
65436
65457
65458
65459
65460
65469
65470
65471
65472
65473
65476
65477
65478
65479
65480
65481
65482
65483
65484
65565
65566
65567
65569
65570
65571
65572
65573
65574
65575
65576
65578
65613
65614
65615
65616
65617
65618
65619
65620
65621
65622
65623
65624
65626
65632
65638
65641
65643
65644
65645
65646
65647
65648
65649
65651
65652
65653
65654
65655
65656
65657
65658
65659
65660
65665
65666
65667
65668
65672
65963
65964
65965
65967
65968
65969
65970
65971
65973
65974
65976
65979
65981
65982
65987
65988
65989
65991
65992
65993
65994
65995
65996
65997
65998
66002
66003
66004
66005
66006
66007
66008
66009
66010
66015
66016
66017
66160
66171
66172
66173
66174
66175
66176
66177
66178
66179
66180
66181
66182
66183
66184
66185
66202
66222
66228
66231
66233
66234
66236
66237
66243
66247
66248
66249
66250
66268
66271
66272
66273
66274
66278
66283
66284
66285
66286
66287
66289
66290
66291
66292
66293
66294
66295
66296
66297
66298
67255
67257
67258
67264
67267
67268
67269
67270
67291
67292
67293
67303
67304
67305
67306
67310
67311
67312
67313
67314
67315
67316
67317
67318
68680
68683
68684
68685
68686
68687
68689
68690
68692
69367
69368
69369
69370
69371
69372
69373
69374
69375
69376
69377
69378
69379
69380
69381
69395
69398
69399
69400
69401
69402
69403
69405
69406
69407
69408
69409
69410
69411
69412
69413
69414
69416
69419
69420
69421
69422
69426
69499
69500
69501
69502
69511
69512
69513
69514
69519
69520
69521
69522
69523
69524
69525
69526
69527
69529
69530
69535
69536
69537
69539
69540
69541
69542
69548
69564
69575
69576
69577
69578
69579
69581
69582
69583
69584
69585
69586
69587
69588
69589
69590
69594
69603
69605
69606
69900
69943
69944
69945
69946
69947
69950
69951
69952
69953
69954
69955
69956
69957
69958
69975
69976
69977
69979
69980
69981
69982
69983
69985
69986
69988
69991
69992
69993
69995
69996
69997
69998
69999
70000
70001
70002
70004
70058
70067
70069
70070
70155
70156
70157
70158
70199
70200
70201
70202
70207
70208
70209
70210
70211
70212
70213
70214
70232
70235
70236
70237
70238
70242
70247
70248
70249
70250
70251
70253
70254
70255
70256
70257
70258
70259
70260
70261
70278
70311
70313
70314
70320
70323
70324
70325
70326
