330
340
341
343
344
345
346
347
2109
2116
2449
2450
2451
2452
2453
2454
2455
2456
4207
4209
4214
4245
4520
4521
4522
4523
4524
4535
4537
4538
6301
6302
6307
6324
6601
6602
6603
6604
6605
6614
6615
6616
8364
8367
8376
8660
8665
8666
8667
8671
8676
8677
8678
10452
10493
10494
10509
10564
10566
10570
10575
10590
10600
10601
10604
10605
10606
10611
10683
10687
10688
10689
10690
10756
10757
10758
10763
10767
10768
10769
10770
10785
10788
10789
10801
10804
10805
10924
10925
10926
10942
10947
10951
10952
10954
10982
10983
10984
10986
10987
10992
11060
11125
11126
11129
11130
11141
11142
11143
11145
11146
11147
11152
11172
11194
11205
11206
11209
11210
11211
11216
11447
11448
11452
11453
11454
11455
11464
11468
11469
11470
11471
11473
11474
11486
11489
11490
11491
11569
11570
11571
11572
11636
11637
11638
11639
11641
11642
11643
11648
11653
11654
11655
11656
11657
11659
11660
11661
11663
11664
11683
11684
12080
12081
12082
12083
12098
12099
12100
12101
12102
12103
12104
12105
12106
12107
12110
12111
12372
12373
12374
12375
12376
12377
12378
12379
12380
12381
12382
12383
12400
12401
12402
12403
12419
12420
12421
12422
12423
12424
12425
12426
12427
12430
12431
12437
12440
12441
12467
12484
12485
12488
12489
12490
12500
12501
12502
12504
12505
12506
12511
12531
12548
12549
12550
12552
12553
12554
12559
12564
12565
12566
12568
12569
12570
12575
13352
13353
13354
13355
13356
13358
13359
13360
13361
13362
13363
13419
13423
13424
13425
13426
13428
13429
13430
13435
13440
13441
13444
13445
13446
13460
13461
13462
13463
13466
13467
13471
13472
13473
13474
13477
13729
13730
13731
13733
13735
13736
13740
13747
13748
13752
13753
13754
13755
13775
13776
14036
14041
14042
14045
14046
14047
14048
14304
14305
14306
14307
14309
14310
14311
14312
14316
14321
14322
14323
14324
14325
14326
14327
14328
14329
14331
14332
14351
14352
14369
14370
14371
14372
14373
14374
14375
14376
14377
14378
14379
14380
14385
14386
14387
14388
14389
14390
14391
14392
14393
14394
14395
14396
14398
14413
14414
14415
14416
14493
14494
14495
14496
14581
14582
14625
14626
14627
14629
14630
14631
14636
14641
14642
14643
14645
14646
14647
14652
14672
15585
15587
15588
15591
15592
15593
15594
15595
15596
15597
15598
15599
15604
15608
15609
15610
15611
15613
15614
15615
15616
15619
15620
15624
15625
15626
15627
15628
15629
15630
15631
15632
15652
15656
15657
15658
15659
15661
15662
15663
15664
15673
15674
15677
15678
15679
15680
15681
15682
15683
15684
15685
15686
15687
15688
15689
15690
15691
15692
15693
15694
15695
15702
15761
15762
15763
15764
15765
15766
15767
15768
15769
15770
15771
15772
15773
15774
15775
16084
16088
16089
16090
16091
16093
16094
16095
16096
16351
16352
16353
16354
16355
16356
16357
16358
16359
16360
16361
16363
16364
16369
16370
16371
16372
16373
16374
16375
16376
16377
16378
16379
16380
16397
16398
16399
16400
16417
16418
16419
16420
16421
16422
16423
16424
16425
16426
16427
16428
16430
16433
16434
16435
16436
16437
16438
16439
16440
16441
16442
16443
16444
16445
16446
16447
16452
16457
16458
16461
16462
16463
16464
16541
16542
16543
16544
16630
16673
16674
16677
16678
16679
16689
16690
16691
16693
16694
16695
16700
16720
18315
18332
18333
18336
18337
18338
18348
18349
18350
18351
18352
18353
18354
18355
18356
18357
18358
18359
18360
18361
18362
18412
18413
18414
18415
18416
18417
18418
18419
18420
18421
18422
18423
18424
18425
18426
18427
18430
18431
18435
18436
18437
18438
18440
18441
18442
18443
18447
18451
18452
18453
18454
18456
18457
18458
18459
18460
18461
18462
18463
18464
18465
18466
18467
18468
18469
18470
18471
18472
18473
18474
18481
18834
18835
18836
18837
18838
18839
18840
18841
18842
18843
18844
18845
18846
18855
18857
18858
18859
18860
18861
18862
18863
18864
18865
18866
18867
18880
19045
19088
19089
19090
19091
19092
19093
19094
19095
19096
19097
19098
19099
19100
19101
19102
19104
19105
19106
19107
19108
19110
19111
19112
19113
19114
19115
19116
19117
19118
19119
19120
19122
19123
19126
19127
19128
19129
19130
19131
19132
19133
19134
19135
19203
19207
19208
19209
19210
19212
19213
19214
19215
19276
19277
19278
19279
19280
19281
19282
19283
19284
19285
19286
19287
19288
19289
19290
19291
19292
19293
19296
19297
19298
19299
19300
19301
19302
19303
19304
19305
19306
19307
19308
19309
19310
19315
19320
19321
19322
19324
19325
19326
19327
19344
19345
19348
19349
19350
19355
19360
19361
19362
19364
19365
19366
19371
19391
22531
22532
22535
22536
22537
22538
22551
22552
22553
22554
22555
22556
22557
22558
22559
22560
22561
22562
22563
22564
22565
22566
22571
22572
22573
22575
22576
22577
22582
22794
22811
22812
22815
22816
22817
22822
22827
22828
22829
22830
22831
22832
22833
22834
22835
22836
22837
22838
22840
22855
22856
22857
22858
22871
22872
22873
22874
22875
22876
22877
22878
22879
22880
22881
22882
22883
22884
22885
22886
22891
22892
22893
22895
22896
22897
22902
22921
22922
22938
22939
22940
22941
22943
22944
22945
22946
22950
22955
22956
22957
22958
22959
22960
22961
22962
22963
22964
22965
22966
22983
22985
22986
23002
23003
23004
23005
23007
23008
23009
23010
23013
23014
23019
23020
23021
23022
23023
23024
23025
23026
23027
23029
23030
24388
24390
24391
24394
24395
24396
24397
24398
24399
24400
24401
24402
24407
24411
24412
24413
24414
24416
24417
24418
24423
24427
24428
24429
24430
24432
24433
24434
24455
24460
24461
24464
24465
24466
24467
24480
24481
24482
24483
24484
24485
24486
24487
24490
24491
24492
24493
24494
24495
24497
24566
24567
24571
24572
24573
24574
24576
24577
24578
