1670
1671
1673
1677
1682
1683
1684
3776
3777
3778
3780
3781
3787
4840
5934
5935
5936
5941
5947
5948
8011
8014
8016
8017
8018
8023
10157
10160
10161
10162
10163
10164
24678
24679
24762
24764
24891
24902
24908
24912
24997
24999
25005
25007
25490
25492
25493
25499
25500
25503
25523
25529
25533
25543
25889
25911
25923
25933
25989
25995
26086
26088
26134
26136
26158
26160
26161
26174
26176
26609
26611
26617
26619
26622
26641
26642
26643
26648
26649
26651
26652
26662
28799
28970
28972
28973
28978
28979
28980
28982
28983
28984
29003
29004
29006
29008
29009
29010
29012
29013
29022
29023
29024
29102
29103
29104
29105
29117
29123
29126
29128
29129
29133
29139
29142
29143
29144
29145
29179
29182
29184
29185
29189
29481
30557
30563
30566
30568
30654
30656
30699
30702
30704
30705
30709
30729
30733
30739
30742
30743
30744
30966
30968
30969
30990
30991
30992
31003
31006
31008
31009
31010
31013
31343
31354
31356
31357
31362
31363
31364
31367
31385
31546
31547
31548
31549
31554
31555
31556
31557
31559
31642
31644
31645
31651
31652
31654
31655
31656
31670
31672
31673
31695
31706
31707
31708
31713
31714
31716
31717
33522
33693
33694
33695
33696
33700
33701
33702
33703
33704
33706
33725
33726
33727
33732
33733
33734
33735
33736
33738
33745
33746
33747
33822
33825
33826
33827
33828
33829
33831
33832
33849
33851
33852
33853
33855
33856
33861
33862
33863
33865
33866
33867
33902
33905
33906
33907
33908
33912
34204
43342
43343
43344
44026
44027
44028
44029
44030
44032
44033
44034
44035
44036
44037
44038
44039
44040
44041
44054
44056
44057
44058
44059
44060
44061
44062
44063
44064
44065
44066
44067
44068
44069
44070
44071
44072
44075
44078
44079
44080
44081
44085
44154
44155
44156
44157
44158
44159
44160
44161
44162
44163
44164
44165
44167
44170
44172
44173
44179
44182
44183
44184
44185
44186
44187
44188
44189
44193
44194
44195
44196
44197
44198
44199
44200
44201
44207
44234
44235
44236
44238
44239
44240
44241
44242
44244
44245
44542
44543
44544
44554
44555
44556
44557
44561
44562
44563
44564
44565
44566
44567
44568
44569
44573
44579
44582
44584
44585
44617
44639
44650
44651
44652
44653
44658
44659
44660
44662
44663
44664
44665
44666
44668
44669
44674
44675
44676
44678
44679
44680
44681
44699
44702
44703
44704
44705
44709
44714
44715
44716
44717
44718
44719
44720
44721
44722
44723
44724
44725
44727
44862
44863
44864
44874
44875
44876
44877
44878
44880
44881
44882
44883
44884
44885
44886
44887
44888
44902
44904
44905
46070
46072
46073
50365
50371
50374
50376
50377
50398
50399
50400
50410
50411
50412
50413
50414
50416
50417
50418
50419
50420
50421
50423
50751
50762
50763
50764
50765
50769
50770
50771
50772
50773
50775
50776
50793
50943
50954
50955
50956
50957
50962
50963
50964
50965
50966
50967
50968
50982
50984
50985
51050
51052
51053
51059
51062
51063
51064
51065
51069
51075
51078
51079
51080
51081
51102
51103
51104
51105
51114
51115
51116
51118
51120
51121
51122
51124
51125
51977
52010
52012
52013
52018
52019
52020
52022
52023
52024
52025
52107
52108
52110
52111
52112
52113
52114
52116
52117
52155
52158
52159
52160
52161
52162
52165
52173
52179
52182
52183
52184
52185
52186
52188
52189
52194
52195
52196
52198
52199
52200
52201
53518
53519
53520
53562
53563
53564
53565
53569
53570
53571
53572
53573
53574
53575
53576
53594
53595
53596
53597
53598
53600
53601
53602
53603
53604
53605
53607
53611
53614
53615
53616
53617
53621
53686
53688
53689
54287
54330
54331
54332
54333
54337
54338
54339
54340
54341
54342
54343
54344
54361
54362
54363
54364
54365
54366
54368
54369
54370
54371
54372
54373
54375
54379
54382
54383
54384
54385
54389
54454
54456
54457
54717
54723
54726
54727
54728
54729
54747
54750
54751
54752
54753
54757
54762
54763
54764
54765
54766
54768
54769
54770
54771
54772
54773
54775
54793
54815
54826
54827
54828
54829
54834
54835
54836
54837
54838
54839
54840
54841
54922
54923
54924
54926
54927
54928
54929
54930
54932
54933
54970
54971
54972
54974
54975
54976
54977
54978
54980
54981
54989
54995
54998
54999
55000
55001
55002
55004
55005
55010
55011
55012
55014
55015
55016
55017
55023
62689
62690
62691
62692
62696
63373
63374
63375
63376
63377
63379
63380
63381
63382
63383
63384
63385
63386
63387
63388
63404
63405
63406
63407
63408
63409
63410
63411
63412
63413
63414
63415
63416
63418
63419
63421
63422
63423
63425
63426
63427
63428
63429
63431
63432
63501
63502
63503
63505
63506
63507
63508
63509
63511
63512
63514
63517
63519
63520
63525
63526
63527
63529
63530
63531
63532
63533
63534
63535
63536
63540
63541
63542
63543
63544
63545
63546
63547
63548
63554
63570
63581
63582
63583
63584
63585
63586
63587
63588
63589
63590
63591
63592
63594
63612
63886
63889
63890
63891
63892
63896
63901
63902
63903
63904
63905
63907
63908
63909
63910
63911
63912
63913
63914
63915
63916
63920
63926
63929
63930
63931
63932
63961
63963
63964
63986
63987
63997
63998
63999
64000
64004
64005
64006
64007
64008
64009
64010
64011
64012
64013
64015
64016
64021
64022
64023
64025
64026
64027
64028
64046
64049
64050
64051
64052
64053
64055
64056
64061
64062
64063
64064
64065
64066
64067
64068
64069
64070
64071
64072
64073
64074
64075
64209
64210
64211
64212
64221
64222
64223
64224
64225
64226
64227
64228
64229
64230
64231
64232
64233
64234
64235
64236
64240
64246
64249
64250
64251
64252
65408
65414
65417
65418
65419
65420
135552
135553
135554
135555
135556
135557
135558
