1395
1396
1397
1398
1400
1401
1402
3502
3503
3504
3505
3506
3509
3516
5541
5644
5648
5649
5650
5651
5657
5658
7717
7718
7719
7721
7722
7724
7732
9831
9832
9833
9834
9835
9838
9848
73170
73172
73246
73338
73340
73407
73426
73427
73428
73445
73453
73781
73782
73792
74111
74197
74244
74245
74246
74256
74258
74263
74267
74287
74511
74529
74532
74533
74534
74548
74549
74608
74610
74615
74618
74619
74684
74685
74686
74691
74696
74697
74716
74717
74718
74723
74728
74729
76032
76033
76034
76043
76051
76056
76057
76058
76078
77375
77701
77712
77713
77714
77716
77717
77718
77723
77892
77893
77904
77905
77906
77908
77909
77910
77911
77915
77935
77952
77954
77955
77959
77960
77961
77962
77971
77976
77977
77980
77981
77982
77987
77992
77993
77996
77997
77998
78076
78078
78079
78972
78973
78974
78975
79039
79040
79041
79042
79044
79045
79046
79051
79056
79057
79058
79059
79060
79061
79062
79063
79064
79065
79066
79067
79086
79087
79109
79120
79121
79122
79124
79125
79126
79131
79362
79363
79367
79368
79369
79370
79372
79373
79385
79388
79389
79390
79391
79395
79399
79400
79401
79402
79404
79405
79406
79664
79666
79667
79671
79672
79673
79674
79675
79692
79693
79694
79695
79711
79712
79713
79714
79716
79717
79718
79719
79723
79733
79792
79793
79794
79795
79796
79798
79799
79800
79801
79802
79803
79822
79823
79839
79840
79841
79842
79844
79845
79846
79851
79857
79860
79861
79862
85056
85058
85059
85063
85064
85065
85066
85067
85075
85080
85081
85084
85085
85100
85101
85102
85132
85134
85135
85151
85152
85153
85154
85156
85158
85159
85163
85235
85239
85240
85241
85242
90416
90418
90419
90423
90424
90425
90426
90427
90428
90429
90430
91541
91712
91713
91716
91717
91718
91723
91728
91729
91730
91731
91732
91733
91734
91735
91738
91739
91759
91776
91777
91778
91779
91780
91781
91782
91783
91784
91785
91786
91787
91789
91792
91794
91795
91799
91800
91801
91802
91803
91804
91805
91806
91811
91816
91817
91818
91820
91821
91822
91823
91900
91901
91902
91903
92500
92501
92544
92545
92546
92548
92549
92550
92555
92560
92561
92562
92563
92564
92565
92566
92567
92568
92569
92570
92571
92590
92591
92671
92736
92737
92738
92739
92740
92741
92742
92743
92744
92745
92746
92747
92748
92749
92750
92752
92754
92755
92759
92760
92761
92762
92763
92764
92765
92766
92767
92771
92775
92776
92777
92778
92780
92781
92782
92783
92803
92808
92809
92810
92812
92813
92814
92815
92828
92829
92830
92831
92832
92833
92834
92835
92836
92837
92838
92839
92840
92841
92842
92843
92845
92849
92852
92853
92854
92912
92913
92914
92915
92916
92918
92919
92920
92921
92922
92923
92924
92925
92926
93241
93244
93245
93246
93247
95837
95840
95841
95842
95843
95858
95859
95860
95861
95862
95863
95864
95865
95866
95867
95868
95869
95870
95871
95876
95877
95878
95879
95880
95881
95882
95883
95884
95885
95886
95887
95937
95938
95939
95940
95941
95942
95943
95946
95948
95949
95953
95954
95955
95956
95957
95958
95959
95960
95961
95965
95971
95974
95975
95976
95977
95978
95979
95980
95981
95982
95983
95984
95985
95986
95987
95988
95989
95990
95991
95992
95994
95995
95996
95998
95999
96000
96005
96053
96054
96055
96056
96057
96059
96060
96061
96062
96063
96064
96065
96066
96067
96068
96990
96991
97008
97009
97010
97012
97013
97014
97019
97024
97025
97026
97027
97028
97029
97030
97031
97032
97033
97034
97035
97036
97037
97038
97091
97095
97096
97097
97098
97100
97101
97102
97103
97104
97105
97106
97107
97108
97109
97110
97111
97112
97113
97114
97115
97116
97117
97118
97119
97122
97123
97127
97128
97129
97130
97132
97133
97134
97135
97136
97137
97138
97139
97140
97141
97142
97143
97144
97145
97146
97147
97148
97149
97150
97151
98204
98205
98206
98207
98223
98224
98225
98226
98228
98229
98230
98231
98234
98235
98240
98241
98242
98243
98244
98245
98246
98247
98248
98250
98251
98271
98288
98289
98290
98292
98293
98294
98299
98304
98305
98306
98307
98308
98309
98310
98311
98312
98313
98314
98315
98368
98370
98371
98375
98376
98377
98378
98379
98380
98381
98382
98383
98384
98386
98387
98391
98392
98393
98394
98395
98396
98397
98398
98399
98403
98408
98409
98412
98413
98414
98415
98416
98417
98418
98419
98420
98421
98422
98423
98424
98425
98426
98427
98428
98429
98430
98437
98572
98573
98574
98575
98640
98641
98644
98645
98646
98651
98656
98657
98658
98660
98661
98662
98663
98666
98667
98687
98704
98705
98706
98707
98708
98709
98710
98711
98712
98713
98714
98715
98720
98721
98722
98723
98724
98725
98726
98727
98728
98729
98730
98731
98732
98733
98734
98745
98748
98749
98750
98751
98830
98831
98901
98912
98913
98914
98916
98917
98918
98923
98960
98961
98962
98963
98964
98965
98966
98967
98968
98969
98970
98971
98973
98976
98977
98978
98979
98980
98981
98982
98983
98984
98985
98986
98987
98988
98989
98990
98995
99000
99001
99002
99004
99005
99006
99007
119638
119643
119644
119645
119647
119648
119649
119650
119663
119664
119665
119666
119667
119668
119669
119670
119671
119672
119673
119674
119675
119676
119677
119678
119680
119688
119714
119732
119735
119736
119737
119742
119747
119748
119749
119750
119751
119752
119753
119754
119755
119757
119758
119778
119795
119796
119797
119799
119800
119801
119806
119811
119812
119813
119815
119816
119817
119818
119821
119822
119942
119946
119947
119948
119949
119951
119952
119953
120018
120019
120020
120021
120022
120023
120024
120025
120026
120027
120028
120029
120030
120035
120037
120038
120042
120043
120044
120045
120046
120047
120048
120063
120064
120065
120066
120103
120104
120342
120347
120348
120349
120351
120352
120353
120354
120367
120368
120369
120370
120371
120372
120373
120374
120375
120377
120378
120379
120380
120381
120382
120384
