1958
1959
1960
1961
1962
1963
1964
4055
4056
4057
4058
4059
4060
6164
6165
6166
6167
6168
6169
8233
8234
8235
8236
8237
8238
10314
10317
10318
10319
10320
10321
73195
73205
73255
73546
73548
73586
73588
73668
73672
73678
73682
73876
73878
75088
75090
75091
75096
75097
75098
75101
75187
75193
75197
75215
75237
75249
75250
75255
75256
75258
75259
75580
75582
75596
75598
75620
75622
75636
75638
75717
75731
75737
75741
75759
75793
75799
75803
76432
76434
76440
76442
81237
81280
81281
81282
81283
81288
81289
81290
81292
81293
81294
81312
81313
81314
81316
81318
81319
81320
81322
81323
81332
81333
81334
81407
81667
81673
81676
81677
81678
81697
81700
81702
81703
81707
81713
81716
81717
81718
81719
81723
81788
81790
81791
81876
81877
81878
81921
81924
81926
81927
81928
81930
81931
81948
81950
81951
81952
81954
81955
81960
81961
81962
81964
81965
81966
83215
83237
83248
83250
83256
83258
83312
83314
83315
83320
83321
83322
83325
83408
83409
83410
83415
83416
83418
83419
83461
83472
83474
83475
83480
83481
83482
83485
83503
83793
83796
83798
83799
83803
83852
83854
83855
83876
83877
83878
83889
83892
83894
83895
83899
83955
83961
83964
83965
83966
84100
84101
84102
84115
84121
84124
84125
84126
84127
84131
84137
84140
84142
84143
86613
86656
86657
86658
86659
86663
86664
86665
86666
86667
86669
86687
86688
86689
86690
86691
86695
86696
86697
86698
86699
86701
86709
86783
104356
104359
104360
104361
104362
104366
104531
104532
104533
104534
104535
104537
104538
104539
104540
104541
104542
104543
104544
104545
104546
104559
104561
104562
104563
104564
104565
104566
104567
104568
104569
104570
104571
104572
104573
104574
104575
104576
104577
104580
104583
104584
104585
104586
104590
104658
104659
104660
104661
104662
104663
104664
104665
104666
104667
104668
104669
104670
104672
104675
104678
104684
104687
104688
104689
104690
104691
104692
104693
104694
104695
104698
104699
104700
104701
104702
104703
104704
104705
104706
104711
104712
104713
104739
104740
104741
104743
104744
104745
104746
104747
104749
104750
105030
105036
105039
105040
105041
105042
106067
106069
106070
106075
106076
106077
106079
106080
106081
106082
106100
106103
106104
106105
106106
106110
106115
106116
106117
106118
106119
106120
106121
106122
106123
106124
106125
106126
106128
106196
106199
106200
106201
106202
106206
106211
106212
106213
106214
106218
106219
106220
106221
106222
106223
106224
106225
106226
106230
106236
106239
106240
106241
106242
106264
106275
106276
106277
106278
106279
106280
106281
106282
106283
106284
106285
106286
106288
106306
106530
106552
106563
106564
106565
106566
106570
106571
106572
106573
106574
106575
106576
106577
106578
106915
106916
106917
106919
106920
106921
106922
106923
106924
106925
106926
106928
107091
107092
107093
107095
107096
107097
107098
107099
107101
107102
107107
107109
107110
107115
107116
107117
107119
107120
107121
107122
107123
107125
107126
107131
107132
107133
107135
107136
107137
107138
107203
107205
107206
107211
107212
107213
107215
107216
107217
107218
107219
107220
107221
107222
107226
107227
107228
107229
107230
107231
107232
107233
107234
107250
107251
107252
107253
107254
107255
107256
107257
107258
107259
107260
107261
107262
107264
107267
107268
107269
107271
107272
107273
107274
107275
107277
107278
107304
112271
112273
112274
112359
112360
112361
112403
112404
112405
112406
112407
112409
112410
112411
112412
112413
112414
112416
112434
112435
112436
112437
112438
112442
112443
112444
112445
112446
112447
112448
112449
112456
112530
112616
112659
112661
112662
112667
112668
112669
112671
112672
112673
112691
112692
112693
112695
112697
112698
112699
112701
112702
112711
112712
112713
112714
113043
113044
113045
113047
113048
113049
113050
113051
113053
113054
113062
113068
113071
113072
113073
113074
113075
113077
113078
113083
113084
113085
113087
113088
113089
113090
113252
113255
113256
113257
113258
113262
113299
113301
113302
113307
113308
113309
113311
113312
113313
113314
113332
113335
113336
113337
113338
113342
113347
113348
113349
113351
113352
113353
113354
113355
113357
113358
113414
113420
113423
113424
113425
113426
114583
114584
114585
114595
114596
114597
114598
114602
114603
114604
114605
114606
114607
114608
114609
114623
114625
114626
114786
114808
114819
114820
114821
114822
114826
114827
114828
114829
114830
114831
114832
114833
114834
114915
114916
114917
114919
114920
114921
114922
114923
114925
114926
114928
114964
114967
114968
114969
114970
114974
114979
114981
114982
114987
114988
114989
114991
114992
114993
114994
114998
115004
115007
115008
115009
115010
115222
115228
115231
115232
115233
115234
115255
115256
115257
115258
115267
115268
115269
115270
115271
115273
115274
115275
115276
115277
115278
115280
115800
115811
115812
115813
115814
115815
115817
115818
115819
115820
115821
115822
115823
115824
115825
115839
115841
115842
115871
115873
115874
115895
115896
115897
115907
115908
115909
115910
115911
115913
115914
115915
115916
115917
115918
115919
115920
115921
115922
115935
115937
115938
115959
115960
115961
115971
115972
115973
115974
115975
115977
115978
115979
115980
115981
115982
115983
115984
115985
125863
125864
125865
126035
126036
126037
126038
126039
126040
126041
126042
126043
126044
126045
126046
126047
126048
126049
126050
126054
126060
126063
126064
126065
126066
126067
126068
126069
126070
126071
126072
126073
126074
126075
126076
126077
126078
126079
126080
126081
126082
126084
126087
126088
126089
126090
126094
126159
126161
126162
126163
126164
126165
126166
126167
126168
126169
126170
126171
126172
126173
126174
126175
126176
126177
126182
126188
126191
126192
126193
126194
126195
126196
126197
126198
126199
126200
126201
126202
126203
126204
126205
126206
126207
126208
126209
126210
126212
126215
126216
126217
126218
126222
126244
126247
126248
126249
126250
126254
126543
126545
126546
135703
135704
135705
135706
135707
135708
