1863
1866
1867
1868
1869
1871
1873
1874
3964
3965
3966
3968
3969
3970
3971
5719
5720
5721
5722
5723
5724
5725
7614
7798
7799
7801
7802
7803
7804
7805
9725
9976
9977
9979
9980
9981
9982
73262
73264
73607
73614
73638
73648
73871
73893
73912
73914
73917
73980
73982
75332
75334
75335
75360
75362
75363
75369
75373
75460
75462
75488
75491
75497
75543
75547
76180
76183
76403
76409
76412
76414
76500
76501
76502
76545
76551
76552
76554
76555
76577
76584
76586
76587
76597
76815
76837
76848
76850
76858
76861
82256
82257
82258
82259
82264
82265
82266
82269
82368
82370
82371
82376
82377
82378
82381
82382
82404
82406
82407
82411
82417
82420
82422
82423
82427
82453
82768
82769
82770
82776
82778
82779
82781
82879
82880
82882
82883
82889
82892
82893
82894
82916
82918
82919
82929
82932
82935
82936
82939
83077
83091
83100
83102
83103
83116
83118
83119
85637
85648
85650
85651
85657
85660
85661
85662
85663
85676
85678
85679
86531
86537
86540
86542
86543
86565
86566
86576
86577
86578
86579
86584
86585
86586
86587
86589
86929
86932
86934
86935
86936
86938
86939
87108
87109
87110
87111
87115
87132
87135
87136
87138
87139
87144
87145
87146
87148
87149
87150
87151
87157
87233
87236
87237
87238
87239
87243
87260
87263
87264
87266
87267
87272
87273
87274
87276
87277
87278
87279
87285
87313
87316
87318
87319
87320
87322
87323
88176
88178
88179
88185
88188
88190
88191
88276
88277
88278
88320
88321
88322
88327
88328
88330
88331
88333
88353
88354
88359
88360
88362
88363
88365
88372
88373
88374
108436
108439
108440
108441
108442
108443
108445
108446
108454
108463
108465
108466
108467
108468
108469
108470
108474
108475
108476
108477
108478
108479
108480
108481
108482
108487
108488
108489
108867
108869
108870
108876
108879
108880
108881
108882
108883
108885
108886
108891
108892
108893
108895
108896
108897
108898
108919
108920
108921
108922
108931
108932
108933
108934
108935
108937
108938
108939
108940
108941
108942
108944
108945
109027
109028
109029
109030
109031
109033
109034
109035
109036
109037
109038
109040
109076
109079
109080
109081
109082
109086
109091
109094
109100
109103
109105
109106
109107
109108
109109
109110
109115
109116
109117
109118
109119
109120
109121
109122
109128
109224
110483
110484
110485
110486
110487
110490
110491
110492
110493
110494
110496
110515
110516
110517
110519
110521
110522
110523
110525
110526
110528
110535
110536
110537
110538
110542
110930
110931
110932
110933
110934
110938
110939
110940
110941
110942
110943
110944
110945
110964
110967
110968
110969
110970
110971
110973
110974
110976
110980
110983
110984
110985
110986
110987
110989
110990
111064
111075
111076
111077
111078
111083
111084
111085
111086
111087
111088
111089
111090
111103
111106
111128
111139
111141
111142
111147
111148
111149
111151
111152
111153
111154
111158
111164
111167
111169
111170
111271
111272
111273
111719
111720
111721
111722
111763
111766
111772
111775
111777
111778
111799
111800
111801
111811
111812
111813
111814
111818
111819
111820
111821
111822
111824
111825
111875
111877
111878
111884
111887
111888
111889
111890
121955
121956
121957
121959
121960
121961
121962
121963
121965
121966
121968
122015
122017
122018
122040
122051
122053
122054
122059
122060
122061
122063
122064
122065
122066
122067
122069
122070
122076
122079
122080
122081
122082
122103
122104
122105
122106
122115
122116
122117
122118
122119
122122
122123
122124
122125
122126
122127
122128
122129
122130
122152
125574
125583
125585
125586
125672
125715
125716
125717
125718
125723
125724
125725
125726
125727
125728
125729
125730
125748
125751
125752
125753
125754
125755
125757
125758
125763
125764
125765
125766
125767
125768
125769
125770
125771
125772
125773
125774
125775
125776
125777
127128
127139
127140
127141
127142
127143
127144
127145
127146
127147
127148
127149
127150
127151
127152
127153
127170
127828
127831
127832
127833
127834
127835
127837
127838
127843
127845
127846
127851
127852
127853
127855
127856
127857
127858
127859
127860
127861
127862
127867
127868
127869
127870
127871
127872
127873
127874
127880
127881
127954
127955
127956
127957
127958
127959
127960
127961
127962
127963
127964
127965
127966
127967
127968
127969
127974
127983
127985
127986
127987
127988
127989
127990
127991
127993
127994
127995
127996
127997
127998
127999
128000
128001
128002
128004
128007
128008
128009
128010
128014
128035
128036
128037
128039
128040
128041
128042
128043
128045
128046
128048
128311
128321
128322
128323
128324
128325
128326
128327
128328
128329
128330
128331
128332
128333
128334
128335
128352
128372
128378
128381
128383
128384
128405
128406
128407
128417
128418
128419
128420
128424
128425
128426
128427
128428
128429
128430
128431
128432
128433
128435
128436
128441
128442
128443
128445
128446
128447
128448
128466
128469
128470
128471
128472
128476
128481
128482
128483
128484
128485
128487
128488
128489
128490
128491
128492
128493
128494
128495
128496
128518
128625
128626
128627
128629
128630
128631
128632
128633
128635
128636
128638
128641
128644
128645
128646
128647
128648
131788
131810
131821
131823
131824
131829
131830
131831
131833
131834
131835
131836
131921
131922
131923
131924
131965
131966
131967
131968
131969
131971
131972
131973
131974
131975
131976
131977
131978
131979
131980
131997
131998
131999
132001
132002
132003
132004
132005
132006
132007
132008
132010
132013
132014
132015
132017
132018
132019
132020
132021
132023
132024
132026
132354
132355
132365
132366
132367
132368
132372
132373
132374
132375
132376
132377
132378
132379
132380
132384
132390
132393
132395
132396
132545
132546
132547
132557
132558
132559
132560
132565
132566
132567
132568
132569
132570
132571
132572
132573
132575
132576
132582
132585
132586
132587
132588
132668
132669
132670
132671
132672
132673
132675
132676
132677
132678
132679
132680
132681
132682
132683
132701
132702
132703
132704
132705
132706
132707
132708
132709
132710
132711
132712
132714
132715
132718
132721
132722
132723
132724
132725
132727
132728
132750
132753
132754
132755
132756
132760
