1482
1486
1487
1488
1489
1492
1493
3595
3596
3597
3599
3600
3601
3602
5543
5799
5800
5801
5802
5803
5804
5805
5806
7630
7878
7879
7880
7881
7882
7883
7884
10055
10056
10057
10058
10060
10061
10062
73281
73623
73629
73631
73824
73826
73833
73845
73948
73951
74000
74003
74009
74012
74014
75396
75398
75399
75434
75437
75445
76113
76120
76123
76225
76232
76234
76237
76260
76262
76263
76283
76309
76629
76684
76687
76709
76720
76722
76723
76729
76732
76734
76787
76796
76798
76799
76928
76930
76931
76937
76940
76942
76965
76966
76977
76984
76986
76987
76989
82512
82513
82514
82520
82521
82522
82525
82625
82628
82631
82632
82635
82657
82664
82666
82667
82669
82676
82678
82679
82708
82710
82711
85381
85407
85408
85410
85411
85417
85420
85422
85423
85429
85825
85828
85830
85831
85832
85835
85857
85858
85864
85866
85867
85869
85876
85877
85878
85879
85968
85970
85971
85977
85978
85980
85981
85982
85983
86021
86035
86044
86047
86048
86050
86051
86057
86060
86062
86063
86161
86164
86166
86167
86168
86170
86171
87445
87446
87616
87619
87628
87630
87631
87653
87664
87666
87667
87673
87676
87678
87679
87765
87766
87808
87809
87810
87811
87816
87817
87818
87819
87820
87821
87822
87844
87845
87846
87847
87857
87863
87864
87866
87867
87869
88067
88076
88079
88101
88112
88114
88115
88121
88124
88126
88127
88640
88641
88642
88643
88648
88649
88650
88651
88652
88653
88654
88655
88676
88677
88678
88679
88688
88689
88690
88695
88696
88697
88698
88699
88701
88785
88788
88790
88791
88792
88794
88795
88833
88836
88838
88839
88840
88842
88843
88845
88865
88866
88868
88871
88872
88873
88874
88875
88877
88884
88885
88886
88887
88891
109460
109463
109464
109465
109466
109467
109469
109470
109472
109491
109492
109493
109494
109495
109498
109499
109500
109501
109502
109503
109504
109505
109511
109512
109513
109514
109911
109912
109913
109914
109923
109926
109932
109935
109937
109938
109939
109941
109942
109948
109949
109951
109952
109953
109954
109960
110039
110040
110041
110051
110053
110054
110060
110063
110065
110066
110067
110069
110070
110076
110079
110080
110081
110082
110088
110115
110116
110117
110118
110123
110124
110125
110126
110127
110128
110129
110130
110143
110146
110243
110244
110245
110246
110251
110252
110253
110254
110255
110256
110257
110258
120932
120935
120937
120938
120939
120941
120942
120944
121043
121044
121045
121046
121050
121051
121052
121053
121054
121055
121056
121057
121058
121076
121079
121080
121081
121082
121083
121085
121086
121091
121092
121093
121095
121097
121098
121099
121100
121101
121102
121104
121127
121128
121129
121130
122723
122724
122725
122726
122727
122729
122730
122731
122732
122733
122734
122735
122736
122737
122738
122835
122836
122837
122838
122839
122841
122842
122843
122844
122845
122846
122847
122848
122849
122868
122869
122871
122872
122873
122874
122875
122877
122878
122880
122884
122887
122888
122889
122890
122891
122893
122894
122896
122916
122919
122920
122921
122922
122923
122925
122926
123240
123283
123284
123285
123286
123291
123292
123293
123294
123295
123296
123297
123298
123319
123320
123321
123322
123331
123332
123333
123334
123335
123338
123339
123340
123341
123342
123343
123344
123345
123346
123362
123395
123397
123398
123404
123407
123409
123410
123495
123496
123497
123539
123541
123542
123548
123551
123552
123553
123554
123575
123576
123577
123587
123588
123589
123590
123595
123596
123597
123598
123599
123600
123601
123602
123603
123606
123612
123615
123617
123618
123640
123651
123653
123654
123660
123663
123664
123665
123666
124052
124055
124056
124057
124058
124059
124061
124062
124070
124079
124081
124082
124083
124084
124085
124086
124090
124091
124092
124093
124094
124095
124096
124097
124098
124103
124104
124105
124106
129042
129043
129725
129726
129727
129728
129732
129733
129734
129735
129736
129737
129738
129739
129740
129758
129761
129762
129763
129764
129765
129767
129768
129773
129774
129775
129776
129777
129779
129780
129781
129782
129783
129784
129785
129786
129787
129788
129870
129873
129874
129875
129876
129877
129879
129880
129882
129917
129918
129919
129920
129921
129922
129923
129924
129925
129926
129927
129928
129929
129930
129931
129949
129950
129951
129952
129953
129954
129955
129956
129957
129958
129959
129960
129961
129962
129963
129966
129969
129970
129971
129972
129973
129975
129976
129978
130317
130318
130319
130320
130321
130323
130324
130325
130326
130327
130328
130329
130330
130331
130332
130348
130494
130497
130498
130499
130500
130501
130504
130509
130511
130512
130518
130521
130523
130524
130525
130526
130527
130528
130532
130533
130534
130535
130536
130537
130538
130539
130540
130545
130546
130547
130548
130625
130626
130627
130637
130638
130639
130640
130645
130646
130647
130649
130650
130651
130652
130653
130655
130656
130662
130665
130666
130667
130668
130674
130690
130691
130701
130702
130703
130704
130709
130710
130711
130712
130713
130714
130715
130716
130717
130719
130720
130726
130729
130731
130732
130738
131721
131724
131746
131757
131759
131760
131766
131769
131771
131772
133137
133138
133139
133140
133821
133822
133823
133824
133829
133830
133831
133833
133834
133835
133836
133857
133858
133859
133860
133869
133870
133871
133872
133876
133877
133878
133879
133880
133881
133882
133883
133884
133966
133969
133970
133971
133972
133973
133975
133976
134013
134014
134015
134016
134017
134019
134020
134021
134022
134023
134024
134025
134026
134027
134028
134045
134046
134047
134049
134050
134051
134052
134053
134054
134055
134056
134058
134061
134062
134063
134064
134065
134066
134067
134068
134069
134070
134071
134072
134073
134074
134075
134076
134191
134202
134203
134204
134205
134206
134207
134208
134209
134210
134211
134212
134213
134214
134215
134216
134217
134230
134233
134374
134375
134377
134378
134379
134380
134381
134383
134384
134386
134389
134391
134392
134394
134397
134398
134399
134400
134401
134403
134404
134405
134406
134407
134408
134409
134410
134411
134412
134416
134417
135096
135105
135107
135108
135194
135237
135239
135240
135246
135249
135251
135252
135274
135275
135285
135286
135287
135288
135293
135294
135295
135296
135297
135298
135299
135300
