2055
2056
2057
2062
2067
2068
2069
4154
4157
4159
4160
4161
4166
6263
6264
6266
6267
6268
6269
6270
8334
8335
8336
8337
8338
8339
8340
9921
9922
9923
9924
9925
9926
9927
73178
73185
73244
73478
73480
73485
73506
73508
73523
73734
73744
73762
73777
73779
74816
74818
74823
74824
74826
74844
74846
74847
74851
74857
74861
74928
74930
74931
74935
74936
74937
74938
74959
74980
74981
74993
74996
74998
75003
75327
75669
75841
75844
75846
75851
75859
75865
75869
75884
75886
75941
75953
75958
75963
76016
76018
76023
76024
76026
80192
80194
80195
80199
80200
80201
80202
80205
80220
80222
80223
80224
80226
80227
80231
80232
80233
80234
80237
80304
80306
80307
80311
80312
80313
80314
80317
80332
80334
80335
80353
80356
80357
80358
80363
80369
80372
80373
80374
80379
80640
80642
80643
80647
80648
80649
80650
80652
80653
80654
80668
80670
80671
80672
80673
80674
80675
80679
80680
80681
80682
80683
80685
80764
80766
80767
80848
80849
80852
80853
80854
80855
80859
80897
80900
80901
80902
80907
80912
80914
80915
80919
80920
80921
80922
80923
80925
80940
80942
80943
82236
82238
82239
83601
83604
83605
83606
83611
84289
84292
84293
84294
84299
84304
84306
84307
84311
84312
84313
84314
84317
84332
84334
84335
84366
84367
84385
84388
84389
84390
84401
84404
84405
84406
84411
84464
84466
84467
84471
84472
84473
84474
84477
84607
84692
84693
84694
84737
84740
84741
84742
84747
84755
84760
84761
84762
84765
84780
84782
84783
84992
84994
84995
84999
85000
85001
85002
85020
85022
85023
85027
85032
85033
85034
85037
93503
97572
97573
100304
100305
100306
100307
100308
100309
100310
100311
100312
100313
100314
100315
100316
100317
100318
100323
100328
100329
100330
100332
100333
100334
100335
100336
100337
100338
100339
100343
100344
100345
100346
100347
100348
100349
100350
100351
100383
100404
100405
100406
100416
100417
100418
100419
100420
100421
100422
100423
100424
100425
100426
100427
100428
100429
100430
100444
100445
100446
100447
100464
100465
100466
100468
100469
100470
100471
100475
100480
100481
100482
100483
100484
100485
100486
100487
100488
100489
100490
100491
100623
100708
100709
100710
100752
100753
100754
100755
100756
100757
100758
100759
100760
100761
100762
100763
100764
100765
100766
100770
100771
100776
100777
100778
100780
100781
100782
100783
100784
100785
100786
100787
100790
100791
100792
100793
100794
100795
100796
100797
100798
100799
100805
100873
100876
100877
100878
100879
100960
100961
100962
100964
100965
100966
100967
100971
101008
101009
101010
101011
101012
101013
101014
101015
101016
101017
101018
101019
101024
101025
101026
101027
101031
101032
101033
101034
101035
101036
101037
101038
101039
101043
101048
101049
101050
101052
101053
101054
101055
101583
101828
101829
101830
102000
102001
102002
102003
102004
102005
102006
102007
102008
102009
102010
102011
102012
102013
102014
102015
102019
102024
102025
102028
102029
102030
102031
102032
102033
102034
102035
102036
102037
102038
102039
102040
102041
102042
102043
102044
102045
102046
102047
102052
102053
102054
102079
102093
102104
102105
102106
102107
102109
102110
102111
102112
102114
102115
102119
102120
102121
102122
102123
102124
102125
102126
102127
102140
102142
102143
102144
102145
102146
102147
102148
102149
102150
102151
102152
102153
102154
102155
102157
102160
102161
102162
102164
102165
102166
102167
102168
102170
102171
102470
102475
102476
102477
102479
102480
102481
102482
102808
102819
102820
102821
102822
102823
102824
102825
102826
102827
102829
102830
102850
102995
102996
102997
102998
102999
103000
103001
103002
103003
103004
103005
103006
103011
103012
103013
103014
103015
103017
103018
103019
103020
103021
103022
103023
103024
103025
103026
103030
103035
103036
103037
103039
103040
103041
103042
103062
103068
103071
103072
103073
103074
103091
103092
103093
103095
103096
103097
103098
103099
103101
103102
103107
103108
103109
103110
103111
103112
103113
103114
103115
103116
103117
103118
103120
103137
103138
103156
103159
103160
103161
103171
103172
103173
103174
103175
103176
103177
103178
103179
103180
103181
103182
103183
103184
103185
108367
108368
108369
108370
113827
113828
113829
113831
113832
113833
113834
113838
116563
116564
116565
116566
116567
116568
116569
116570
116571
116573
116574
116579
116580
116581
116582
116586
116587
116588
116589
116590
116591
116592
116593
116598
116604
116607
116608
116609
116610
116639
116640
116641
116642
116659
116660
116661
116663
116664
116665
116666
116670
116675
116676
116677
116679
116680
116681
116682
116683
116685
116686
116706
116728
116739
116740
116741
116742
116743
116745
116746
116747
116748
116749
116750
116751
116752
116753
116879
116880
116881
116882
116963
116964
116965
116967
116968
116969
116970
116974
117011
117012
117013
117015
117016
117017
117018
117022
117027
117028
117029
117030
117034
117035
117036
117037
117038
117039
117040
117041
117055
117056
117057
117058
117224
117267
117268
117269
117270
117273
117274
117275
117276
117277
117278
117279
117280
117281
117286
117292
117295
117296
117297
117298
117299
117300
117301
117302
117306
117307
117308
117309
117310
117311
117312
117313
117839
117840
117841
117842
118179
118180
118181
118183
118184
118185
118186
118190
118355
118356
118359
118360
118361
118362
118366
118371
118372
118373
118374
118378
118379
118380
118381
118382
118383
118384
118399
118401
118402
118431
118432
118433
118434
118451
118452
118453
118455
118456
118457
118458
118462
118468
118471
118472
118473
118478
118531
118533
118534
118538
118539
118540
118541
118542
118543
118544
118545
119379
119380
119381
119382
119386
119387
119388
119389
119390
119391
119392
119393
119407
119408
119409
119410
119411
119412
119413
119414
119418
119419
119420
119421
119422
119423
119424
119425
119491
119492
119493
119494
119498
119499
119500
119501
119502
119503
119504
119505
119519
119520
119521
119522
119539
119540
119541
119543
119544
119545
119546
119550
119555
119556
119557
119559
119560
119561
119562
119566
