1282
1283
1284
1285
1286
1287
1292
3389
3390
3392
3393
3394
3395
3396
5523
5524
5525
5526
5528
5530
5531
7596
7597
7599
7600
7601
7602
7604
9673
9674
9675
9676
9677
9678
9702
24644
24658
24661
24670
24707
24714
24719
24826
24919
24926
25147
25158
25167
25170
25766
25768
26290
26297
26299
26300
26302
26325
26327
26328
26338
26345
26347
26348
26350
26437
26439
26440
26489
26492
26517
26520
26537
26540
26888
26889
26892
27061
27064
27090
27097
27100
27109
27111
27112
27202
27209
27211
27212
27214
27253
27255
27256
27282
27289
27291
27292
27294
27301
27303
27304
30075
30082
30084
30085
30087
32417
32419
32420
32446
32447
32453
32454
32455
32456
32458
32459
32465
32466
32467
32557
32558
32559
32560
32566
32567
32570
32571
32610
32611
32637
32638
32639
32640
32646
32647
32649
32650
32651
32652
32658
32659
33005
33007
33008
33014
33017
33019
33020
33186
33213
33215
33216
33222
33225
33227
33228
33234
33325
33327
33328
33334
33337
33339
33340
33344
33353
33356
33378
33389
33392
33401
33403
33404
33405
33407
33408
33414
33417
33419
33420
33426
34786
34797
34799
34800
34806
34809
34811
34812
34813
34815
34816
34822
34825
34827
34828
34834
35490
35501
35503
35504
35510
35513
35515
35516
35517
35520
35526
35529
35531
35532
35618
35629
35632
35641
35644
35645
35647
35648
35654
35657
35659
35660
35666
35693
35695
35696
35702
35703
35705
35706
35707
35708
35712
35721
35724
36065
36066
36067
36068
36093
36094
36095
36096
36102
36103
36105
36106
36107
36108
36114
36115
36269
36270
36271
36272
36277
36278
36279
36280
36281
36282
36283
36284
36385
36386
36387
36388
36413
36414
36415
36416
36421
36422
36423
36424
36425
36426
36427
36428
36433
36434
36435
36436
36461
36462
36463
36464
36469
36470
36471
36472
36473
36474
36475
36476
48446
48447
48448
48449
48450
48453
48474
48475
48476
48477
48482
48483
48484
48485
48486
48487
48488
48489
48494
48495
48496
48497
58269
58270
58271
58272
58273
58276
58277
58278
58279
58280
58281
58282
58283
58382
58385
58386
58387
58388
58389
58391
58392
58394
58414
58415
58417
58419
58420
58421
58422
58423
58424
58426
58427
58430
58433
58434
58435
58436
58437
58440
58462
58463
58465
58467
58468
58469
58470
58471
58472
58474
58475
58830
58833
58835
58836
58837
58839
58840
58842
58862
58865
58867
58868
58869
58871
58872
58874
58878
58881
58883
58884
58885
58887
58888
58890
59038
59041
59043
59044
59045
59047
59048
59050
59150
59151
59153
59155
59156
59157
59158
59159
59160
59162
59163
59182
59185
59186
59187
59188
59189
59191
59192
59194
59198
59199
59201
59203
59204
59205
59207
59208
59210
59230
59233
59234
59235
59236
59237
59239
59240
59242
60621
60622
60623
60624
60625
60627
60628
60629
60630
60631
60632
60633
60634
60635
60636
60654
60657
60658
60659
60660
60661
60663
60664
60666
60669
60670
60671
60672
60673
60675
60676
60677
60678
60679
60680
60681
60682
60683
61342
61345
61346
61347
61348
61349
61351
61352
61354
61453
61454
61455
61456
61457
61460
61461
61462
61463
61464
61465
61466
61467
61468
61489
61490
61491
61492
61493
61496
61501
61502
61503
61504
61505
61507
61508
61509
61510
61511
61512
61513
61514
61515
61516
61537
61538
61539
61540
61541
61544
61901
61902
61903
61904
61909
61910
61911
61912
61913
61914
61915
61916
61937
61938
61939
61940
61944
61949
61950
61951
61952
61953
61956
61957
61958
61959
61960
61961
61962
61963
61964
61977
61980
62013
62016
62025
62028
62113
62114
62115
62116
62157
62159
62160
62166
62169
62171
62172
62194
62205
62207
62208
62214
62217
62219
62220
62221
62222
62223
62224
62229
62230
62231
62232
62233
62234
62235
62236
62257
62258
62259
62260
62269
62270
62271
62272
62277
62278
62279
62280
62281
62282
62283
62284
62305
62306
62307
62308
67596
67639
67640
67641
67642
67647
67648
67649
67650
67651
67652
67653
67654
67675
67676
67677
67678
67687
67688
67689
67690
67695
67696
67697
67698
67699
67700
67701
67702
67703
67705
67706
67712
67715
67717
67718
67740
67751
67753
67754
67760
67763
67765
67766
67788
70411
70412
70413
70414
70455
70457
70458
70464
70465
70467
70468
70469
70470
70492
70493
70503
70504
70505
70506
70512
70513
70515
70516
70517
70518
70519
70520
70521
70522
70527
70528
70529
70530
70531
70532
70533
70534
70555
70556
70557
70558
70567
70568
70569
70570
70575
70576
70577
70578
70579
70580
70581
70582
70604
70605
70923
70924
70925
70926
70967
70968
70969
70970
70976
70977
70979
70980
70981
70982
71004
71005
71015
71016
71017
71018
71024
71025
71027
71028
71029
71030
71031
71032
71033
71034
71039
71040
71041
71042
71043
71044
71045
71046
71067
71068
71069
71070
71079
71080
71081
71082
71087
71088
71089
71090
71091
71092
71093
71094
71115
71116
71117
71180
71181
71223
71224
71225
71226
71231
71232
71233
71234
71235
71236
71237
71238
71259
71260
71261
71262
71271
71272
71273
71274
71279
71280
71281
71282
71283
71284
71285
71286
71287
71289
71290
71296
71299
71301
71302
71324
71335
71337
71338
71344
71347
71349
71350
71372
72144
72147
72148
72149
72150
72151
72153
72154
72156
72191
72193
72194
72200
72203
72205
72206
72228
72239
72241
72242
72248
72251
72253
72254
72255
72256
72257
72258
72259
72262
72263
72264
72265
72266
72267
72268
72269
72270
72291
72292
72293
72294
72295
72298
72303
72304
72305
72306
72307
72310
72311
72312
72313
72314
72315
72316
72317
72318
72339
72340
72341
72342
72916
72959
72960
72961
72962
72963
72965
72966
72967
72968
72969
72970
72971
72972
72973
72974
72992
72995
72996
72997
72998
72999
73001
73002
73004
73007
73008
73009
73010
73011
73013
73014
73015
73016
73017
73019
73020
73026
73029
73031
73032
73054
73065
73067
73068
73074
73077
73079
73080
