653
654
655
678
687
688
690
695
697
709
747
748
750
755
997
998
999
1000
1001
1002
1003
2778
2779
2782
2793
2809
2811
2815
2816
2827
2829
2830
2832
2833
2834
2836
2838
2839
2840
2841
2849
2850
2851
2852
2853
2854
2858
2866
2867
2877
2968
2974
2975
2986
2989
2990
2991
2994
3095
3096
3098
3099
3100
3101
3102
4892
4896
4902
4904
4905
4907
4908
4909
4916
4924
4927
4928
4929
4932
4958
4959
4961
4962
4963
4964
4965
4969
4972
4974
4975
4976
4977
4981
5005
5010
5011
5013
5019
5020
5021
5022
5023
5024
5026
5033
5034
5035
5036
5037
5045
5047
5048
5050
5056
5057
5058
5059
5060
5061
5062
5067
5068
5071
5072
5073
5074
5076
5077
5079
5080
5081
5082
5173
5174
5175
5176
5177
5178
5179
7026
7027
7028
7035
7036
7037
7038
7040
7041
7042
7046
7047
7048
7049
7050
7058
7059
7061
7063
7064
7065
7067
7068
7072
7073
7074
7075
7076
7077
7078
7079
7080
7081
7082
7083
7084
7085
7086
7087
7088
7089
7090
7092
7096
7097
7099
7100
7101
7103
7104
7106
7107
7108
7109
7110
7111
7112
7113
7114
7115
7116
7117
7120
7121
7137
7138
7150
7152
7237
7238
7239
7240
7241
7242
7243
7244
7392
7396
7398
7399
7400
7426
7429
7430
7431
7434
7436
7440
7441
7442
7443
7445
7446
9072
9075
9086
9087
9088
9089
9090
9091
9092
9093
9094
9095
9096
9097
9098
9099
9100
9101
9105
9106
9107
9108
9109
9110
9114
9115
9122
9132
9134
9135
9136
9142
9143
9144
9205
9206
9207
9209
9210
9211
9212
9215
9216
9217
9231
9234
9237
9238
9268
9269
9270
9271
9272
9273
9274
9335
9338
9450
9451
9452
9453
9454
9455
9457
9458
9459
9460
9461
9462
9463
9464
9465
9466
9467
9468
9469
9470
9471
9474
9475
9476
9478
9479
9480
9481
9482
9483
9484
9485
9486
9490
9491
9497
9498
9499
9500
9501
9502
9503
9504
9505
9506
9507
9508
9509
9510
9511
9512
9514
9515
9516
9517
9518
9519
9520
9522
27390
27391
27407
27408
27409
27426
36509
36510
36511
36512
36513
36514
36515
36516
36517
36518
36519
36520
36521
36522
36523
36524
36525
36526
36527
36528
36529
36530
36531
36532
36533
36534
36535
36536
36537
36543
36554
36555
36556
36558
36559
36560
36565
36602
36604
36605
36606
36607
36608
36609
36610
36613
36614
36615
36616
36617
36618
36619
36620
36621
36622
36623
36624
36625
36626
36627
36629
36632
36635
36636
36637
36695
36696
36697
36698
36702
36703
36704
36705
36706
36707
36708
36709
36770
36772
36773
36774
36775
36776
36777
36778
36779
36780
36781
36782
36783
36784
36785
36790
36791
36792
36793
36794
36795
36796
36797
36798
36799
36804
36809
36810
36813
36814
36815
36816
36835
36837
36838
36839
36840
37106
37107
37110
37111
37112
37124
37125
37126
37127
37128
37129
37130
37131
37132
37159
37164
37165
37166
37168
37169
37170
37171
37236
37237
37240
37241
37242
37247
37252
37253
37254
37255
37256
37257
37258
37259
37260
37261
37262
37263
37282
37283
37300
37301
37302
37303
37304
37305
37306
37307
37308
37309
37310
37311
37315
37316
37317
37318
37319
37320
37321
37322
37323
37324
37325
37326
37327
37328
37329
37334
37339
37342
37343
37344
37345
37558
37576
37579
37580
37581
37586
37591
37592
37593
37594
37595
37596
37597
37598
37599
37600
37601
37602
37603
37604
37605
37612
37614
37615
37616
37617
37626
37627
37628
37629
37630
37631
37632
37633
37634
37635
37637
37638
37642
37643
37644
37645
37646
37647
37648
37649
37650
37651
37652
37653
37671
37672
37673
37674
37678
37679
37680
37681
37682
37683
37684
37685
37686
37687
37688
37689
37690
37694
37695
37696
37697
37698
37699
37700
37701
37702
37706
37712
37715
37716
37717
37718
37719
37720
37721
37722
37723
37724
37725
37726
37727
37728
37729
37730
37731
37732
37733
37736
37739
37740
37741
37746
38412
38583
38584
38585
38586
38587
38588
38589
38590
38591
38592
38593
38594
38595
38596
38597
38601
38605
38606
38607
38608
38610
38611
38612
38613
38614
38615
38616
38617
38620
38621
38622
38623
38624
38625
38626
38627
38628
38646
38647
38648
38649
38665
38666
38667
38668
38670
38671
38672
38673
38674
38676
38677
38682
38683
38684
38685
38686
38687
38688
38689
38692
38694
38695
38696
38698
38699
38700
38701
38702
38703
38704
38705
38706
38707
38708
38709
38710
38711
38714
38716
38717
38718
38719
38720
38721
38722
38734
38735
38739
38740
38741
38742
38743
38744
38745
38748
38750
38751
38752
38753
38754
38755
38756
38757
38758
38759
38760
38761
38770
38772
38773
38774
38775
38776
38777
38779
38780
38781
38786
38791
38792
38793
38794
38795
38796
38797
38798
38799
38800
38801
38802
38819
38821
38822
38839
38840
38841
38842
38843
38844
38845
38846
38847
38848
38849
38850
38851
38852
38853
38855
38857
38858
38862
38863
38864
38865
38867
38868
38869
38870
38871
38872
38873
38874
38877
38878
38879
38880
38881
38882
38883
38884
38885
38886
38954
38959
38960
38963
38964
38965
38966
56253
56257
56258
56259
56260
56262
56263
56264
56277
56278
56279
56280
56281
56282
56283
56284
56285
56286
57377
57378
57388
57389
57390
57391
57392
57411
57556
57557
57558
57559
57561
57562
57563
57564
57568
57585
57586
57587
57588
57589
57590
57591
57592
57593
57595
57596
57597
57598
57600
57601
57621
57639
57642
57643
57644
57654
57655
57656
57657
57658
57659
57660
57968
57973
57974
57977
57978
57979
58236
58237
58238
58239
58240
58242
58243
58251
58252
