1228
1231
1232
1233
1234
1246
1247
1249
3337
3338
3339
3340
3341
3352
3353
3354
4832
5457
5461
5462
5463
5481
5482
5483
5496
7532
7533
7534
7536
7556
7569
7570
7571
9641
9645
9646
9647
9669
9670
9671
9672
24659
24668
24696
24832
24923
24962
25061
25064
25070
25075
25140
25156
25751
25778
25780
25781
25787
25792
26315
26318
26424
26428
26450
26457
26460
26469
26471
26472
26501
26503
26504
26865
26867
26868
26874
26878
26879
26903
26914
26921
26923
26924
26926
27078
27136
27169
27171
27172
27178
27181
27183
27184
27233
27236
27242
27245
27247
27248
30014
30016
30017
30021
30122
30124
30125
30131
30132
30135
30136
30158
30160
30161
30171
30178
30180
30181
30183
30207
32478
32481
32483
32484
32485
32488
32510
32517
32519
32520
32522
32529
32531
32532
32930
32941
32944
32950
32953
32955
32956
32957
32960
32966
32969
32971
32972
33058
33059
33085
33087
33088
33094
33097
33099
33100
33106
33133
33134
33135
33141
33142
33143
33144
33146
33147
33261
33263
33264
33270
33273
33274
33275
33276
34718
34719
34724
34725
34726
34727
34728
34730
34750
34753
34755
34756
34757
34760
34766
34769
34771
34772
34773
34775
34776
34778
34862
34865
34868
34869
34871
34872
34874
34913
34914
34915
34916
34941
34942
34943
34944
34949
34950
34951
34952
34954
34955
34961
34962
34963
35569
35570
35571
35572
35792
35801
35803
35804
35890
35933
35935
35936
35942
35945
35947
35948
35970
35971
35981
35982
35983
35984
35989
35990
35991
35993
35994
35995
35996
36012
36045
36047
36048
36054
36057
36059
36060
36146
36189
36191
36192
36198
36201
36202
36203
36204
36226
36227
36237
36238
36239
36240
36245
36246
36247
36248
36249
36250
36251
36252
48202
48203
48204
48205
48210
48211
48212
48213
48214
48215
48216
48217
48233
48634
48635
48636
48637
48642
48643
48644
48645
48646
48647
48648
48667
48670
48671
48672
48673
48674
48677
48683
48684
48686
48688
48689
48690
48692
48693
48695
48779
48782
48784
48785
48786
48788
48789
48791
48827
48830
48831
48832
48833
48834
48836
48837
48839
48858
48859
48860
48861
48862
48865
48866
48867
48868
48869
48871
48872
48878
48879
48880
48881
48974
48975
48976
48977
58513
58514
58515
58516
58525
58527
58528
58534
58537
58539
58540
58541
58542
58543
58544
58550
58551
58553
58554
58555
58556
58562
58641
58642
58643
58653
58655
58656
58662
58665
58667
58668
58669
58671
58672
58678
58681
58682
58683
58684
58690
58706
58717
58718
58719
58720
58725
58726
58727
58728
58729
58730
58731
58732
58733
58736
58745
58747
58748
60322
60365
60366
60367
60368
60373
60374
60375
60376
60377
60378
60379
60380
60401
60402
60403
60404
60413
60414
60415
60416
60417
60420
60421
60422
60423
60424
60425
60426
60427
60428
60444
60477
60479
60480
60486
60489
60491
60492
60829
60830
60831
60832
60833
60835
60836
60837
60838
60839
60840
60842
60843
60941
60942
60943
60944
60945
60947
60948
60949
60950
60951
60952
60953
60954
60955
60974
60977
60978
60979
60980
60981
60983
60984
60986
60990
60993
60994
60995
60996
60997
60999
61000
61002
61022
61025
61026
61027
61028
61029
61031
61032
61134
61137
61138
61139
61140
61141
61143
61144
61165
61166
61167
61168
61172
61173
61174
61175
61176
61177
61178
61179
61180
61185
61186
61187
61188
61601
61602
61603
61604
61645
61647
61648
61654
61657
61658
61659
61660
61681
61682
61683
61693
61694
61695
61696
61701
61702
61703
61704
61705
61706
61707
61708
61709
61711
61712
61718
61721
61723
61724
61746
61757
61758
61759
61760
61766
61767
61769
61770
61771
61772
61794
67323
67324
67325
67335
67336
67337
67338
67343
67344
67345
67346
67347
67348
67349
67350
67351
67353
67354
67360
67363
67364
67365
67366
67372
67448
67451
67452
67453
67454
67455
67457
67458
67463
67465
67466
67472
67475
67477
67478
67479
67480
67481
67482
67483
67486
67487
67488
67489
67490
67491
67492
67493
67494
67499
67500
67501
67502
67527
67528
67529
67530
67531
67533
67534
67535
67536
67537
67538
67539
67540
67541
67542
67558
67895
67896
67897
67898
67899
67900
67901
67902
67903
67904
67905
67906
67908
67909
67927
67928
67929
67930
67931
67932
67933
67934
67935
67936
67937
67938
67939
67940
67941
67944
67947
67948
67949
67950
67951
67953
67954
67956
68104
68107
68108
68109
68110
68111
68113
68114
68116
68199
68202
68211
68213
68214
68215
68216
68217
68218
68222
68223
68224
68225
68226
68227
68228
68229
68230
68248
68251
68252
68253
68254
68255
68257
68258
68263
68264
68265
68266
68267
68269
68270
68271
68272
68273
68274
68275
68276
68277
68278
68299
68300
68301
68302
70715
70716
70717
70718
70727
70728
70729
70730
70735
70736
70737
70738
70739
70740
70741
70742
70743
70744
70745
70746
70752
70753
70755
70756
70757
70758
70764
71967
71970
71976
71979
71981
71982
71996
72007
72008
72009
72074
72075
72076
72077
72078
72096
72099
72100
72101
72102
72103
72105
72106
72111
72112
72113
72114
72115
72117
72118
72119
72120
72121
72122
72123
72124
72125
72126
72464
72465
72467
72468
72469
72470
72471
72473
72474
72476
72639
72640
72641
72642
72643
72644
72645
72646
72647
72648
72649
72650
72651
72652
72653
72654
72671
72672
72673
72674
72675
72676
72677
72678
72679
72680
72681
72682
72683
72684
72685
72686
72687
72688
72689
72691
72692
72693
72694
72695
72696
72697
72698
72700
72772
72783
72784
72785
72786
72787
72789
72790
72791
72792
72793
72794
72795
72796
72797
72798
72802
72811
72814
72832
72835
72836
72837
72838
72839
72841
72842
72844
72847
72849
72850
72856
72859
72861
72862
72863
72864
72865
72866
72867
72870
72871
72872
72873
72874
72875
72876
72877
72878
72883
72884
72885
72886
