649
666
691
1822
1823
1825
1826
1827
1828
2758
2761
2788
2792
2803
2805
3926
3927
3928
3929
3930
3931
3932
4861
4870
4872
4876
4881
4946
4951
4952
4954
5299
5300
5301
5302
5303
5304
5305
6966
6968
6969
6970
6991
7007
7010
7012
7018
7021
7365
7366
7368
7369
7370
7371
9006
9013
9015
9016
9018
9020
9021
9022
9023
9024
9028
9042
9047
9048
9049
9400
9402
9403
9405
9406
9407
9412
25174
25175
25177
25178
25251
25262
25264
25265
25266
25280
25281
25282
27330
27336
27339
27340
27341
27357
27358
27359
27360
27361
27365
27366
27367
27368
27369
27454
27494
27495
27496
27498
27499
27500
27501
27505
27513
27517
27518
27519
27520
27522
27523
27538
27539
27540
27541
27565
27567
27568
27585
27586
27589
27590
27591
27596
27602
27605
27606
27607
27649
27651
27652
27656
27657
27658
27659
27662
27689
27774
27775
27776
27946
27947
27948
27949
27950
27952
27953
27954
27956
27957
27965
27970
27971
27972
27974
27975
27976
27981
27987
27990
27991
27992
27993
28022
28024
28025
28042
28043
28046
28047
28048
28053
28058
28059
28060
28062
28063
28064
28065
28069
28122
28123
28124
28125
28128
28129
28130
28131
28132
28133
28457
31843
31846
31847
31848
31918
31919
31930
31931
31932
31936
31937
31938
31940
31941
31961
31989
31990
31991
31993
31994
31995
31996
32000
32253
32255
32259
32260
32261
32262
32264
32269
32270
32271
32274
32277
32278
32279
32284
32294
32296
32297
32301
32306
32307
32308
32311
32327
32328
32331
32332
32335
32336
32337
32338
36845
36850
36851
36852
36854
36855
36856
36857
36872
36873
36874
36875
36876
36877
36878
36879
36880
36881
36882
36883
36884
36885
36891
36894
36895
36896
36901
36954
36955
36956
36957
36961
36962
36963
36964
36965
36966
36967
36968
36973
36978
36979
36980
36982
36983
36984
36985
37000
37001
37002
37003
37004
37005
37006
37007
37008
37009
37010
37011
37012
37013
37018
37019
37022
37023
37024
37029
37415
37416
37417
37419
37420
37421
37422
37426
37431
37432
37433
37434
37435
37436
37437
37438
37439
37440
37441
37442
37444
37459
37461
37462
37815
37816
37817
37818
37819
37821
37822
37823
37824
37825
37826
37827
37828
37829
37830
37834
37840
37843
37844
37845
37846
37847
37848
37849
37850
37851
37852
37853
37854
37855
37856
37857
37858
37859
37860
37861
37867
37868
37894
37912
37915
37916
37917
37927
37928
37929
37930
37931
37932
37933
37934
37935
37936
37937
37938
37939
37940
37941
37955
37956
37957
37958
37974
37975
37976
37977
37979
37980
37981
37982
37983
37985
37986
37991
37992
37993
37994
37995
37996
37997
37998
37999
38000
38001
38002
38131
38132
38133
38134
38204
38215
38216
38217
38219
38220
38221
38222
38226
38263
38264
38265
38266
38267
38268
38269
38270
38271
38272
38273
38274
38279
38280
38281
38282
38283
38285
38286
38287
38288
38289
38290
38291
38292
38293
38298
38304
38307
38308
38309
38310
38390
38472
38475
38476
38477
38519
38520
38521
38522
38523
38524
38525
38526
38527
38528
38529
38530
38531
38532
38535
38537
38538
38542
38543
38544
38545
38546
38547
38548
38549
38550
38551
38553
38554
38558
38559
38560
38561
38563
38564
38565
38566
39018
39022
39023
39024
39025
39027
39028
39029
39030
39372
40055
40056
40057
40059
40060
40061
40062
40066
40071
40072
40073
40074
40075
40076
40077
40078
40079
40080
40081
40082
40083
40084
40099
40100
40101
40102
40119
40120
40121
40122
40126
40127
40128
40129
40130
40131
40132
40133
40134
40144
40147
40148
40149
40150
40151
40152
40153
40154
40155
40156
40157
40158
40159
40160
40161
40162
40163
40164
40165
40168
40171
40172
40173
40178
40231
40233
40234
40238
40239
40240
40241
40242
40243
40244
40245
40246
40326
40348
40359
40360
40361
40362
40363
40365
40366
40367
40368
40369
40370
40371
40372
40373
40374
40396
40397
40398
40399
40403
40404
40405
40406
40407
40408
40409
40410
40411
40412
40413
40414
40415
40416
40417
40422
40428
40431
40432
40433
40434
40452
40455
40456
40457
40462
40467
40473
40474
40663
40665
40666
40670
40671
40672
40673
40675
40676
40677
40678
40691
40693
40694
40695
40696
40697
40698
40699
40700
40701
40702
40703
40704
40705
40706
40708
40711
40712
40713
40715
40716
40717
40718
40719
40721
40722
55530
55532
55533
55537
55538
55539
55540
55541
55542
55543
55544
55822
55823
55866
55867
55868
55870
55871
55872
55873
55874
55876
55877
55882
55883
55884
55885
55886
55888
55889
55890
55891
55892
55893
55894
55895
55896
55910
55911
55912
55913
55993
56074
56075
56076
56078
56079
56080
56081
56085
56122
56123
56124
56125
56126
56127
56128
56129
56130
56131
56132
56133
56135
56141
56146
56147
56148
56150
56151
56152
56153
56157
56162
56163
56164
56166
56167
56168
56169
56246
56248
56249
57251
57252
57256
57257
57258
57259
57261
57262
57263
57277
57279
57280
57281
57282
57283
57284
57288
57289
57290
57291
57292
57294
57364
57370
57373
57374
57375
57376
57432
57433
57434
57444
57445
57446
57447
57448
57449
57450
57451
57452
57454
57455
57475
57496
57497
57498
57508
57509
57510
57511
57512
57513
57514
57515
57516
57518
57519
57539
57676
57698
57709
57710
57711
57712
57713
57714
57715
57716
57717
57718
57719
57720
57722
57737
57739
57740
57757
57758
57759
57761
57762
57763
57768
57773
57774
57775
57777
57778
57779
57780
57783
57784
57840
57846
57849
57850
57851
57852
57853
57855
57856
57860
57861
57862
57863
57865
57866
57867
57881
57882
57883
57884
57885
57886
57887
57888
57891
57892
57893
57894
57895
57896
57897
57898
