1178
1179
1180
1181
1182
1183
1184
3285
3286
3287
3288
3289
3291
3292
4838
5420
5421
5422
5423
5424
5425
5426
7493
7494
7495
7496
7497
7498
7499
7500
9593
9594
9595
9596
9597
9598
9599
24664
24689
24691
24810
24849
24851
24943
25047
25058
25081
25084
25100
25130
25702
25704
25705
25806
25809
25822
25825
25847
25858
25860
25871
26360
26364
26386
26393
26395
26398
26406
26802
26809
26811
26812
26834
26840
26841
26843
26844
26853
26855
26945
26947
26948
26954
26958
26959
27012
27018
27021
27023
27024
27040
27141
27143
29818
29820
29821
29826
29827
29828
29831
29832
30201
30234
30236
30237
30243
30246
30247
30248
30298
30300
30301
30307
30310
30312
30313
30398
30399
30400
30443
30450
30452
30453
30455
30475
30478
30481
30482
30485
30494
30496
30497
32674
32685
32688
32694
32697
32699
32700
32704
32713
32715
32716
32798
32801
32803
32804
32808
32829
32830
32831
32832
32837
32838
32839
32840
32842
32850
32878
32881
32883
32884
32885
32888
34465
34466
34467
34468
34480
34489
34491
34492
34493
34495
34496
34502
34505
34506
34507
34508
34514
34593
34594
34595
34596
34617
34620
34621
34623
34624
34629
34630
34631
34633
34634
34635
34636
34642
34670
34671
34673
34676
34677
34679
34680
34682
35037
35039
35040
35045
35046
35047
35049
35050
35051
35052
35073
35074
35075
35076
35086
35089
35091
35092
35093
35095
35096
35098
35164
35250
35293
35295
35296
35302
35305
35307
35308
35329
35330
35331
35341
35342
35343
35349
35350
35351
35352
35354
35408
35417
35419
35420
35821
35822
35823
35824
35828
35829
35830
35831
35832
35834
35835
47419
47422
47423
47424
47425
47426
47428
47429
47431
47450
47451
47452
47453
47454
47457
47458
47459
47460
47461
47462
47463
47464
47470
47471
47472
47473
48905
48927
48938
48940
48941
48947
48950
48951
48952
48953
49038
49039
49040
49082
49083
49084
49085
49090
49091
49092
49093
49094
49095
49096
49115
49118
49119
49120
49121
49122
49125
49131
49134
49136
49137
49138
49140
49141
49338
49340
49341
49347
49350
49352
49353
49375
49376
49386
49387
49388
49389
49394
49395
49396
49397
49398
49399
49400
49401
49739
49742
49743
49744
49745
49746
49749
49915
49916
49918
49920
49921
49922
49924
49925
49927
49946
49947
49948
49949
49950
49952
49953
49954
49955
49956
49957
49959
49966
49967
49968
49969
49973
50047
50058
50059
50060
50061
50066
50067
50068
50069
50070
50071
50072
50073
50077
50086
50088
50089
50111
50122
50124
50125
50130
50131
50132
50134
50135
50136
50137
50138
50140
50141
50147
50150
50152
50153
59294
59297
59298
59299
59300
59301
59303
59304
59306
59356
59389
59391
59392
59398
59401
59403
59404
59405
59406
59407
59408
59413
59414
59415
59417
59418
59419
59420
59441
59442
59443
59444
59453
59454
59455
59456
59457
59460
59461
59462
59463
59464
59465
59466
59467
59468
59490
59805
59806
59807
59808
59809
59811
59812
59813
59814
59815
59816
59818
59904
59910
59913
59915
59916
59917
59918
59919
59920
59925
59926
59927
59928
59929
59930
59931
59932
59950
59953
59954
59955
59956
59957
59960
59965
59966
59967
59968
59969
59971
59972
59973
59974
59975
59976
59978
59979
60001
60002
60003
60110
60113
60114
60115
60116
60117
60119
60120
60128
60137
60139
60140
60141
60142
60143
60144
60148
60149
60150
60151
60152
60153
60154
60155
60156
60161
60162
60163
60164
66320
66323
66324
66325
66326
66327
66329
66330
66359
66360
66361
66362
66367
66368
66369
66370
66371
66372
66373
66374
66392
66395
66396
66397
66398
66402
66407
66408
66409
66410
66411
66413
66414
66415
66416
66417
66418
66419
66420
66421
66422
66423
66426
66432
66435
66437
66438
66460
66461
66471
66472
66473
66474
66479
66480
66481
66482
66483
66484
66485
66486
66811
66812
66813
66814
66818
66823
66824
66825
66826
66831
66832
66833
66834
66835
66836
66837
66838
66839
66840
66841
66842
66847
66848
66849
66851
66852
66853
66854
66860
66935
66936
66937
66938
66939
66940
66941
66942
66943
66944
66945
66946
66948
66954
66960
66963
66965
66966
66967
66968
66969
66970
66971
66973
66974
66975
66976
66977
66978
66979
66980
66981
66982
66984
66987
66988
66989
66990
66994
67015
67016
67017
67018
67019
67020
67021
67022
67023
67024
67025
67026
67028
67132
67143
67144
67145
67146
67147
67149
67150
67151
67152
67153
67154
67155
67156
67157
67158
67162
67168
67171
67173
67174
68424
68427
68428
68429
68430
68431
68433
68434
68599
68601
68602
68608
68611
68613
68614
68635
68636
68637
68647
68648
68649
68650
68655
68656
68657
68658
68659
68660
68661
68662
68744
68747
68748
68749
68750
68751
68754
68791
68792
68793
68794
68795
68797
68798
68799
68800
68801
68802
68803
68804
68805
68806
68823
68824
68825
68826
68827
68828
68829
68830
68831
68832
68833
68834
68836
68837
68839
68840
68841
68843
68844
68845
68846
68847
68849
68850
68852
68915
68918
69004
69047
69049
69050
69056
69059
69060
69061
69062
69083
69084
69085
69095
69096
69097
69098
69103
69104
69105
69106
69107
69108
69109
69110
69623
69624
69625
69626
69627
69629
69630
69631
69632
69633
69634
69635
69636
69637
69638
69655
69656
69657
69658
69659
69660
69661
69662
69663
69664
69665
69666
69668
69672
69675
69676
69677
69678
69679
69681
69682
69684
69756
69767
69768
69769
69770
69771
69774
69775
69776
69777
69778
69779
69780
69781
69782
69786
69795
69797
69798
69819
69820
69821
69822
69831
69833
69834
69840
69841
69843
69844
69845
69846
69847
69849
69850
69855
69856
69857
69859
69860
69861
69862
69868
70134
71692
71735
71736
71737
71738
71739
71740
71741
71742
71743
71758
71767
71769
71770
