6
22
36
38
43
44
47
48
50
59
61
62
65
66
68
69
70
71
75
76
83
88
89
91
102
107
108
110
116
119
120
121
123
124
133
144
170
211
213
214
215
222
223
246
247
249
250
521
1569
1572
1573
1574
1575
1576
1577
1578
2176
2177
2181
2184
2189
2190
2193
2196
2201
2202
2203
2204
2205
2206
2207
2208
2210
2213
2225
2230
2231
2232
2233
2234
2235
2238
2241
2242
2243
2244
2245
2246
2247
2248
2249
2250
2251
2252
2253
2254
2255
2261
2262
2263
2264
2269
2270
2271
2275
2276
2277
2278
2279
2282
2283
2284
2285
2286
2287
2289
2290
2291
2292
2293
2294
2298
2300
2301
2302
2311
2313
2315
2316
2317
2318
2322
2323
2325
2326
2329
2330
2331
2334
2335
2336
2337
2339
2340
2342
2343
2344
2345
2346
2347
2348
2351
2352
2354
2632
2633
2634
2658
2659
2663
2669
2671
2672
2681
2684
2686
2687
2688
2691
2704
2707
2709
2710
2711
2712
2713
2714
2718
2740
2743
3681
3682
3683
3684
3685
4321
4324
4325
4326
4329
4331
4332
4333
4334
4335
4336
4337
4338
4339
4340
4342
4344
4345
4346
4347
4348
4349
4350
4351
4354
4355
4356
4357
4358
4359
4360
4361
4362
4363
4366
4367
4368
4369
4370
4373
4374
4375
4377
4380
4383
4386
4387
4388
4389
4390
4391
4392
4393
4395
4397
4401
4409
4416
4422
4428
4439
4440
4441
4442
4443
4444
4445
4446
4447
4450
4451
4455
4458
4460
4461
4468
4469
4470
4471
4472
4475
4599
4615
4620
4632
4633
4635
4636
4647
4650
4651
4655
4658
4663
4666
4668
4669
4670
4671
4674
4675
4676
4677
4678
4679
4680
4683
4684
4691
4697
4698
4702
4704
4717
4718
4719
4720
4721
4722
4723
4743
4744
4745
4747
4748
4749
4750
4751
4752
4753
4754
4755
4756
4757
4758
4760
4761
4762
4763
4766
4767
4768
4769
4770
4771
4772
4773
4774
4775
4776
4777
4778
4779
4780
4781
4782
4783
4784
4785
4786
4787
4788
4789
4790
4791
4792
4793
4794
4795
4796
4797
4798
4799
4800
4801
4802
4803
4804
4805
4806
4807
4809
4810
4811
4812
4813
4816
4817
4818
4819
4823
4824
4825
4826
4827
4828
4829
4830
6417
6425
6439
6441
6456
6471
6472
6473
6474
6475
6476
6518
6519
6520
6521
6522
6523
6524
6525
6526
6527
6528
6529
6530
6531
6532
6533
6534
6535
6536
6537
6538
6539
6540
6541
6542
6543
6544
6545
6546
6547
6548
6549
6550
6551
6552
6553
6554
6555
6556
6678
6679
6685
6686
6687
6688
6689
6690
6691
6694
6695
6696
6698
6699
6700
6701
6702
6703
6704
6705
6707
6708
6709
6710
6711
6712
6713
6714
6715
6716
6717
6718
6719
6720
6721
6722
6726
6727
6728
6729
6730
6731
6732
6733
6734
6735
6736
6737
6738
6739
6740
6741
6742
6743
6744
6745
6746
6747
6748
6749
6750
6751
6752
6753
6754
6755
6756
6757
6758
6759
6760
6761
6762
6763
6764
6765
6766
6767
6768
6769
6770
6771
6772
6773
6774
6776
6777
6778
6779
6780
6781
6782
6783
6784
6785
6787
6790
6792
6793
6794
6795
6798
6800
6801
6802
6803
6804
6805
6806
6808
6809
6810
6814
6815
6816
6817
6818
6819
6820
6821
6822
6823
6824
6825
6826
6828
6829
6830
6831
6832
6833
6834
6835
6836
6837
6838
6839
6840
6841
6844
6849
6850
6851
6852
6853
6854
6860
6863
6864
6865
6866
6867
6869
6872
6873
6874
6875
6876
6877
6879
6880
6882
6883
6884
6885
6886
6887
6888
6889
6890
6891
6892
6893
6894
6895
6896
6897
6900
6901
6902
6904
8575
8578
8580
8581
8582
8583
8585
8586
8587
8588
8589
8590
8591
8592
8593
8594
8595
8596
8597
8599
8600
8601
8602
8603
8604
8605
8606
8607
8608
8609
8611
8613
8614
8735
8736
8743
8745
8746
8747
8748
8749
8750
8751
8752
8753
8754
8755
8756
8757
8758
8759
8760
8761
8762
8763
8764
8765
8766
8767
8768
8769
8770
8771
8772
8773
8774
8775
8776
8777
8778
8779
8780
8781
8782
8783
8784
8785
8786
8787
8788
8789
8790
8791
8792
8793
8794
8795
8796
8797
8798
8799
8800
8801
8802
8803
8804
8805
8806
8807
8808
8809
8810
8811
8813
8814
8815
8816
8817
8818
8819
8820
8821
8822
8823
8824
8825
8826
8827
8828
8829
8830
8831
8832
8833
8834
8836
8837
8838
8839
8840
8841
8842
8843
8844
8845
8846
8847
8848
8849
8850
8851
8852
8853
8854
8855
8856
8857
8858
8859
8860
8861
8862
8863
8864
8865
8866
8867
8868
8874
8878
8880
8881
8882
8918
8920
8921
8922
8931
8932
8933
8934
8937
17356
17357
17373
17375
17393
17396
17397
20261
20262
20263
20264
20265
20266
20267
20268
20269
20270
20299
20300
20301
20302
20303
20304
20305
20306
20308
20309
20310
20311
20312
20314
20315
20316
20317
20318
20319
20325
20387
20392
20393
20396
20397
20398
20463
20464
20465
20466
20467
20469
20472
20473
20474
20475
20476
20477
20478
20479
20482
20486
20487
20488
20490
20491
20512
20513
20760
20761
20762
20779
20780
20781
20783
20784
20785
20789
20794
20795
20796
20797
20798
21055
21056
21057
21058
21059
21060
21076
21077
21079
21080
21088
21101
21102
21103
21120
21128
21129
22210
22211
22212
22214
22278
22279
22280
22282
22285
22290
22291
22292
22293
22294
22295
22296
22311
22312
22313
22330
23355
23356
23357
23358
