1738
1739
1740
1745
1749
1751
1752
2750
3843
3849
3850
3852
3853
3854
6006
6007
6013
6018
6019
6020
6916
6917
8083
8088
8089
8090
8092
8095
9002
10232
10233
10234
10235
10236
10239
24730
24732
24738
24740
24794
24796
24877
24880
24883
25362
25364
25369
25370
25372
25393
25394
25396
25397
25402
25403
25404
25407
25618
25619
25620
25625
25628
25629
25649
25653
25659
25663
25955
25965
26014
26016
26038
26040
26054
26055
26056
26126
26128
26234
26247
26253
26274
27945
28287
28458
28459
28460
28461
28465
28466
28467
28468
28469
28471
28486
28488
28489
28490
28492
28493
28497
28498
28499
28500
28501
28503
28573
28579
28582
28583
28584
28585
28589
28594
28595
28596
28598
28599
28600
28601
28618
28619
28620
28622
28624
28625
28626
28628
28629
28638
28639
28640
28969
29311
29482
29483
29484
29486
29488
29489
29490
29492
29493
29510
29512
29513
29516
29517
29522
29523
29524
29526
29527
29528
29597
29603
29606
29607
29608
29622
29623
29624
29625
29643
29646
29647
29648
29649
29653
29659
29662
29663
29664
29669
30830
30831
30832
30845
30850
30851
30854
30855
30856
30870
30872
30873
31066
31067
31068
31069
31073
31074
31075
31076
31077
31150
31151
31152
31162
31164
31165
31170
31171
31172
31175
31193
31226
31227
31228
31230
31232
31233
31236
31237
31481
31503
31514
31515
31516
31521
31522
31524
31525
32030
32033
32035
32040
32080
32086
32089
32090
32091
32110
32113
32115
32116
32120
32130
32201
32203
40048
40051
40052
40053
40054
41291
41294
41295
41296
41297
41301
41978
41979
41980
41981
41982
41983
41984
41985
41986
41987
41988
41989
41990
41991
41992
41994
41996
41997
42002
42003
42004
42006
42007
42008
42009
42010
42011
42012
42013
42016
42017
42018
42019
42020
42021
42022
42023
42024
42025
42031
42057
42079
42090
42091
42092
42093
42097
42098
42099
42100
42101
42102
42103
42104
42105
42106
42108
42109
42113
42114
42115
42116
42118
42119
42120
42121
42137
42138
42139
42140
42141
42142
42143
42144
42145
42146
42147
42148
42149
42151
42154
42155
42156
42158
42159
42160
42161
42162
42164
42165
42438
42439
42440
42441
42459
42462
42463
42464
42465
42469
42474
42475
42476
42477
42478
42479
42480
42481
42482
42483
42484
42485
42486
42487
42488
42489
42493
42499
42502
42503
42504
42505
42523
42526
42527
42528
42529
42533
42538
42539
42540
42541
42542
42543
42544
42545
42546
42547
42548
42549
42550
42551
42552
42618
42619
42620
42622
42623
42624
42625
42626
42628
42629
42634
42635
42636
42637
42638
42640
42641
42642
42643
42644
42645
42646
42647
42648
42649
42653
42658
42659
42660
42662
42663
42664
42665
42686
42687
42688
42698
42699
42700
42701
42702
42703
42704
42705
42706
42707
42708
42709
42711
42728
42729
44022
44024
44025
45390
45391
45392
46074
46075
46076
46077
46078
46079
46080
46081
46082
46083
46084
46085
46086
46087
46088
46093
46099
46102
46103
46104
46105
46106
46107
46108
46109
46110
46112
46113
46114
46115
46116
46117
46118
46119
46120
46121
46126
46127
46128
46186
46188
46189
46194
46195
46196
46198
46199
46200
46201
46202
46203
46204
46205
46209
46210
46211
46212
46213
46214
46215
46216
46217
46233
46234
46235
46236
46237
46238
46239
46240
46241
46242
46243
46244
46245
46247
46250
46251
46252
46254
46255
46256
46257
46261
46534
46536
46537
46558
46559
46560
46570
46571
46572
46573
46574
46576
46577
46578
46579
46580
46581
46582
46583
46584
46598
46600
46601
46619
46622
46623
46624
46629
46634
46635
46636
46637
46638
46639
46640
46641
46642
46643
46644
46645
46647
46714
46715
46716
46718
46719
46720
46721
46722
46724
46725
46730
46731
46732
46733
46737
46738
46739
46740
46741
46742
46743
46744
46745
46749
46755
46758
46759
46760
46761
46783
46794
46795
46796
46797
46798
46799
46800
46801
46802
46804
46805
46825
51455
51466
51467
51468
51470
51471
51472
51473
51474
51476
51477
51517
51522
51523
51526
51527
51528
51529
51546
51547
51548
51550
51551
51552
51553
51554
51556
51557
51563
51566
51567
51568
51569
51573
51628
51629
51634
51635
51636
51638
51639
51640
51641
52281
52366
52367
52368
52410
52411
52412
52413
52414
52416
52417
52418
52419
52420
52421
52423
52429
52435
52438
52439
52440
52441
52442
52443
52444
52445
52449
52450
52451
52452
52453
52454
52455
52456
52463
52735
52746
52747
52748
52749
52750
52751
52752
52753
52754
52755
52756
52757
52777
52794
52796
52797
52802
52803
52804
52806
52807
52808
52809
52825
52826
52827
52828
52830
52831
52832
52833
52834
52836
52837
52843
52846
52847
52848
52849
52853
52906
52908
52909
52914
52915
52916
52918
52919
52920
52921
53051
53054
53055
53056
53057
53061
53066
53067
53068
53069
53073
53074
53075
53076
53077
53078
53079
53080
53085
53091
53094
53095
53096
53097
54070
54072
54073
54158
54159
54160
54202
54203
54204
54205
54206
54208
54209
54210
54211
54212
54213
54215
54221
54227
54230
54231
54232
54233
54234
54235
54236
54237
54241
54242
54243
54244
54245
54246
54247
54248
56354
56357
56358
56359
56364
56369
56370
56371
56372
56376
56377
56378
56379
56380
56381
56382
56383
56397
56399
56400
56560
56581
56582
56583
56593
56594
56595
56596
56597
56599
56600
56601
56602
56603
56604
56674
56677
56678
56679
56680
56684
56689
56691
56692
56697
56698
56699
56701
56702
56703
56717
56718
56719
56720
56753
56754
56755
56757
56758
56759
56760
56764
57008
57030
57041
57042
57043
57044
57047
57048
57049
57050
57051
57052
57054
135624
135625
135626
135627
135628
135629
135630
