332
335
336
337
338
339
342
2112
2441
2442
2443
2444
2445
2446
2447
2448
4206
4210
4212
4217
4525
4526
4527
4528
4529
4530
4531
6300
6303
6304
6306
6308
6606
6607
6608
6609
6610
6611
6612
8363
8365
8366
8368
8370
8371
8374
8442
8659
8661
8662
8663
8664
8668
8669
8670
10505
10506
10507
10508
10510
10514
10567
10571
10572
10573
10574
10587
10589
10599
10602
10607
10610
10692
10693
10694
10759
10760
10761
10762
10764
10765
10766
10771
10778
10779
10783
10784
10786
10806
10807
10915
10920
10921
10922
10940
10941
10953
10956
10957
10978
10979
11189
11190
11191
11193
11195
11196
11199
11200
11207
11208
11212
11213
11214
11215
11233
11234
11235
11236
11457
11458
11459
11460
11475
11476
11477
11478
11479
11480
11481
11482
11483
11484
11485
11487
11488
11559
11560
11564
11565
11566
11567
11633
11634
11635
11640
11644
11645
11646
11647
11649
11650
11662
11665
11666
11667
11672
11676
11677
11678
11679
11681
11682
12116
12117
12118
12119
12120
12121
12122
12123
12124
12125
12126
12127
12384
12385
12386
12387
12388
12389
12390
12391
12392
12394
12395
12396
12397
12398
12399
12407
12411
12412
12413
12414
12416
12417
12418
12428
12429
12432
12433
12434
12435
12455
12460
12461
12462
12464
12465
12466
12480
12481
12482
12483
12486
12487
12491
12492
12493
12494
12495
12496
12497
12567
12571
12572
12573
12574
12576
12577
12578
13316
13318
13319
13335
13336
13337
13338
13340
13341
13342
13343
13346
13347
13357
13404
13405
13416
13417
13418
13420
13421
13422
13427
13447
13464
13465
13468
13469
13470
13475
13480
13481
13482
13484
13485
13486
13491
13628
13670
13671
13682
13683
13684
13686
13687
13688
13693
13713
13734
13745
13746
13749
13750
13751
13756
14561
14562
14563
14564
14565
14566
14567
14568
14569
14570
14571
14572
14577
14578
14579
14580
14583
14584
14585
14586
14587
14588
14589
14590
14591
14601
14602
14605
14606
14607
14608
14628
14632
14633
14634
14635
14637
14638
14639
14644
14648
14649
14650
14651
14653
14654
14655
14656
14659
14660
14664
14665
14666
14667
14668
14669
14670
14671
14740
14744
14745
14746
14747
14749
14750
14751
14752
15600
15617
15618
15621
15622
15623
15633
15634
15635
15636
15637
15638
15639
15640
15641
15642
15643
15644
15697
15698
15699
15700
15701
15703
15704
15705
15706
15707
15708
15709
15710
15711
15716
15720
15721
15722
15723
15725
15726
15727
15728
15737
15738
15741
15742
15743
15744
15745
15746
15747
15748
15749
15750
15751
15752
15753
15754
15755
15756
15757
15758
15759
16045
16046
16047
16048
16063
16064
16065
16066
16067
16068
16069
16070
16071
16072
16073
16074
16075
16076
16081
16082
16083
16085
16086
16087
16092
16337
16338
16339
16340
16341
16342
16343
16344
16345
16346
16347
16348
16349
16350
16362
16365
16366
16367
16368
16381
16382
16383
16384
16385
16386
16387
16388
16389
16390
16391
16392
16393
16394
16395
16396
16405
16406
16429
16431
16432
16448
16449
16450
16451
16453
16454
16455
16456
16459
16460
16465
16466
16467
16469
16470
16471
16472
16476
16496
16513
16514
16515
16517
16518
16519
16524
16529
16530
16531
16532
16533
16534
16535
16536
16537
16538
16539
16540
18363
18428
18429
18432
18433
18434
18439
18444
18445
18446
18448
18449
18450
18455
18475
18492
18493
18494
18495
18496
18497
18498
18499
18500
18501
18502
18503
18508
18509
18510
18511
18512
18513
18514
18515
18516
18517
18518
18519
18520
18521
18522
18532
18533
18536
18537
18538
18539
18786
18787
18803
18804
18805
18806
18808
18809
18810
18811
18815
18820
18821
18822
18823
18824
18825
18826
18827
18828
18829
18830
18831
18832
18833
18847
18848
18849
18850
18851
18852
18853
18854
18856
18944
18945
18946
18947
18948
18949
18950
18951
18952
18953
18954
18955
18956
18957
18958
18959
19011
19015
19016
19017
19018
19020
19021
19022
19023
19024
19025
19026
19027
19028
19029
19030
19031
19032
19033
19034
19035
19036
19037
19038
19040
19041
19042
19043
19044
19046
19047
19048
19049
19050
19051
19052
19053
19054
19055
19056
19058
19059
19062
19063
19064
19065
19066
19067
19068
19069
19070
19071
19109
19346
19347
19351
19352
19353
19354
19356
19357
19358
19359
19363
19367
19368
19369
19370
19372
19373
19374
19375
19376
19377
19378
19379
19380
19381
19382
19383
19384
19385
19386
19387
19388
19389
19390
19392
19393
19396
19397
19398
19403
22391
22392
22393
22394
22458
22459
22460
22461
22463
22464
22465
22466
22470
22475
22476
22477
22478
22479
22480
22481
22482
22483
22484
22485
22486
22505
22506
22523
22524
22525
22526
22527
22528
22529
22530
22533
22534
22539
22540
22541
22542
22543
22544
22545
22546
22547
22548
22549
22550
22567
22568
22569
22570
22779
22780
22781
22782
22783
22784
22785
22786
22787
22788
22789
22790
22791
22792
22793
22797
22798
22802
22803
22804
22805
22806
22807
22808
22809
22810
22813
22814
22818
22819
22820
22821
22823
22824
22825
22826
22894
22898
22899
22900
22901
22903
22904
22905
22906
22967
22968
22969
22970
22971
22972
22973
22974
22975
22976
22977
22978
22979
22980
22981
22982
22984
22987
22988
22989
22990
22991
22992
22993
22994
22995
22996
22997
22998
22999
23000
23001
23006
23011
23012
23015
23016
23017
23018
23039
23040
23051
23052
23053
23055
23056
23057
23062
23881
23882
23883
23884
24137
24148
24149
24152
24153
24154
24159
24196
24197
24198
24200
24201
24202
24207
24212
24213
24214
24215
24216
24217
24218
24219
24220
24221
24222
24223
24242
24243
24323
24389
24392
24393
24404
24405
24406
24408
24409
24410
24415
24435
24452
24453
24454
24456
24457
24458
24459
24462
24463
24468
24469
24470
24471
24472
24473
24474
24475
24476
24477
24478
24479
24496
24498
24499
24579
