1304
1329
1330
1331
1332
1333
1334
1335
3413
3414
3415
3440
3441
3442
3443
3444
5561
5562
5563
5564
5565
5566
5567
5568
7636
7637
7638
7639
7640
7641
7642
7643
9752
9753
9754
9755
9756
9757
9758
9759
73306
73307
73350
73351
73354
73355
73366
73367
73370
73371
74048
74049
74052
74053
74064
74065
74068
74069
74070
74075
74112
74113
74114
74116
74117
74118
74123
74128
74129
74130
74132
74133
74134
74139
74159
74239
74304
74305
74306
74308
74309
74310
74315
74320
74321
74322
74324
74325
74326
74331
74351
74368
74369
74370
74372
74373
74374
74379
74384
74385
74386
74388
74389
74390
74395
74415
74495
74815
77120
77121
77122
77124
77125
77126
77131
77136
77137
77138
77140
77141
77142
77147
77167
77184
77185
77186
77188
77189
77190
77195
77200
77201
77202
77204
77205
77206
77211
77231
77311
77376
77377
77378
77380
77381
77382
77383
77386
77387
77392
77393
77394
77395
77396
77397
77398
77399
77402
77403
77422
77423
77440
77441
77442
77443
77444
77445
77446
77447
77450
77451
77456
77457
77458
77459
77460
77461
77462
77463
77466
77467
77486
77487
77566
77567
77887
78144
78145
78146
78147
78148
78149
78150
78151
78152
78154
78155
78160
78161
78162
78163
78164
78165
78166
78167
78168
78169
78170
78171
78188
78189
78190
78191
78208
78209
78210
78211
78212
78213
78214
78215
78216
78217
78218
78219
78224
78225
78226
78227
78228
78229
78230
78231
78232
78233
78234
78235
78252
78253
78254
78255
78332
78333
78334
78335
78400
78401
78402
78403
78404
78405
78406
78407
78408
78409
78410
78411
78416
78417
78418
78419
78420
78421
78422
78423
78424
78425
78426
78427
78444
78445
78446
78447
78464
78465
78466
78467
78468
78469
78470
78471
78472
78473
78474
78475
78480
78481
78482
78483
78484
78485
78486
78487
78488
78489
78490
78491
78508
78509
78510
78511
78588
78589
78590
78591
78908
78909
78910
78911
80190
80191
85311
89408
89409
89410
89411
89412
89413
89414
89415
89416
89417
89418
89419
89424
89425
89426
89427
89428
89429
89430
89431
89432
89433
89434
89435
89452
89453
89454
89455
89472
89473
89474
89475
89476
89477
89478
89479
89480
89481
89482
89483
89488
89489
89490
89491
89492
89493
89494
89495
89496
89497
89498
89499
89516
89517
89518
89519
89596
89597
89598
89599
89664
89665
89666
89667
89668
89669
89670
89671
89672
89673
89674
89675
89676
89677
89680
89681
89682
89683
89684
89685
89686
89687
89688
89689
89690
89691
89692
89693
89704
89705
89708
89709
89710
89711
89728
89729
89730
89731
89732
89733
89734
89735
89736
89737
89738
89739
89740
89741
89744
89745
89746
89747
89748
89749
89750
89751
89752
89753
89754
89755
89756
89757
89768
89769
89772
89773
89774
89775
89848
89849
89852
89853
89854
89855
90172
90173
90174
90175
90432
90433
90434
90435
90436
90437
90438
90439
90440
90441
90442
90443
90444
90445
90448
90449
90450
90451
90452
90453
90454
90455
90456
90457
90458
90459
90460
90461
90462
90467
90472
90473
90474
90476
90477
90478
90479
90496
90497
90498
90499
90500
90501
90502
90503
90504
90505
90506
90507
90508
90509
90510
90512
90513
90514
90515
90516
90517
90518
90519
90520
90521
90522
90523
90524
90525
90526
90531
90535
90536
90537
90538
90540
90541
90542
90543
90611
90615
90616
90617
90618
90620
90621
90622
90623
90688
90689
90690
90691
90692
90693
90694
90695
90696
90697
90698
90699
90700
90701
90702
90704
90705
90706
90707
90708
90709
90710
90711
90712
90713
90714
90715
90716
90717
90718
90723
90727
90728
90729
90730
90732
90733
90734
90735
90752
90753
90754
90755
90756
90757
90758
90759
90760
90761
90762
90763
90764
90765
90766
90768
90769
90770
90771
90772
90773
90774
90775
90776
90777
90778
90779
90780
90781
90782
90787
90791
90792
90793
90794
90796
90797
90798
90799
90867
90871
90872
90873
90874
90876
90877
90878
90879
91187
91191
91192
91193
91194
91196
91197
91198
91199
92472
92473
92476
92477
92478
92479
93504
93505
93506
93507
93508
93509
93510
93511
93512
93513
93514
93515
93516
93517
93518
93520
93521
93522
93523
93524
93525
93526
93527
93528
93529
93530
93531
93532
93533
93534
93539
93543
93544
93545
93546
93548
93549
93550
93551
93568
93569
93570
93571
93572
93573
93574
93575
93576
93577
93578
93579
93580
93581
93582
93584
93585
93586
93587
93588
93589
93590
93591
93592
93593
93594
93595
93596
93597
93598
93603
93607
93608
93609
93610
93612
93613
93614
93615
93683
93687
93688
93689
93690
93692
93693
93694
93695
93760
93761
93762
93763
93764
93765
93766
93767
93768
93769
93770
93771
93772
93773
93774
93776
93777
93778
93779
93780
93781
93782
93783
93784
93785
93786
93787
93788
93789
93790
93795
93799
93800
93801
93802
93804
93805
93806
93807
93824
93825
93826
93827
93828
93829
93830
93831
93832
93833
93834
93835
93836
93837
93838
93839
93840
93841
93842
93843
93844
93845
93846
93847
93848
93849
93850
93851
93852
93853
93854
93855
93858
93859
93862
93863
93864
93865
93866
93867
93868
93869
93870
93871
93938
93939
93943
93944
93945
93946
93948
93949
93950
93951
94259
94263
94264
94265
94266
94268
94269
94270
94271
94528
94529
94530
94531
94532
94533
94534
94535
94536
94537
94538
94539
94540
94541
94542
94543
94544
94545
94546
94547
94548
94549
94550
94551
94552
94553
94554
94555
94556
94557
94558
94559
94562
94563
94566
94567
94568
94569
94570
94571
94572
94573
94574
94575
94592
94593
94594
94595
94596
94597
94598
94599
94600
94601
94602
94603
94604
94605
94606
94607
94608
94609
94610
94611
94666
94667
94670
94671
94672
94673
94674
94675
94676
94677
94678
94679
95622
95623
95626
95627
95628
95629
95630
95631
95632
95633
95634
95635
100291
100295
100296
100297
100298
100300
100301
100302
100303
120655
120656
120657
120658
