1425
1426
1427
1428
1429
1430
1431
3534
3535
3536
3537
3538
3539
3540
5681
5682
5683
5685
5686
5687
5688
7756
7759
7760
7761
7762
7763
9872
9873
9874
9875
9876
9877
9879
73163
73173
73242
73337
73342
73343
73414
73415
73425
73433
73439
73460
73766
73776
74252
74254
74272
74273
74274
74278
74283
74559
74560
74561
74562
74566
74567
74571
74579
74584
74585
74589
74604
74606
74638
74639
74656
74657
74660
74662
74667
74739
74744
74745
74746
75891
75896
75897
75969
75974
75979
75987
75992
75993
75994
77938
77939
77943
77944
77945
77946
78015
78016
78017
78018
78020
78022
78023
78024
78026
78027
78035
78040
78041
78042
78044
78045
78046
78060
78061
78062
79164
79166
79167
79168
79169
79170
79171
79172
79174
79175
79176
79177
79178
79179
79187
79192
79193
79194
79196
79197
79198
79203
79208
79209
79210
79212
79213
79214
79244
79246
79247
79264
79265
79266
79268
79269
79270
79275
79280
79281
79284
79285
79286
79291
79344
79345
79346
79347
79350
79351
79352
79353
79354
79355
79475
79480
79481
79482
79484
79485
79486
79552
79553
79554
79556
79557
79558
79563
79568
79570
79571
79575
79576
79577
79578
79579
79596
79598
79599
79633
79636
79637
79638
79875
79881
79884
79885
79886
79903
79904
79905
79906
79907
79908
79910
79911
79912
79913
79914
79915
84492
84494
84495
84512
84513
84514
84516
84517
84518
84523
84532
84533
84800
84801
84804
84805
84806
84811
84819
84823
84824
84825
84826
84844
84846
84847
84876
84877
84878
84895
84896
84897
84898
84900
84902
84903
84906
84907
84979
84984
84985
84986
84989
85141
92672
92673
92674
92675
92676
92678
92679
92680
92681
92682
92683
92684
92685
92686
92691
92695
92696
92697
92698
92700
92701
92702
92703
92704
92706
92707
92711
92712
92713
92714
92716
92717
92718
92719
92976
92978
92979
92983
92984
92985
92986
92987
92988
92989
92990
92991
92995
92999
93000
93001
93002
93004
93005
93006
93007
93020
93021
93022
93023
93024
93025
93026
93027
93028
93029
93030
93031
93032
93033
93034
93035
93037
93044
93045
93046
93071
93092
93093
93104
93105
93106
93107
93108
93109
93110
93111
93112
93113
93114
93115
93117
93132
93133
93134
93135
93151
93152
93153
93154
93156
93157
93158
93159
93162
93163
93168
93169
93170
93172
93173
93174
93175
93178
93179
96244
96245
96246
96247
96248
96249
96250
96251
96252
96253
96254
96255
96256
96257
96258
96260
96261
96262
96263
96267
96287
96309
96320
96321
96322
96323
96324
96326
96327
96328
96329
96330
96331
96332
96333
96334
96335
96338
96339
96343
96344
96345
96346
96348
96349
96350
96351
96364
96365
96366
96367
96368
96369
96370
96371
96372
96373
96374
96375
96376
96377
96378
96379
96380
96381
96384
96385
96386
96388
96389
96390
96391
96394
96395
96524
96526
96527
96608
96609
96612
96613
96614
96619
96656
96657
96658
96659
96660
96661
96662
96663
96664
96665
96666
96667
96668
96669
96670
96672
96673
96674
96675
96678
96679
96680
96681
96682
96683
96684
96685
96686
96687
96688
96690
96691
96695
96696
96697
96698
96700
96701
96702
96703
96780
96781
96782
96783
96852
96853
96854
96864
96865
96866
96868
96869
96870
96871
96872
96874
96875
96895
96912
96913
96914
96915
96916
96917
96918
96919
96920
96921
96922
96923
96928
96929
96930
96931
96932
96933
96934
96935
96936
96937
96938
96939
96940
96941
96942
96943
96947
96952
96953
96954
96956
96957
96958
96959
97472
97473
97474
97475
97476
97478
97479
97480
97481
97482
97483
97484
97485
97486
97487
97749
97760
97761
97762
97764
97765
97766
97767
97771
97808
97809
97810
97811
97812
97813
97814
97815
97816
97817
97818
97819
97824
97825
97826
97827
97828
97830
97831
97832
97833
97834
97835
97836
97837
97838
97843
97848
97849
97850
97852
97853
97854
97855
97932
97934
97935
98016
98017
98018
98020
98021
98022
98027
98064
98065
98066
98067
98068
98069
98070
98071
98072
98073
98074
98075
98080
98081
98082
98083
98084
98085
98086
98087
98088
98089
98090
98091
98092
98093
98094
98099
98105
98108
98109
98110
98111
98190
98191
99027
99031
99032
99033
99034
99036
99037
99038
99039
99052
99053
99054
99055
99056
99057
99058
99059
99060
99061
99062
99063
99064
99065
99066
99067
99069
99072
99073
99074
99076
99077
99078
99083
99103
99124
99125
99136
99137
99138
99139
99140
99141
99142
99143
99144
99145
99146
99147
99148
99149
99150
99155
99160
99161
99164
99165
99166
99167
99182
99183
99184
99185
99186
99187
99188
99189
99190
99191
99192
99193
99194
99195
99200
99201
99202
99204
99205
99206
99207
99210
99211
117391
117392
117393
117394
117460
117463
117464
117465
117475
117476
117477
117478
117479
117480
117481
117482
117483
117485
117486
117506
117523
117524
117525
117527
117528
117529
117534
117539
117540
117541
117542
117543
117544
117545
117546
117547
117548
117549
117550
117569
117570
118611
118612
118615
118616
118617
118622
118627
118628
118629
118630
118631
118632
118633
118634
118635
118636
118637
118638
118657
118658
118678
118682
118683
118684
118685
118687
118688
118689
118703
118704
118705
118706
118707
118708
118709
118710
118713
118714
118715
118716
118717
118718
118719
118720
118790
118795
118796
118799
118800
118801
118802
118882
118903
118904
118905
118915
118916
118917
118918
118919
118920
118921
118922
118923
118924
118925
118926
118982
118988
118991
118992
118993
118994
118995
118997
118998
119002
119003
119004
119005
119006
119007
119008
119009
119014
119020
119023
119024
119025
119026
119027
119029
119030
119034
119035
119036
119037
119038
119039
119040
119041
119330
119347
119348
119351
119352
119353
119358
119363
119364
119365
119367
119368
119369
119370
119373
119374
119960
119971
119972
119973
119975
119976
119977
119978
119982
