645
1770
1771
1781
1782
1783
1786
1787
1788
2746
3875
3882
3884
3886
3887
3888
3889
3890
3891
4846
4847
4856
4883
6038
6045
6046
6047
6048
6049
6050
6051
6052
6934
6937
6961
8120
8121
8122
8123
8124
8125
8126
8127
8979
8981
8998
9000
9444
9445
9446
9447
9448
9449
10266
24723
24725
25199
25201
25219
25222
25224
25238
25239
25240
25298
25301
25302
25307
25308
25309
25330
25334
25339
25340
25341
25669
25675
25679
26018
26020
26025
26026
26028
26205
26206
26212
26216
26241
26243
26261
26270
26285
26286
26287
27738
27740
27741
27745
27746
27747
27748
27751
27822
27823
27824
27834
27836
27837
27841
27842
27843
27844
27845
27847
27864
27865
27898
27899
27900
27902
27903
27904
27905
27909
28189
28195
28198
28199
28200
28201
28205
28210
28211
28214
28215
28216
28217
28233
28234
28235
28236
28238
28240
28241
28242
28244
28245
28254
28255
28256
28326
28327
28328
28329
28333
28338
28339
28340
28342
28343
28344
28361
28362
28363
28364
28365
28366
28368
28369
28370
28371
28372
28373
28383
29686
29688
29689
29707
29710
29711
29712
29717
29723
29726
29727
29728
29733
31039
31082
31083
31084
31085
31089
31090
31091
31092
31093
31110
31112
31113
31117
31122
31123
31124
31126
31127
31209
31850
31851
31852
31854
31856
31857
31861
31869
31875
31878
31879
31880
31894
31895
31896
32061
32062
32063
32068
32069
32071
32072
32142
32145
32147
32152
32160
32166
32169
32170
32185
32187
32188
32225
32226
32227
32364
32386
32397
32398
32399
32401
32403
32404
32407
32408
39094
39179
39180
39181
39223
39224
39225
39226
39227
39228
39229
39230
39231
39232
39233
39234
39235
39236
39237
39242
39247
39248
39251
39252
39253
39254
39255
39256
39257
39258
39261
39262
39263
39264
39265
39266
39267
39268
39269
39270
39276
39543
39544
39545
39547
39548
39549
39550
39551
39553
39554
39559
39560
39561
39562
39563
39564
39565
39566
39567
39568
39569
39570
39571
39572
39573
39578
39584
39587
39588
39589
39590
39610
39616
39619
39620
39621
39622
39638
39639
39640
39641
39643
39644
39645
39646
39647
39649
39650
39655
39656
39657
39659
39660
39661
39662
39663
39665
39666
39686
39708
39719
39720
39721
39722
39723
39725
39726
39727
39728
39729
39730
39731
39732
39733
39734
39867
39868
39869
39879
39880
39881
39882
39883
39884
39885
39886
39887
39888
39889
39890
39892
39910
40906
40912
40915
40916
40917
40918
40928
40929
40931
40932
40933
40934
40935
40937
40938
40943
40944
40945
40946
40947
40948
40949
40950
40951
40952
40966
40968
40969
40987
40990
40991
40992
41002
41003
41004
41005
41006
41007
41008
41009
41010
41011
41012
41013
41014
41015
41016
41017
41081
41082
41083
41084
41086
41087
41088
41089
41090
41092
41093
41098
41099
41100
41101
41102
41103
41104
41105
41106
41107
41108
41109
41110
41111
41112
41113
41117
41122
41123
41126
41127
41128
41129
41150
41151
41152
41162
41163
41164
41165
41166
41167
41168
41169
41170
41171
41172
41173
41175
41192
41193
41450
41452
41453
41458
41459
41460
41462
41463
41464
41465
41466
41467
41468
41469
41473
41474
41475
41476
41477
41478
41479
41480
41481
41494
41495
41496
41497
41498
41499
41500
41501
41502
41503
41504
41505
41506
41507
41508
41509
41510
41511
41512
41515
41518
41519
41520
41521
41525
41578
41580
41581
41585
41586
41587
41588
41590
41591
41592
41593
41594
41595
41596
41597
41601
41602
41603
41604
41605
41606
41607
41608
41609
41622
41624
41625
41626
41627
41628
41629
41630
41631
41632
41633
41634
41635
41636
41637
41638
41639
41640
41642
41643
41646
41647
41648
41649
41653
41679
41807
46902
46903
46904
46905
46986
46987
46988
46990
46991
46992
46993
46997
47034
47035
47036
47037
47038
47039
47040
47041
47042
47043
47044
47045
47050
47051
47052
47053
47057
47058
47059
47060
47061
47062
47063
47064
47065
47069
47074
47075
47076
47078
47079
47080
47081
52302
52303
52304
52474
52475
52476
52477
52478
52479
52480
52481
52482
52483
52484
52485
52487
52492
52493
52498
52499
52500
52502
52503
52504
52505
52506
52508
52509
52514
52515
52516
52518
52519
52520
52521
52553
52574
52575
52576
52586
52587
52588
52589
52590
52591
52592
52593
52594
52595
52596
52597
52599
52614
52616
52617
52635
52638
52639
52640
52645
52650
52651
52652
52653
52654
52655
52656
52657
52658
52659
52660
52661
52663
52985
55371
55374
55375
55376
55381
55546
55547
55548
55549
55550
55551
55552
55553
55554
55555
55556
55557
55559
55565
55570
55571
55574
55575
55576
55577
55578
55580
55581
55585
55586
55587
55588
55590
55591
55592
55593
55625
55647
55658
55659
55660
55661
55662
55664
55665
55666
55667
55668
55669
55670
55671
55686
55688
55689
55707
55710
55711
55712
55717
55722
55723
55724
55726
55727
55728
55729
55730
55732
55733
56054
56056
56057
56481
56482
56483
56484
56488
56489
56490
56491
56492
56493
56494
56495
56509
56511
56512
56513
56514
56515
56516
56520
56521
56522
56523
56524
56525
56526
56527
56805
56806
56807
56817
56818
56819
56820
56821
56823
56824
56825
56826
56827
56828
56830
56848
56868
56874
56877
56878
56879
56880
56897
56898
56899
56901
56902
56903
56904
56907
56908
56914
56917
56918
56919
56924
56977
56979
56980
56985
56986
56987
56989
56990
56991
57126
57137
57138
57139
57141
57142
57143
57144
57145
57147
57148
57168
58040
58041
58042
58043
58124
58125
58126
58128
58129
58130
58131
58135
58172
58173
58174
58176
58177
58178
58179
58183
58188
58190
58191
58195
58196
58197
58198
58199
58200
58201
58202
58207
58213
58216
58217
58218
58219
