65649
65714
65719
65855
65941
65988
65990
66003
66009
66250
66270
66814
67153
67156
67158
67163
67333
67344
67346
67351
67352
67354
67375
67404
67405
67406
67424
67425
67426
67430
67431
67435
67507
67513
67516
67517
68355
68361
68365
68383
68387
68392
68394
68467
68472
68474
68495
68516
68517
68518
68532
68533
70640
70641
70642
70643
70647
70648
70649
70650
70651
71957
72000
72001
72002
72004
72006
72007
72010
72011
72019
72024
72025
72026
72028
72029
72030
72044
72045
72046
72047
72127
72725
72768
72769
72770
72772
72774
72775
72776
72778
72779
72787
72792
72793
72794
72796
72797
72798
72803
72809
72812
72813
72814
72815
72895
72975
72996
72997
72998
73008
73009
73010
73012
73013
73014
73015
73016
73018
73019
73087
73088
73089
73090
73091
73092
73094
73095
73096
73097
73098
73099
73107
73113
73116
73117
73118
73119
73123
73128
73129
73130
73132
73133
73134
73173
73423
73445
73456
73457
73458
73459
73460
73462
73463
73464
73465
73466
73467
76815
76833
76836
76837
76838
76849
76852
76853
76854
76859
76924
76926
76927
76931
76936
76937
76938
76941
76956
76958
76959
76960
76962
76963
76967
76968
76969
76970
76973
77260
77261
77262
77280
77281
77282
77286
77287
77291
77363
77369
77372
77373
77374
77444
77445
77456
77457
77458
77463
77464
77466
77467
77487
77520
77521
77524
77525
77526
77531
151308
151310
151311
151332
151333
151334
151344
151345
151346
151347
151348
151350
151351
151352
151354
151355
151357
151428
151429
151430
151440
151441
151442
151443
151447
151448
151449
151450
151451
151452
151453
151454
151468
151470
151471
151493
151504
151505
151506
151507
151508
151510
151511
151512
151513
151514
151515
151517
151535
156932
156933
156944
156945
156946
156947
156951
156952
156953
156954
156955
156956
156957
156958
156974
156975
157007
157029
157040
157041
157042
157043
157047
157048
157049
157050
157051
157052
157053
157054
157068
157070
157071
157092
157093
157094
157104
157105
157106
157107
157108
157110
157111
157112
157113
157114
157115
157117
159813
159824
159825
159826
159827
159831
159832
159833
159834
159835
159837
159855
160015
160037
160048
160049
160050
160051
160055
160056
160057
160058
160059
160061
160133
160144
160145
160146
160147
160151
160152
160153
160154
160155
160157
160175
160197
160208
160209
160210
160211
160215
160216
160217
160218
160219
160221
160239
160463
160485
160496
160497
160498
160499
160503
160504
160505
160506
160507
160509
161545
161548
161549
161550
161551
161569
161572
161573
161574
161575
161579
161584
161585
161586
161588
161589
161590
161591
161595
161663
161664
161665
161666
161667
161668
161670
161671
161672
161674
161675
161683
161689
161692
161693
161694
161695
161698
161699
161704
161705
161706
161708
161709
161710
161748
161749
161750
162032
162034
162035
162040
162041
162042
162044
162045
162046
162373
162384
162385
162386
162387
162388
162390
162391
162392
162394
162395
162415
162564
162565
162566
162576
162577
162578
162579
162583
162584
162585
162586
162587
162588
162589
162590
162604
162606
162607
162639
162661
162672
162673
162674
162675
162679
162680
162681
162682
162683
162685
162702
162703
162724
162725
162736
162737
162738
162739
162740
162742
162743
162744
162745
162746
162747
162749
225509
225520
225522
225523
225528
225529
225530
225532
225533
225534
225872
225873
225874
225876
225878
225879
225880
225882
225883
226052
226053
226054
226064
226066
226067
226072
226073
226074
226076
226077
226078
226092
226094
226095
226160
226162
226163
226168
226169
226170
226172
226173
226174
226188
226190
226191
226212
226213
226214
226224
226225
226226
226228
226230
226231
226232
226234
226235
227396
227397
227398
227408
227409
227410
227411
227414
227415
227416
227417
227418
227419
227421
227438
227439
227596
227598
227599
227620
227621
227622
227632
227633
227634
227635
227636
227638
227639
227640
227642
227643
227645
227716
227717
227718
227728
227730
227731
227736
227737
227738
227740
227741
227742
227756
227758
227759
227792
227793
227794
227796
227798
227799
227800
227802
227803
228047
228069
228080
228081
228082
228083
228087
228088
228089
228090
228091
228092
228093
228094
228613
228624
228625
228626
228627
228628
228630
228631
228632
228634
228635
228655
228675
228681
228684
228685
228686
228687
228703
228704
228705
228706
228708
228709
228710
228711
228712
228714
228715
228721
228724
228725
228726
228786
228787
228792
228793
228794
228796
228797
228798
228799
294913
294936
294988
295007
295015
295218
295223
295299
295304
295305
295306
295324
295326
295337
295653
295669
296131
296135
296136
296138
296156
296157
296158
296172
296173
296435
296440
296441
296442
296460
296462
296479
296480
296481
296482
296486
296487
296491
296562
296567
296568
296570
296591
296609
296612
296613
296614
296629
297791
297873
297876
297878
297883
297936
297937
297942
297947
299779
299784
299785
299786
299788
299789
299804
299805
299806
299807
299811
299815
299816
299817
299818
299821
299855
299873
299876
299877
299878
299888
299889
299892
299893
299894
299899
299952
299953
299954
299956
299958
299959
299962
299963
300995
301000
301001
301004
301005
301006
301007
301023
301024
301025
301026
301027
301028
301030
301031
301032
301033
301034
301035
301045
301107
301112
301113
301114
301116
301117
301118
301184
301185
301186
301188
301189
301190
301191
301195
301200
301201
301202
301203
301206
301207
301208
301209
301210
301211
301228
301230
301231
301265
301268
301269
301270
301275
301516
301517
301518
301535
301536
301537
301538
301539
301540
301542
301543
301544
301546
301547
301619
301623
301624
301625
301626
301628
301629
301630
301695
301696
301697
301698
301699
301700
301701
301702
301703
301704
301706
301707
301714
301715
301719
301720
301721
301722
301724
301725
301740
301741
301742
301743
301781
306428
306429
306430
306753
306756
306757
306758
306768
306769
306770
306774
306775
306776
306778
306779
306799
306961
306964
306965
306966
307008
307009
307010
307014
307015
307018
307019
307027
307032
307033
307034
307037
307052
307053
307054
307135
