25
102
179
388
390
408
410
431
469
716
718
736
738
1231
1252
1253
1254
1268
1269
1270
1540
1541
1542
1552
1554
1559
1560
1562
1563
1583
1612
1613
1614
1631
1632
1634
1639
1640
1642
1724
1725
1726
1873
1876
1877
1878
2866
2871
2872
2874
2943
2944
2946
2951
2972
2973
2988
2989
2990
4921
4924
4925
4926
4992
4993
4996
4997
4998
5003
5008
5009
5010
5011
5015
5016
5017
5018
5019
5039
5073
5076
5077
5078
5083
6145
6148
6149
6150
6160
6161
6162
6163
6164
6166
6167
6168
6169
6170
6171
6191
6211
6216
6217
6220
6221
6222
6238
6239
6240
6241
6242
6243
6244
6246
6247
6248
6249
6250
6251
6323
6328
6329
6332
6333
6334
6448
6449
6450
6451
6455
6456
6457
6458
6459
6527
6528
6529
6530
6531
6534
6535
6536
6537
6538
6539
6547
6552
6553
6556
6557
6558
6563
6569
6572
6573
6574
6860
6862
6863
6880
6881
6882
6884
6885
6886
6891
6897
6900
6901
6902
6907
7493
7504
7505
7506
7508
7509
7510
7511
7512
7514
7515
7535
11459
11465
11468
11469
11470
11487
11488
11490
11491
11495
11496
11497
11498
11499
11775
11776
11778
11779
11783
11784
11786
11804
11805
11806
11811
11817
11820
11821
11822
11855
11873
11876
11877
11878
11889
11892
11893
11894
11899
11952
11953
11954
11959
11960
11962
11963
94210
94211
94217
94220
94221
94222
94223
94241
94244
94245
94246
94247
94251
94257
94260
94261
94262
94263
94267
94337
94340
94341
94342
94343
94347
94355
94361
94364
94365
94366
94367
94371
94377
94380
94381
94382
94383
94417
94420
94421
94422
94423
94426
94427
94721
94724
94725
94726
94727
94731
94736
94738
94739
94744
94745
94746
94748
94749
94750
94751
94755
94761
94764
94765
94766
94767
94834
94835
94840
94841
94844
94845
94846
94847
94851
94857
94860
94861
94862
94863
94881
94884
94885
94886
94887
94891
94896
94897
94898
94900
94901
94902
94903
94904
94906
94907
95056
95057
95058
95060
95061
95062
95063
95064
95066
95067
96243
96249
96252
96253
96254
96255
96258
96259
96264
96265
96266
96268
96269
96270
96287
96288
96289
96290
96291
96292
96294
96295
96296
96297
96298
96299
96301
96308
96309
96377
96380
96381
96382
96383
96384
96386
96387
96392
96393
96394
96396
96397
96398
96415
96416
96417
96418
96419
96420
96422
96423
96424
96425
96426
96427
96429
96436
96437
96754
96755
96760
96761
96762
96764
96765
96766
96767
96771
96777
96780
96781
96782
96783
96801
96804
96805
96806
96807
96811
96816
96817
96820
96821
96822
96823
96827
96896
96897
96898
96900
96901
96902
96903
96904
96906
96907
96915
96921
96924
96925
96926
96927
96931
96936
96937
96940
96941
96942
96943
96977
96980
96981
96982
96983
96987
233459
233465
233468
233469
233470
233471
238929
238932
238933
238934
238935
238939
241664
241665
241668
241669
241670
241671
241672
241674
241675
241683
241689
241692
241693
241694
241695
241696
241698
241699
241704
241705
241706
241708
241709
241710
241711
241779
241785
241788
241789
241790
241791
241792
241794
241795
241800
241801
241802
241804
241805
241806
241807
241824
241825
241826
241828
241829
241830
241831
241832
241834
241835
241841
241844
241845
241846
241847
241851
242163
242169
242172
242173
242174
242175
242176
242178
242179
242184
242185
242186
242188
242189
242190
242191
242208
242209
242210
242212
242213
242214
242215
242216
242218
242219
242225
242228
242229
242230
242231
242235
242304
242305
242306
242308
242309
242310
242311
242312
242314
242315
242323
242329
242332
242333
242334
242335
242336
242338
242339
242344
242345
242346
242348
242349
242350
242351
242385
242388
242389
242390
242391
242395
243662
243663
243684
243685
243686
243696
243697
243698
243700
243701
243702
243703
243704
243706
243707
243727
243749
243760
243761
243762
243763
243766
243767
243768
243769
243770
243771
243773
243841
243844
243845
243846
243847
243851
243856
243858
243859
243863
243864
243865
243866
243868
243869
243870
243884
243886
243887
243920
243921
243922
243924
243925
243926
243927
243928
243930
243931
244224
244225
244226
244228
244229
244230
244231
244232
244234
244235
244243
244249
244252
244253
244254
244255
244256
244258
244259
244264
244265
244266
244268
244269
244270
244271
244339
244344
244345
244348
244349
244350
244351
244355
244361
244364
244365
244366
244367
244384
244385
244386
244388
244389
244390
244391
244394
244395
244401
244404
244405
244406
244407
244411
244561
244564
244565
244566
244567
244571
311307
311396
311413
311480
311612
311613
311685
311696
311698
311703
311761
311764
311766
312013
312039
312560
312561
312562
312567
312571
312849
312852
312853
312854
312899
312903
312904
312905
312906
312924
312926
312931
312937
312941
313023
313156
313157
313168
313170
313175
313176
313178
313179
313199
314160
314161
314166
314171
314243
314248
314249
314250
314270
314275
314281
316223
316308
316309
316310
316352
316353
316354
316356
316357
316358
316363
316368
316370
316371
316375
316376
316377
316378
316396
316398
316399
317461
317504
317505
317506
317508
317509
317510
317511
317514
317515
317522
317523
317527
317528
317529
317530
317532
317533
317548
317549
317550
317551
317631
317708
317709
317710
317711
317728
317729
317730
317732
317733
317734
317735
317739
317748
317749
317750
317811
317816
317817
317818
317820
317821
317822
317836
317837
317838
317839
317855
317856
317857
317858
317860
317862
317863
317864
317866
317867
317877
318192
318194
318195
318199
318200
318201
318202
318205
318740
318741
318742
318784
318785
318786
318787
318788
318790
318791
318792
318793
318794
318795
318803
318809
318812
318813
318814
318815
318819
318824
318825
318826
318828
318829
318830
318911
322752
322753
322754
322758
322759
322760
322762
322763
322771
322776
322777
322780
322781
322782
322796
322797
322798
323068
323069
323070
323081
323084
323085
323086
323103
323104
323106
323111
323112
323114
323115
323184
323186
323187
323191
323192
323193
323194
323215
323233
323236
323237
323238
323243
323252
323253
323254
