32781
32822
32943
32984
32986
33393
33468
33470
33601
33611
33632
33634
33640
33642
34897
34903
34907
35120
35123
35129
35133
35220
35222
35223
35268
35270
35299
35305
35568
35570
35578
35581
36100
36102
36124
36127
36131
36137
36140
36142
36225
36232
36234
36235
36257
36258
36264
36266
36267
36277
36309
41285
41296
41298
41299
41305
41306
41308
41309
41310
41324
41327
42047
42133
42176
42178
42179
42184
42185
42186
42189
42209
42212
42214
42215
42219
42228
42230
42231
42565
42576
42578
42579
42585
42588
42589
42590
42604
42607
42768
42769
42770
42776
42778
42781
42876
42878
42879
42883
42892
42894
42895
42916
42917
42918
42929
42935
42936
42938
42939
43839
43968
43970
43971
43976
43977
43978
43980
43981
43982
44001
44004
44006
44007
44011
44017
44020
44022
44023
44027
46096
46097
46098
46099
46104
46105
46106
46107
46109
46127
46195
46204
46206
46207
46208
46210
46211
46217
46220
46221
46222
46223
46244
46245
46246
46247
46257
46260
46262
46263
46264
46266
46267
46593
46596
46597
46598
46599
46603
46611
46617
46620
46622
46623
46624
46626
46627
46633
46636
46637
46638
46639
46720
46721
46722
46727
46728
46729
46730
46731
46733
46752
46753
46754
46759
46760
46761
46762
46763
46765
46772
46773
46774
46804
46805
46806
46929
46932
46933
46934
46935
46936
46938
46939
115717
115728
115729
115730
115731
115732
115734
115735
115736
115737
115738
115739
115741
115759
115788
115790
115791
115812
115813
115814
115824
115825
115826
115828
115830
115831
115832
115834
115835
115855
115888
115889
115890
115891
115895
115896
115897
115898
115900
115901
115902
116172
116174
116175
116196
116197
116198
116203
116208
116209
116210
116212
116213
116214
116215
116216
116218
116219
116272
116274
116275
116280
116281
116282
116284
116285
116286
116368
116369
116370
116372
116374
116375
116376
116378
116379
116420
116421
116422
116432
116434
116435
116440
116441
116442
116444
116445
116446
116460
116462
116463
119747
119753
119756
119757
119758
119759
119777
119780
119781
119782
119783
119787
119792
119793
119794
119796
119797
119798
119799
119800
119802
119803
121153
121156
121157
121158
121159
121163
121168
121170
121171
121176
121177
121178
121180
121181
121182
121183
121187
121193
121196
121197
121198
121199
121872
121873
121874
121876
121877
121878
121879
121880
121882
121883
121923
121932
121934
121935
121956
121957
121958
121968
121969
121970
121972
121974
121975
121976
121978
121979
122032
122034
122035
122040
122041
122042
122044
122045
122046
122047
122319
122341
122352
122354
122355
122360
122361
122362
122364
122365
122366
122380
122382
122383
122404
122405
122406
122416
122417
122418
122419
122423
122424
122425
122426
122427
122429
122501
122512
122513
122514
122515
122519
122520
122521
122522
122523
122525
122543
122564
122565
122566
122576
122577
122578
122579
122583
122584
122585
122586
122587
122588
122589
122590
122604
122606
122607
126000
126002
126003
126008
126009
126010
126012
126013
126014
126015
126096
126097
126098
126100
126101
126102
126103
126104
126106
126107
126145
126148
126149
126150
126151
126155
126160
126162
126163
126168
126169
126170
126172
126173
126174
126175
126179
126185
126188
126189
126190
126191
126480
126481
126482
126484
126485
126486
126487
126488
126490
126491
126531
126537
126540
126541
126542
126543
126561
126564
126565
126566
126567
126571
126576
126577
126578
126580
126581
126582
126583
126584
126586
126587
126640
126642
126643
126648
126649
126650
126652
126653
126654
126655
126785
126788
126789
126790
126791
126795
126800
126802
126803
126808
126809
126810
126812
126813
126814
126815
126819
126825
126828
126829
126830
126831
201028
201029
201030
201040
201041
201042
201043
201047
201048
201049
201050
201051
201052
201053
201054
201068
201070
201071
201743
201765
201776
201777
201778
201779
201783
201784
201785
201786
201787
201788
201789
201790
201872
201873
201874
201876
201878
201879
201880
201881
201882
201883
201885
201903
201924
201925
201926
201936
201938
201939
201944
201945
201946
201948
201949
201950
201964
201966
201967
202260
202261
202262
202263
202267
202304
202307
202313
202316
202317
202318
202319
202337
202340
202341
202342
202343
202347
202352
202353
202354
202356
202357
202358
202359
202360
202362
202363
202416
202419
202425
202428
202429
202430
202431
202560
202561
202562
202564
202566
202567
202568
202570
202571
202573
202592
202593
202594
202595
202599
202600
202601
202602
202603
202605
202606
202612
202613
202614
203724
203726
203727
203748
203749
203750
203760
203761
203762
203763
203764
203766
203767
203768
203769
203770
203771
203773
278678
278731
278772
279133
279331
279340
279342
279429
279459
279468
279470
279471
279506
279517
280907
280929
280936
280939
280948
280950
281620
281622
281623
281728
281730
281731
281737
281740
281742
281765
281777
281784
281786
281789
282132
282134
282239
282243
282252
282254
282255
282277
282288
282290
282291
282297
282301
282302
282433
282440
282442
282443
282445
282468
282471
282475
282484
282486
282487
282491
288005
288016
288019
288025
288028
288030
288031
288044
288047
288132
288133
288134
288160
288162
288163
288169
288173
288174
288181
288209
288216
288218
288219
288221
290896
290898
290899
290905
290908
290910
290911
291328
291329
291330
291336
291337
291338
291339
291341
291364
291366
291367
291371
291377
291380
291383
291384
291386
291387
291473
291479
291480
291482
291483
291485
291524
291526
291527
291552
291553
291554
291560
291561
291562
291563
291565
291566
291573
291574
291668
291669
291670
291671
292948
292950
292951
292955
293183
293312
293314
293315
293321
293324
293326
293327
293349
293360
293362
293363
293369
293370
293372
293373
293374
293375
293424
293427
293433
293436
293438
293439
293525
293568
293570
293571
293577
293578
293580
293581
293582
293583
293604
293605
293606
293607
293616
293617
293618
293619
293624
293625
293626
293627
293629
293630
294145
294148
294150
294151
294152
294154
294155
294157
294177
294178
294180
294183
294184
294186
294187
294189
294196
294197
294198
294199
294203
294288
294289
294290
294291
294296
294297
294298
294299
294300
294301
294302
294303
294319
294341
294342
294352
294354
294355
294361
294364
294365
294366
294367
294368
294371
294377
294380
294382
294383
