65558
65623
65626
65800
65801
65868
65869
65870
65886
65891
65895
65896
65898
65976
65977
66300
66302
66575
66591
66592
66593
66594
66598
66603
66661
66673
66676
66677
66736
66737
66740
66741
66742
66747
66864
66865
66866
66870
66875
66931
66935
66936
66937
66938
66956
66957
66958
66974
66975
66978
66979
66983
66984
66986
67279
67296
67297
67298
67300
67301
67302
67307
68599
69688
69689
69692
69693
69694
69756
69757
69758
69759
69763
69767
69768
69769
69770
69779
69783
69784
69785
69786
69804
69805
69806
69951
70015
70016
70017
70018
70020
70021
70022
70027
70032
70033
70034
70036
70037
70038
70043
70063
70085
70096
70097
70100
70101
70102
70107
70336
70337
70338
70340
70341
70342
70343
70346
70347
70352
70353
70354
70355
70358
70359
70360
70362
70363
70382
70383
70848
70849
70850
70851
70852
70853
70854
70855
70856
70857
70858
70859
70864
70865
70866
70867
70870
70871
70872
70873
70874
70875
70892
70893
70894
70895
71107
71112
71113
71116
71117
71118
71119
71132
71133
71134
71135
71136
71137
71138
71139
71142
71143
71144
71145
71146
71147
71149
71219
71223
71224
71225
71226
71228
71229
71230
71292
71293
71294
71295
71298
71299
71303
71304
71305
71306
71308
71309
71315
71319
71320
71321
71322
71324
71325
71326
71331
71336
71337
71340
71341
71342
72510
72511
72575
72576
72577
72578
72580
72581
72582
72587
72592
72593
72594
72596
72597
72598
72599
72603
72623
72656
72657
72660
72661
77768
77769
77772
77773
77788
77789
77790
77795
77799
77800
77801
77802
77805
163056
163058
163059
163064
163065
163066
163068
163069
163070
163397
163408
163409
163410
163411
163412
163414
163415
163416
163418
163419
163439
163588
163589
163590
163600
163601
163602
163603
163607
163608
163609
163610
163611
163612
163613
163614
163628
163630
163631
163660
163662
163663
163680
163681
163684
163685
163686
163691
163696
163697
163698
163700
163701
163702
163703
163706
163707
163727
163749
163760
163761
163762
163763
163766
163767
163768
163769
163770
163771
163772
163773
213772
213774
213775
213796
213797
213798
213808
213809
213810
213812
213814
213815
213816
213818
213819
213892
213893
213894
213904
213906
213907
213912
213913
213914
213916
213917
213918
213932
213934
213935
213968
213969
213970
213972
213974
213975
213976
213978
213979
215300
215301
215302
215312
215314
215315
215320
215321
215322
215324
215325
215326
215340
215342
215343
215408
215410
215411
215416
215417
215418
215420
215421
215422
215436
215438
215439
215460
215461
215462
215472
215473
215474
215476
215478
215479
215480
215482
215483
216144
216145
216146
216148
216150
216151
216152
216154
216155
216157
216332
216334
216335
216356
216357
216358
216368
216369
216370
216371
216372
216374
216375
216376
216377
216378
216379
216381
216452
216453
216454
216464
216465
216466
216467
216471
216472
216473
216474
216475
216476
216477
216478
216492
216494
216495
216517
216528
216529
216530
216531
216532
216534
216535
216536
216537
216538
216539
216541
216559
216783
216805
216816
216817
216818
216819
216824
216825
216826
216827
216828
216829
216830
221444
221445
221446
221456
221457
221458
221459
221463
221464
221465
221466
221467
221468
221469
221470
221484
221486
221487
221519
221541
221552
221553
221554
221555
221559
221560
221561
221562
221563
221564
221565
221566
221580
221582
221583
221604
221605
221606
221616
221617
221618
221619
221620
221622
221623
221624
221625
221626
221627
221629
222415
222437
222448
222449
222450
222451
222455
222456
222457
222458
222459
222460
222461
222462
222789
222800
222801
222802
222803
222804
222806
222807
222808
222809
222810
222811
222813
222831
222980
222981
222982
222992
222993
222994
222995
222999
223000
223001
223002
223003
223004
223005
223006
223020
223022
223023
223055
223077
223088
223089
223090
223091
223095
223096
223097
223098
223099
223100
223101
223102
223116
223118
223119
223140
223141
223142
223152
223153
223154
223155
223156
223158
223159
223160
223161
223162
223163
223165
224012
224014
224015
224036
224037
224038
224048
224049
224050
224051
224052
224054
224055
224056
224057
224058
224059
224061
224132
224133
224134
224144
224145
224146
224147
224151
224152
224153
224154
224155
224156
224157
224158
224172
224174
224175
224197
224208
224209
224210
224211
224212
224214
224215
224216
224217
224218
224219
224221
224239
226373
226384
226385
226386
226387
226388
226390
226391
226392
226393
226394
226395
226397
226415
226572
226574
226575
226596
226597
226598
226608
226609
226610
226612
226614
226615
226616
226618
226619
226689
226692
226693
226694
226695
226699
226704
226706
226707
226712
226713
226714
226716
226717
226718
226723
226729
226732
226733
226734
226735
226768
226769
226770
226772
226773
226774
226775
226779
227056
227058
227059
227064
227065
227066
227068
227069
227070
294943
295036
295038
295408
295410
295416
295418
295472
295474
295571
295577
295581
295599
296896
296898
296903
296904
296906
296927
296930
296931
296936
296937
296938
296941
297152
297153
297154
297159
297160
297162
297163
297183
297187
297193
297197
297489
297499
297548
297550
297569
297572
297574
297588
297589
297590
297660
297662
297797
297811
297817
297839
302335
302677
302848
302849
302850
302851
302852
302854
302855
302856
302857
302858
302859
302876
302878
302879
302880
302882
302883
302888
302889
302890
302892
302893
302894
302963
302969
302972
302973
302974
302975
302979
302985
302988
302989
302990
302991
303008
303009
303010
303012
303013
303014
303015
303018
303019
303025
303028
303029
303030
303035
303359
303701
303872
303873
303874
303875
303879
303880
303881
303882
303883
303885
303900
303902
303903
303904
303906
303907
303912
303913
303914
303917
303987
303993
303996
303997
303998
303999
304003
304009
304012
304013
304014
304032
304033
304034
304036
304038
304039
304043
304052
304053
304054
305220
305221
305222
305235
305240
305241
305242
305245
305260
305262
305263
305423
305445
305456
305457
305458
305463
305464
305466
305467
305540
305541
305542
305552
305554
305555
305560
305561
305562
305565
305580
305582
305583
305617
305620
305621
305622
305623
305627
305871
305893
305904
305905
305906
305911
305912
305914
305915
306449
306452
306454
306455
306459
306499
306505
306508
306509
306510
306529
306532
306534
306535
306539
306548
306549
306620
306621
306622
