49279
49283
49289
49660
49662
49676
49678
49700
49702
49793
49799
49803
49877
51184
51186
51192
51194
51248
51249
51250
51255
51256
51258
51259
51333
51344
51346
51347
51352
51353
51354
51357
51375
51409
51415
51419
51716
51718
51740
51741
51742
51756
51758
51827
51833
51837
51855
51877
51889
51895
51899
52052
52054
57151
57237
57280
57281
57282
57283
57287
57288
57289
57290
57291
57293
57311
57312
57313
57314
57315
57319
57320
57321
57322
57323
57325
57333
57407
57493
57536
57537
57538
57539
57543
57544
57545
57546
57547
57549
57564
57566
57567
57568
57570
57571
57575
57576
57577
57578
57581
57876
57877
57878
57920
57922
57923
57928
57929
57930
57932
57933
57934
57952
57953
57954
57956
57958
57959
57960
57962
57963
57972
57973
57974
58044
58046
58047
58176
58177
58178
58180
58182
58183
58187
58204
58206
58207
58211
58217
58220
58221
58222
59408
59409
59410
59415
59416
59418
59419
59471
59493
59504
59505
59506
59508
59510
59511
59515
59568
59570
59571
59576
59577
59578
59581
59843
59849
59852
59853
59854
59855
59873
59876
59877
59878
59879
59883
59889
59892
59893
59894
59895
59899
59955
59961
59964
59965
59966
60049
60052
60054
60055
60059
60100
60101
60102
60115
60121
60124
60125
60126
60140
60142
60143
60741
60752
60754
60755
60760
60761
60762
60783
131135
131221
131264
131265
131266
131267
131271
131272
131273
131274
131275
131276
131277
131278
131295
131296
131297
131298
131299
131300
131302
131303
131304
131305
131306
131307
131309
131316
131317
131318
131605
131648
131649
131650
131651
131652
131654
131655
131656
131657
131658
131659
131661
131676
131678
131679
131680
131681
131682
131683
131687
131688
131689
131690
131691
131692
131693
131694
131701
131775
131860
131861
131862
131904
131905
131906
131907
131911
131912
131913
131914
131915
131916
131917
131918
131935
131936
131937
131938
131939
131940
131942
131943
131944
131945
131946
131947
131949
131956
131957
131958
132028
132030
132031
133184
133185
133186
133188
133190
133191
133192
133194
133195
133212
133214
133215
133216
133218
133219
133224
133225
133226
133227
133228
133229
133230
133237
133436
133438
133439
133524
133525
133526
133568
133569
133570
133571
133572
133574
133575
133576
133577
133578
133579
133581
133596
133598
133599
133600
133601
133602
133603
133607
133608
133609
133610
133611
133612
133613
133614
133621
133695
133781
133824
133825
133826
133827
133831
133832
133833
133834
133835
133836
133837
133838
133855
133856
133857
133858
133859
133860
133862
133863
133864
133865
133866
133867
133869
133876
133877
133878
134420
134421
134422
134464
134466
134467
134472
134473
134474
134476
134477
134478
134496
134497
134498
134500
134502
134503
134504
134506
134507
134516
134517
134518
134588
134590
134591
139285
139328
139329
139330
139331
139332
139334
139335
139336
139337
139338
139339
139341
139356
139358
139359
139360
139361
139362
139363
139367
139368
139369
139370
139371
139372
139373
139374
139381
139455
139580
139582
139583
139668
139669
139670
139712
139713
139714
139716
139718
139719
139720
139722
139723
139740
139742
139743
139744
139746
139747
139752
139753
139754
139756
139757
139758
139968
139970
139971
139976
139977
139978
139980
139981
139982
139999
140000
140001
140002
140004
140006
140007
140008
140010
140011
140020
140021
140022
141116
141118
141119
141204
141205
141206
141248
141249
141250
141252
141254
141255
141256
141258
141259
141276
141278
141279
141280
141282
141283
141288
141289
141290
141292
141293
141294
141504
141506
141507
141512
141513
141514
141516
141517
141518
141536
141537
141538
141540
141542
141543
141544
141546
141547
141556
141557
141558
141888
141889
141890
141892
141894
141895
141896
141898
141899
141916
141918
141919
141920
141922
141923
141928
141929
141930
141932
141933
141934
142100
142101
142102
142144
142146
142147
142152
142153
142154
142156
142157
142158
142176
142177
142178
142180
142182
142183
142184
142186
142187
142196
142197
142198
142268
142270
142271
144660
144661
144662
144704
144705
144706
144707
144711
144712
144713
144714
144715
144716
144717
144718
144735
144736
144737
144738
144739
144742
144743
144744
144745
144746
144747
144749
144757
144828
144830
144831
212796
212798
212799
212884
212885
212886
212928
212929
212930
212931
212932
212934
212935
212936
212938
212939
212947
212952
212953
212956
212957
212958
212959
212962
212963
212968
212969
212970
212972
212973
212974
212975
278549
278592
278593
278596
278610
278614
278619
278786
278795
278867
278871
278874
278894
279295
279555
279559
279560
279561
279562
279571
279575
279576
279577
279578
279596
279597
279598
279624
279625
279640
279641
279660
279661
279740
279741
279742
279820
279821
279836
279837
279838
279843
279848
279849
279884
279885
279886
279900
279901
279902
279907
279911
279912
279913
279914
279987
279991
279992
279993
279994
280312
280313
280316
280317
281596
281598
282636
282637
282638
282652
282653
282654
282655
282658
282659
282663
282664
282665
282666
282702
282703
282718
282719
282720
282721
282722
282723
282724
282725
282726
282727
282730
282731
282802
282803
282806
282807
282808
282810
282811
282895
282911
282912
282913
282914
282916
282917
282918
282923
282959
282975
282976
282977
282978
282980
282981
282982
282987
282993
282996
282997
283056
283057
283058
283060
283061
283062
283067
283376
283377
283378
283379
283380
283381
283382
283383
283386
283387
283663
283679
283680
283681
283682
283684
283685
283686
283691
283696
283697
283698
283700
283701
283702
283707
283727
283744
283745
283748
283749
283750
283755
283760
283761
283762
283764
283765
283766
283771
283791
283807
283808
283809
283810
283812
283813
283814
283819
283824
283825
283826
283828
283829
283830
283835
283940
283941
283952
283953
283954
283955
283956
283957
283958
283959
283962
283963
284016
284017
284018
284019
284020
284021
284022
284023
284024
284025
284026
284027
284044
284045
284046
284047
284062
284063
284064
284065
284066
284067
284068
284069
284070
284071
284072
284073
284074
284075
284367
284383
284384
284385
284386
284388
284389
284390
284395
284400
284401
284404
284405
285647
285664
285665
285668
285669
285680
285681
285682
285684
285685
285686
285691
290803
290807
290808
290809
290810
