49249
49259
49337
49459
49464
49465
49536
49537
49547
49555
49561
49582
49889
49899
50380
50382
50400
50401
50402
50411
50687
50688
50689
50690
50695
50699
50707
50713
50717
50732
50733
50734
50767
50785
50788
50790
50795
50805
50867
50871
50872
50873
50874
52019
52025
52097
52100
52102
52107
52115
52120
52121
52122
54064
54065
54066
54067
54070
54071
54072
54074
54075
54140
54142
54143
54146
54147
54151
54152
54153
54154
54172
54173
54174
54179
54184
54185
54186
54188
54189
54190
55292
55293
55294
55295
55296
55298
55299
55303
55304
55305
55306
55307
55308
55309
55324
55325
55326
55327
55328
55330
55331
55335
55336
55337
55338
55340
55341
55342
55375
55397
55408
55409
55410
55412
55413
55414
55415
55416
55418
55419
55439
55457
55460
55461
55462
55472
55473
55474
55476
55477
55478
55479
55482
55483
55612
55613
55614
55615
55684
55685
55696
55697
55698
55700
55701
55702
55703
55706
55707
55727
55749
55760
55761
55762
55764
55765
55766
55767
55771
55791
56002
56003
56007
56008
56009
56010
56013
56028
56029
56030
56031
56035
56039
56040
56041
56042
56044
56045
56046
60623
60641
60644
60645
60646
60657
60660
60661
60662
60667
60929
60932
60933
60934
60939
60944
60946
60947
60951
60952
60953
60954
60975
61001
61004
61005
61006
61023
61024
61026
61027
61031
61032
61034
61035
61107
61113
61116
61117
61118
61268
61269
143408
143410
143411
143416
143417
143418
143420
143421
143422
143423
143504
143505
143506
143508
143509
143510
143511
143512
143514
143515
143553
143556
143557
143558
143559
143563
143568
143570
143571
143576
143577
143580
143581
143582
143583
143587
143593
143596
143597
143598
143599
143889
143892
143893
143894
143895
143899
143939
143945
143948
143949
143950
143951
143969
143972
143973
143974
143975
143979
143984
143985
143988
143989
143990
143991
143994
143995
144051
144057
144060
144061
144062
144063
144193
144196
144197
144198
144199
144203
144211
144217
144220
144221
144222
144223
144227
144233
144236
144237
144238
144239
145408
145409
145412
145413
145414
145415
145419
145424
145426
145427
145431
145432
145433
145434
145435
145436
145437
145438
145452
145454
145455
145486
145487
145508
145509
145510
145520
145521
145522
145523
145524
145526
145527
145528
145530
145531
145551
145573
145584
145585
145586
145587
145590
145591
145592
145593
145594
145595
145597
145859
145865
145868
145869
145870
145871
145889
145892
145893
145894
145895
145899
145904
145905
145908
145909
145910
145911
145915
145970
145971
145976
145977
145978
145980
145981
145982
145983
146064
146065
146066
146068
146069
146070
146071
146072
146074
146075
146113
146116
146117
146118
146119
146123
146128
146130
146131
146136
146137
146138
146140
146141
146142
146153
146156
146157
146158
146159
146768
146769
146770
146772
146773
146774
146775
146779
200643
200649
200652
200653
200654
200655
200673
200676
200677
200678
200679
200683
200688
200689
200690
200692
200693
200694
200695
200696
200698
200699
206145
206148
206149
206150
206151
206160
206162
206163
206168
206169
206170
206172
206173
206174
206175
206179
206185
206188
206190
206191
208912
208913
208914
208916
208918
208919
208920
208922
208923
208972
208974
208975
208996
208997
208998
209008
209009
209010
209012
209014
209015
209016
209018
209019
209072
209074
209075
209080
209081
209082
209084
209085
209086
209356
209358
209359
209380
209381
209382
209392
209393
209394
209396
209398
209399
209400
209402
209403
209456
209458
209459
209464
209465
209466
209468
209469
209470
209552
209553
209554
209556
209558
209559
209560
209562
209563
209604
209605
209606
209616
209618
209619
209624
209625
209626
209628
209629
209630
209644
209646
209647
210880
210881
210882
210883
210887
210888
210889
210890
210891
210892
210893
210908
210910
210911
210912
210913
210914
210915
210919
210920
210921
210922
210923
210925
211004
211006
211007
211089
211092
211093
211094
211099
211136
211137
211138
211140
211141
211142
211143
211144
211146
211147
211155
211161
211164
211165
211166
211167
211171
211176
211177
211180
211181
211182
211183
211472
211473
211474
211476
211478
211479
211480
211482
211483
211523
211529
211532
211533
211534
211535
211553
211556
211557
211558
211559
211563
211568
211569
211570
211572
211573
211574
211575
211578
211579
211632
211634
211635
211640
211641
211642
211644
211645
211646
211647
211780
211781
211782
211792
211794
211795
211800
211801
211802
211804
211805
211806
211820
211822
211823
278574
278607
278714
278846
278929
278939
278992
278994
279003
279241
279263
279272
279274
279795
279800
279802
280128
280129
280130
280132
280134
280139
280147
280153
280157
280172
280174
280384
280385
280386
280390
280391
280395
280403
280409
280412
280413
280428
280429
280430
281359
281380
281381
281382
281396
281397
281468
281470
281485
281503
281506
281511
281512
281514
283587
283591
283592
283593
283594
283597
283612
283613
283614
283615
283619
283623
283624
283625
283626
283629
284752
284753
284756
284757
284758
284763
284928
284929
284930
284931
284935
284936
284937
284938
284939
284953
284956
284957
284958
284959
284963
284968
284969
284970
284972
284973
284974
285007
285028
285029
285040
285041
285042
285044
285045
285046
285047
285051
285093
285104
285105
285106
285108
285110
285111
285112
285114
285115
285436
285438
285439
285952
285953
285956
285957
285958
285963
285968
285969
285970
285971
285975
285976
285977
285978
285979
285981
285996
285998
285999
286028
286029
286030
286031
286048
286049
286050
286052
286053
286054
286055
286059
286065
286068
286069
286070
286075
286128
286130
286131
286135
286136
286137
286138
286140
286141
286142
289852
289854
289855
289936
289937
289938
289940
289941
289942
289943
289947
289988
289989
290000
290001
290002
290006
290007
290010
290011
290031
290288
290290
290291
290295
290296
290297
290298
290319
290337
290340
290341
290342
290353
290356
290357
290358
290428
290429
290430
290435
290441
290444
290445
290446
290463
290464
290466
290467
290471
290472
290473
290474
