65542
65640
65642
65725
65844
65846
65913
65932
65933
65934
65951
65959
66288
66289
66299
66623
66708
66709
66756
66757
66768
66770
66775
66779
66799
67023
67040
67041
67044
67045
67046
67051
67061
67120
67122
67127
67130
67131
67196
67198
67203
67208
67209
67210
67228
67229
67230
67235
67240
67241
67245
68544
68546
68555
68563
68568
68569
68590
69884
69886
69887
70209
70212
70213
70214
70224
70225
70226
70228
70229
70230
70231
70235
70255
70416
70417
70420
70421
70422
70427
70464
70465
70466
70468
70470
70471
70474
70475
70483
70487
70488
70489
70490
70493
70508
70509
70510
70511
70591
71475
71479
71480
71481
71482
71484
71485
71486
71551
71552
71553
71554
71556
71557
71558
71559
71562
71563
71568
71570
71571
71575
71576
71577
71578
71579
71581
71596
71597
71598
71599
71633
71636
71637
71638
71875
71881
71884
71885
71886
71887
71900
71902
71903
71904
71905
71906
71907
71908
71910
71911
71912
71913
71914
71915
72179
72184
72185
72186
72188
72189
72190
72201
72204
72205
72206
72220
72222
72223
72224
72226
72227
72231
72232
72233
72234
72235
72271
72289
72292
72293
72294
72304
72305
72306
72308
72309
72310
72315
72335
72356
72357
72368
72369
72370
72372
72373
72374
72375
72379
77571
77575
77576
77577
77578
77593
77596
77597
77598
77609
77612
77613
77614
77646
77647
77663
77664
77665
77666
77668
77669
77670
77675
77746
77747
77751
77752
77753
77754
160527
160549
160560
160561
160562
160563
160567
160568
160569
160570
160571
160572
160573
160645
160656
160657
160658
160659
160662
160663
160664
160665
160666
160667
160669
160687
160708
160709
160720
160721
160722
160723
160727
160728
160729
160730
160731
160732
160733
160750
160751
162052
162053
162064
162065
162066
162067
162071
162072
162073
162074
162075
162077
162095
162126
162127
162148
162149
162160
162161
162162
162163
162166
162167
162168
162169
162170
162171
162173
162191
162213
162224
162225
162226
162227
162231
162232
162233
162234
162235
162236
162237
162885
162896
162897
162898
162899
162900
162902
162903
162904
162905
162906
162907
162909
162927
163084
163086
163087
163105
163108
163109
163110
163115
163120
163121
163122
163124
163125
163126
163127
163128
163130
163131
163199
163200
163201
163202
163203
163204
163206
163207
163208
163209
163210
163211
163219
163225
163228
163229
163230
163231
163234
163235
163240
163241
163242
163244
163245
163246
163247
163285
163568
163570
163571
163575
163576
163577
163578
163579
163580
163581
163582
216271
216293
216304
216305
216306
216307
216311
216312
216313
216314
216315
216317
216645
216656
216657
216658
216659
216663
216664
216665
216666
216667
216669
216687
216837
216848
216849
216850
216851
216855
216856
216857
216858
216859
216861
216879
216911
216933
216944
216945
216946
216947
216951
216952
216953
216954
216955
216956
216957
216958
216972
216974
216975
216996
216997
217008
217009
217010
217011
217014
217015
217016
217017
217018
217019
217021
222277
222288
222289
222290
222291
222292
222294
222295
222296
222297
222298
222299
222301
222319
222476
222478
222479
222500
222501
222502
222512
222513
222514
222515
222516
222518
222519
222520
222521
222522
222523
222525
222596
222597
222598
222608
222609
222610
222611
222615
222616
222617
222618
222619
222620
222621
222622
222636
222638
222639
222661
222672
222673
222674
222675
222676
222678
222679
222680
222681
222682
222683
222685
222703
222927
222949
222960
222961
222962
222963
222967
222968
222969
222970
222971
222972
222973
222974
225540
225541
225542
225552
225554
225555
225560
225561
225562
225563
225564
225565
225566
225580
225582
225583
225637
225648
225649
225650
225651
225655
225656
225657
225658
225659
225660
225661
225662
225676
225678
225679
225700
225701
225702
225712
225713
225714
225715
225716
225718
225719
225720
225722
225723
225725
226511
226533
226544
226545
226546
226547
226551
226552
226553
226554
226555
226557
226884
226885
226886
226896
226897
226898
226899
226903
226904
226905
226906
226907
226908
226909
226924
226926
226927
227077
227088
227089
227090
227091
227092
227094
227095
227096
227098
227099
227119
227139
227145
227148
227149
227150
227151
227168
227169
227172
227173
227174
227175
227179
227185
227188
227189
227190
227191
227195
227248
227250
227251
227256
227257
227258
227260
227261
227262
228111
228132
228133
228144
228145
228146
228147
228148
228150
228151
228152
228153
228154
228155
228157
228228
228229
228230
228240
228241
228242
228243
228247
228248
228249
228250
228251
228252
228253
228254
228268
228270
228271
228293
228304
228305
228306
228307
228308
228310
228311
228312
228313
228314
228315
228317
228335
295024
295031
295099
295360
295362
295367
295388
295390
295405
295617
295627
295645
295660
295662
296704
296706
296711
296712
296714
296732
296734
296739
296745
296749
296816
296818
296823
296824
296826
296847
296869
296881
296884
296886
296891
297215
297557
297729
297732
297734
297739
297747
297753
297757
297772
297774
297829
297841
297846
297851
297904
297906
297911
297912
297914
302080
302081
302082
302083
302086
302087
302088
302090
302091
302105
302108
302109
302110
302111
302115
302120
302121
302124
302125
302126
302159
302181
302192
302193
302194
302195
302196
302198
302199
302200
302201
302202
302203
302223
302244
302245
302246
302256
302257
302258
302260
302262
302263
302266
302267
302485
302528
302529
302530
302531
302535
302536
302537
302538
302539
302541
302556
302557
302558
302559
302560
302562
302563
302567
302568
302569
302570
302572
302573
302574
302654
302655
302740
302741
302742
302784
302785
302786
302788
302789
302790
302791
302792
302794
302795
302803
302808
302809
302810
302812
302813
302814
302819
302825
302828
302829
302830
302831
304127
305492
305493
306176
306177
306178
306180
306182
306183
306187
306195
306200
306201
306204
306205
306206
306220
306221
306222
306223
306255
306276
306277
306288
306289
306290
306292
306294
306295
306299
306352
306353
306354
306355
306359
306360
306362
306363
306495
306580
306581
306625
306628
306630
306635
306643
306648
306649
306653
306668
306670
306671
306880
306882
306883
306887
306888
306890
306891
306908
306910
306911
306915
306920
306921
306924
306925
