32772
32835
32842
32877
33038
33063
33125
33141
33200
33201
33206
33211
33529
33847
33850
33916
33917
33918
33929
33933
33948
33949
33950
33955
33960
33961
34111
34181
34192
34193
34194
34196
34197
34198
34203
34256
34257
34260
34261
34262
34267
34496
34498
34502
34503
34507
34515
34519
34520
34521
34522
34542
35791
35808
35809
35810
35814
35819
37059
37063
37064
37065
37066
37069
37084
37085
37086
37091
37096
37097
37098
37100
37101
37327
37344
37345
37348
37349
37350
37355
37360
37361
37362
37364
37365
37366
37371
37413
37424
37425
37426
37428
37429
37430
37435
37491
37495
37496
37497
37498
37516
37517
37518
37519
37535
37536
37537
37538
37539
37540
37542
37543
37544
37546
37547
38131
38136
38137
38138
38140
38141
38142
38401
38404
38405
38406
38416
38417
38418
38420
38421
38422
38423
38427
38447
38464
38465
38466
38467
38468
38470
38471
38472
38473
38474
38475
38482
38483
38487
38488
38489
38490
38492
38493
38508
38509
38510
38511
38588
38590
38591
38721
38724
38725
38726
38736
38737
38738
38740
38741
38742
38743
38746
38747
38767
39683
39688
39689
39690
39692
39693
39694
39708
39709
39710
39711
39714
39715
39719
39720
39721
39722
39725
39756
39758
39759
39775
39776
39777
39778
39780
39781
39782
39783
39787
39856
39857
39858
39859
39860
39862
39863
39864
39865
39866
39867
44860
44861
44862
44927
44928
44929
44930
44932
44934
44935
44939
44946
44947
44951
44952
44953
44954
44974
44975
130051
130057
130060
130061
130062
130063
130081
130084
130085
130086
130087
130091
130096
130097
130098
130100
130101
130102
130103
130104
130106
130107
130177
130180
130181
130182
130183
130187
130192
130194
130195
130200
130201
130202
130204
130205
130206
130207
130211
130217
130220
130221
130222
130223
130256
130257
130260
130261
130262
130263
130266
130267
130556
130557
130558
130559
130560
130562
130563
130567
130568
130569
130570
130571
130572
130573
130574
130588
130590
130591
130592
130593
130594
130595
130599
130600
130601
130602
130603
130604
130605
130613
130675
130681
130684
130685
130686
130687
130691
130696
130697
130700
130701
130702
130703
130720
130721
130722
130724
130725
130726
130727
130728
130730
130731
130737
130740
130741
130742
130747
181232
181234
181235
181240
181241
181242
181244
181245
181246
181247
182608
182609
182610
182612
182613
182614
182615
182616
182618
182619
183297
183300
183301
183302
183303
183307
183312
183314
183315
183320
183321
183322
183324
183325
183326
183327
183331
183337
183340
183341
183342
183343
183410
183411
183416
183417
183420
183421
183422
183423
183427
183433
183436
183437
183438
183439
183457
183460
183461
183462
183463
183467
183472
183473
183474
183476
183477
183478
183479
183480
183482
183483
183795
183801
183804
183805
183806
183807
183811
183817
183820
183821
183822
183823
183841
183844
183845
183846
183847
183851
183857
183860
183861
183862
183863
183867
183937
183940
183941
183942
183943
183947
183955
183961
183964
183965
183966
183967
183971
183977
183980
183981
183982
183983
184017
184020
184021
184022
184023
184027
188753
188756
188757
188758
188759
188763
189440
189442
189443
189448
189449
189450
189452
189453
189454
189455
189472
189473
189474
189476
189477
189478
189479
189480
189482
189483
189489
189492
189493
189494
189495
189499
189568
189569
189570
189572
189573
189574
189575
189576
189578
189579
189587
189593
189596
189597
189598
189599
189600
189602
189603
189608
189609
189610
189612
189613
189614
189615
189649
189652
189653
189654
189655
189659
189953
189956
189957
189958
189959
189962
189963
189971
189977
189980
189981
189982
189983
189984
189986
189987
189992
189993
189996
189997
189998
189999
190067
190073
190076
190077
190078
190079
190080
190082
190083
190088
190089
190090
190092
190093
190094
190095
190112
190113
190114
190116
190117
190118
190119
190120
190122
190123
190129
190132
190133
190134
190135
190139
190289
190292
190293
190294
190295
190299
191475
191481
191484
191485
191486
191487
193536
193537
193538
193540
193541
193542
193543
193544
193546
193547
193555
193561
193564
193565
193566
193567
193570
193571
193576
193577
193580
193581
193582
193583
193651
193657
193660
193661
193662
193663
193667
193673
193676
193677
193678
193679
193697
193700
193701
193702
193703
193707
193713
193716
193717
193718
193719
193723
193999
194021
194032
194033
194034
194035
194039
194040
194041
194042
194043
194045
194060
194062
194063
194084
194085
194086
194096
194097
194098
194100
194102
194103
194104
194106
194107
194177
194180
194181
194182
194183
194187
194192
194194
194195
194200
194201
194202
194204
194205
194206
194217
194220
194221
194222
194223
194256
194257
194258
194260
194261
194262
194263
194264
194266
194267
262259
262265
262324
262604
262606
262628
262630
262645
262717
262807
262811
262864
262866
263984
263986
263987
263992
263994
264068
264069
264082
264083
264088
264089
264090
264111
264145
264148
264150
264155
264399
264421
264433
264436
264438
264439
264443
264769
264775
264779
264796
264798
264812
264813
264814
264981
265024
265026
265032
265034
265055
265059
265064
265065
265151
269504
269505
269506
269507
269511
269512
269513
269514
269515
269517
269532
269534
269535
269536
269538
269539
269543
269544
269545
269546
269549
269829
269840
269841
269842
269844
269846
269847
269848
269850
269851
269891
269897
269900
269901
269902
269903
269920
269921
269922
269924
269925
269926
269927
269931
269937
269940
269941
269942
270003
270008
270009
270012
270013
270014
270148
270149
270150
270160
270161
270162
270163
270167
270168
270169
270170
270171
270173
270188
270190
270191
271167
271252
271253
271254
271296
271297
271298
271300
271302
271303
271307
271315
271321
271324
271325
271326
271331
271337
271340
271341
271342
271343
272641
272644
272645
272646
272659
272664
272665
272666
272669
272684
272686
272687
272719
272741
272752
272753
272754
272756
272758
272759
272760
272762
272763
272816
272817
272818
272819
272823
272824
272825
272826
272827
273489
273492
273493
273494
273499
273667
273672
273673
273674
273677
273695
273696
273697
273698
273703
273704
273706
273707
273788
273790
273795
273801
273804
273805
273806
273824
273825
273826
273831
273834
273835
273845
274172
274174
274175
