16453
16464
16465
16468
16469
16640
16641
16644
16645
16646
16656
16657
16658
16662
16667
16687
16706
16710
16715
16722
16726
16731
16751
16831
17410
17414
17419
17426
17455
17475
17479
17482
17491
17495
17498
17518
17667
17671
17672
17673
17674
17683
17687
17688
17689
17690
17708
17709
17710
17731
17735
17736
17737
17738
17747
17751
17752
17753
17754
17772
17773
17774
17852
17853
17854
18174
19455
20483
20487
20488
20489
20490
20499
20503
20504
20505
20506
20524
20525
20526
20547
20551
20552
20553
20554
20556
20557
20563
20567
20568
20569
20570
20572
20573
20584
20585
20588
20589
20590
20665
20668
20669
20670
20739
20743
20744
20745
20746
20748
20749
20750
20755
20760
20761
20764
20765
20766
20771
20775
20776
20777
20778
20780
20781
20782
20808
20809
20812
20813
20814
20824
20825
20828
20829
20830
20835
20839
20840
20841
20842
20844
20845
20915
20919
20920
20921
20922
20924
20925
21240
21241
21244
21245
21246
21512
21513
21516
21517
21518
21528
21529
21532
21533
21534
21539
21543
21544
21545
21546
21548
21549
21580
21581
21582
21596
21597
21598
21599
21602
21603
21607
21608
21609
21610
21683
21687
21688
21689
21690
21693
21772
21773
21774
21775
21788
21789
21790
21791
21792
21793
21794
21795
21798
21799
21800
21801
21802
21803
21836
21837
21838
21839
21852
21853
21854
21855
21856
21857
21858
21859
21860
21861
21862
21863
21864
21865
21866
21867
21936
21937
21938
21939
21940
21941
21942
21943
21944
21945
21946
21947
22258
22259
22262
22263
22264
22265
22266
22267
23539
23543
23544
23545
23546
23548
23549
28668
28669
28670
114633
114636
114637
114638
114639
114656
114657
114660
114661
114662
114663
114667
114672
114673
114674
114676
114677
114678
114679
114682
114683
163888
163890
163891
163896
163897
163898
163900
163901
163902
163984
163985
163986
163988
163990
163991
163992
163994
163995
164036
164037
164038
164048
164050
164051
164056
164057
164058
164060
164061
164062
164076
164078
164079
164368
164369
164370
164372
164374
164375
164376
164378
164379
164428
164430
164431
164452
164453
164454
164464
164465
164466
164468
164470
164471
164472
164474
164475
164528
164530
164531
164536
164537
164538
164540
164541
164542
164676
164677
164678
164688
164690
164691
164696
164697
164698
164700
164701
164702
164716
164718
164719
165904
165905
165906
165908
165909
165910
165911
165912
165914
165915
165955
165961
165964
165965
165966
165967
165985
165988
165989
165990
165991
166000
166001
166002
166004
166006
166007
166008
166010
166011
166064
166066
166067
166072
166073
166074
166076
166077
166078
166079
166348
166350
166351
166372
166373
166374
166384
166385
166386
166388
166390
166391
166392
166394
166395
166448
166450
166451
166456
166457
166458
166460
166461
166462
166544
166545
166546
166548
166550
166551
166552
166554
166555
166596
166597
166598
166608
166610
166611
166616
166617
166618
166620
166621
166622
166636
166638
166639
167233
167236
167237
167238
167239
167243
167248
167250
167251
167256
167257
167258
167260
167261
167262
167263
167267
167273
167276
167277
167278
167279
172048
172049
172050
172052
172054
172055
172056
172058
172059
172108
172110
172111
172132
172133
172134
172144
172145
172146
172148
172150
172151
172152
172154
172155
172208
172210
172211
172216
172217
172218
172220
172221
172222
172483
172489
172492
172493
172494
172495
172513
172516
172517
172518
172519
172523
172528
172529
172530
172532
172533
172534
172535
172536
172538
172539
172592
172594
172595
172600
172601
172602
172604
172605
172606
172607
172688
172689
172690
172692
172693
172694
172695
172696
172698
172699
172737
172740
172741
172742
172743
172747
172752
172754
172755
172760
172761
172762
172764
172765
172766
172771
172777
172780
172781
172782
172783
174019
174025
174028
174029
174030
174031
174049
174052
174053
174054
174055
174059
174064
174065
174066
174068
174069
174070
174071
174072
174074
174075
174128
174130
174131
174136
174137
174138
174140
174141
174142
174143
174224
174225
174226
174228
174229
174230
174231
174232
174234
174235
174273
174276
174277
174278
174279
174283
174288
174290
174291
174296
174297
174298
174300
174301
174302
174303
174307
174313
174316
174317
174318
174319
174608
174609
174610
174612
174613
174614
174615
174616
174618
174619
174659
174665
174668
174669
174670
174671
174689
174692
174693
174694
174695
174699
174704
174705
174706
174708
174709
174710
174711
174712
174714
174715
174768
174770
174771
174776
174777
174778
174780
174781
174782
174783
174913
174916
174917
174918
174919
174923
174928
174930
174931
174936
174937
174938
174940
174941
174942
174943
174947
174953
174956
174957
174958
174959
177476
177477
177478
177488
177490
177491
177496
177497
177498
177500
177501
177502
177516
177518
177519
246271
246275
246281
246285
246305
246311
246315
246325
246431
246435
246441
246445
247795
247801
247804
247805
247806
247820
247822
247823
247844
247845
247846
247860
247862
247940
247942
247964
247966
247980
247982
248020
248022
248321
248327
248331
248355
248361
248365
248444
248446
248460
248462
248484
248486
248500
248502
248661
253900
253902
253903
253924
253925
253926
253936
253937
253938
253940
253942
253943
253944
253946
253947
254000
254002
254003
254008
254009
254010
254012
254013
254014
254096
254097
254098
254100
254102
254103
254104
254106
254107
254148
254149
254150
254160
254161
254162
254163
254167
254168
254169
254170
254171
254173
254188
254190
254191
254469
254480
254481
254482
254483
254487
254488
254489
254490
254491
254493
254511
254543
254565
254576
254577
254578
254579
254583
254584
254585
254586
254587
254589
254607
254629
254640
254641
254642
254643
254647
254648
254649
254650
254651
254653
254789
254800
254801
254802
254803
254807
254808
254809
254810
254811
254813
254831
256004
256005
256006
256019
256025
256028
256029
256030
256044
256046
256047
256115
256120
256121
256122
256125
256140
256142
256143
256164
256165
256166
256177
256180
256182
256183
256187
256496
256498
256499
256504
256505
256506
256509
256527
256549
256560
256561
256562
256567
256568
256570
256571
256645
256656
256658
256659
256664
256665
256666
256669
256687
256720
256721
256722
256727
256728
256730
256731
257361
257364
257366
257367
257371
