161
181
499
527
549
561
567
571
644
646
724
726
1987
1993
1996
1997
2016
2017
2023
2027
2037
2108
2110
2111
2196
2197
2198
2244
2246
2268
2269
2270
2284
2286
2576
2578
2583
2584
2586
2639
2661
2673
2679
2683
2739
2745
2749
2896
2898
2904
2906
7948
7949
7950
7951
7969
7972
7973
7974
7975
7979
7985
7988
7989
7990
7991
7995
8064
8065
8066
8068
8069
8070
8071
8072
8074
8075
8083
8089
8092
8093
8094
8095
8099
8104
8105
8108
8109
8110
8111
8145
8148
8149
8150
8435
8440
8441
8442
8444
8445
8446
8784
8785
8786
8788
8790
8791
8792
8794
8795
8964
8965
8966
8976
8978
8979
8983
8984
8985
8986
8989
9004
9006
9007
9039
9061
9072
9073
9074
9079
9080
9082
9083
9103
9125
9136
9137
9138
9139
9143
9144
9145
9146
9147
9149
10304
10305
10306
10311
10312
10314
10315
10332
10334
10335
10339
10344
10345
10346
10349
10547
10553
10556
10557
10558
10641
10644
10646
10647
10651
10692
10693
10694
10704
10706
10707
10712
10713
10714
10716
10717
10718
10732
10734
10735
10947
10953
10956
10957
10958
10977
10980
10982
10983
10987
10996
10997
10998
11541
11584
11586
11591
11592
11594
11615
11616
11618
11619
11624
11625
11626
11629
11711
82172
82174
82175
82516
82517
82518
82688
82689
82690
82691
82692
82694
82695
82696
82697
82698
82699
82701
82716
82718
82719
82720
82721
82722
82723
82727
82728
82729
82730
82731
82732
82733
82734
82741
82812
82814
82815
82816
82817
82818
82819
82823
82824
82825
82826
82827
82828
82829
82830
82847
82848
82849
82850
82851
82852
82854
82855
82856
82857
82858
82859
82861
82868
82869
82870
82901
84052
84053
84224
84225
84226
84227
84231
84232
84233
84234
84235
84236
84237
84238
84255
84256
84257
84258
84259
84260
84262
84263
84264
84265
84266
84267
84269
84276
84277
84278
84351
84352
84353
84354
84355
84356
84358
84359
84360
84361
84362
84363
84365
84380
84382
84383
84384
84385
84386
84387
84391
84392
84393
84394
84395
84396
84397
84398
84405
84436
84437
84438
84732
84734
84735
85077
85248
85249
85250
85251
85255
85256
85257
85258
85259
85261
85279
85280
85281
85282
85283
85287
85288
85289
85290
85291
85293
85301
85375
85376
85377
85378
85379
85383
85384
85385
85386
85387
85389
85407
85408
85409
85410
85411
85415
85416
85417
85418
85419
85421
85429
85461
85759
90196
90197
90198
90368
90369
90370
90371
90375
90376
90377
90378
90379
90381
90399
90400
90401
90402
90403
90407
90408
90409
90410
90411
90413
90421
90495
90496
90497
90498
90499
90503
90504
90505
90506
90507
90509
90527
90528
90529
90530
90531
90535
90536
90537
90538
90539
90541
90549
90581
90878
90879
91391
91733
91904
91905
91906
91907
91911
91912
91913
91914
91915
91917
91935
91936
91937
91938
91939
91943
91944
91945
91946
91947
91949
91957
92031
92032
92033
92034
92035
92039
92040
92041
92042
92043
92045
92063
92064
92065
92066
92067
92071
92072
92073
92074
92075
92077
92085
92117
92415
92757
92928
92929
92930
92931
92935
92936
92937
92938
92939
92941
92959
92960
92961
92962
92963
92967
92968
92969
92970
92971
92973
92981
93055
93056
93057
93058
93059
93063
93064
93065
93066
93067
93069
93087
93088
93089
93090
93091
93095
93096
93097
93098
93099
93101
93109
93141
95317
95488
95489
95490
95491
95492
95494
95495
95496
95497
95498
95499
95501
95516
95518
95519
95520
95521
95522
95523
95527
95528
95529
95530
95531
95532
95533
95534
95541
95612
95614
95615
95616
95618
95619
95624
95625
95626
95628
95629
95630
95647
95648
95649
95650
95652
95654
95655
95656
95658
95659
95668
95669
95670
95999
244991
245333
245504
245505
245506
245507
245511
245512
245513
245514
245515
245516
245517
245518
245535
245536
245537
245538
245539
245542
245543
245544
245545
245546
245547
245549
245556
245557
245619
245624
245625
245628
245629
245630
245631
245634
245635
245640
245641
245642
245644
245645
245646
245663
245664
245665
245666
245667
245668
245670
245671
245672
245673
245674
245675
245677
245684
245685
311312
311313
311362
311487
311555
311559
311562
311576
311577
311596
311597
311598
311644
311645
311657
311741
312332
312333
312334
312350
312355
312359
312362
312399
312415
312416
312417
312418
312420
312422
312427
312498
312503
312591
312608
312609
312612
312613
312628
312629
312688
312689
312690
312692
312693
312694
312699
312719
312736
312737
312740
312741
312742
312747
312757
313072
313073
313074
313076
313077
313078
313083
314355
314360
314361
314362
315442
315443
315446
315447
315450
315451
315507
315511
315512
315513
315514
315532
315533
315534
315548
315549
315550
315551
315555
315559
315560
315561
315562
315699
315704
315705
315708
315709
315710
315772
315773
315774
315779
315783
315784
315785
315786
315795
315799
315800
315801
315802
315804
315805
315817
315820
315821
315822
316099
316104
316105
316108
316109
316110
316121
316124
316125
316126
316131
316135
316136
316137
316138
316140
316141
316476
316477
316478
316479
316543
316544
316545
316546
316548
316549
316550
316551
316555
316560
316561
316562
316563
316564
316565
316566
316567
316570
316571
316590
316591
316628
316629
316735
316816
316817
316820
316821
316864
316865
316866
316868
316869
316870
316871
316874
316875
316880
316881
316882
316883
316884
316885
316886
316887
316888
316889
316890
316891
316908
316910
316911
316991
317056
317057
317060
317061
317062
317067
317072
317073
317074
317076
317077
317078
317083
317103
317120
317121
317122
317124
317125
317126
317131
317136
317137
317138
317140
317141
317142
317147
317167
318400
318401
318402
318403
318404
318405
318406
318407
318408
318409
318410
318411
318418
318419
318422
318423
318424
318425
318426
318427
318444
318445
318446
318447
323534
323535
323551
323552
323553
323554
323556
323557
323558
323563
