16404
16454
16459
16495
16659
16663
16666
16707
16711
16712
16713
16714
16728
16729
16748
16749
16828
16830
17436
17437
17448
17449
17484
17485
17486
17500
17501
17502
17507
17511
17512
17513
17514
17587
17592
17593
17594
17678
17695
17698
17702
17703
17706
17707
17743
17759
17760
17761
17762
17764
17765
17766
17771
17840
17841
17842
17844
17846
17851
18163
18167
18170
19453
20495
20512
20513
20516
20517
20518
20523
20528
20529
20532
20533
20592
20593
20594
20596
20597
20598
20603
20623
20640
20641
20642
20644
20645
20646
20651
20656
20657
20660
20661
20784
20785
20786
20788
20789
20790
20791
20794
20795
20848
20850
20851
20854
20855
20856
20857
20858
20859
20876
20877
20878
20879
20894
20895
20896
20897
20898
20899
20900
20901
20902
20903
20904
20906
20907
21199
21215
21216
21217
21218
21220
21221
21222
21227
21555
21559
21560
21561
21562
21619
21623
21624
21625
21626
21628
21629
21630
21635
21640
21641
21642
21644
21645
21646
21656
21657
21660
21661
21662
21667
21671
21672
21673
21674
21676
21677
21816
21817
21820
21821
21822
21884
21885
21886
21887
21888
21889
21890
21891
21892
21893
21894
21895
21896
21897
21898
21899
21906
21907
21910
21911
21912
21913
21914
21915
21916
21917
21932
21933
21934
21935
22211
22215
22216
22217
22218
22220
22221
22222
22227
22231
22232
22233
22234
22236
22237
22238
22243
22247
22248
22249
22250
22252
22253
22254
23500
23501
23502
23516
23517
23518
23519
23522
23523
23526
23527
23528
23529
23530
23531
28656
28657
28658
28660
28661
28662
28667
114447
114468
114469
114480
114481
114482
114483
114486
114487
114488
114489
114490
114491
114493
114560
114561
114564
114565
114566
114567
114571
114576
114577
114578
114579
114583
114584
114585
114586
114587
114588
114589
114590
114604
114606
114607
114629
114640
114641
114642
114644
114645
114646
114647
114650
114651
164047
164069
164080
164081
164082
164083
164087
164088
164089
164090
164091
164093
164421
164432
164433
164434
164435
164439
164440
164441
164442
164443
164445
164463
164613
164624
164625
164626
164627
164631
164632
164633
164634
164635
164637
164655
164687
164709
164720
164721
164722
164723
164727
164728
164729
164730
164731
164733
164751
164773
164784
164785
164786
164787
164791
164792
164793
164794
164795
164797
165957
165968
165969
165970
165971
165974
165975
165976
165977
165978
165979
165981
165999
166159
166181
166192
166193
166194
166195
166199
166200
166201
166202
166203
166205
166277
166288
166289
166290
166291
166295
166296
166297
166298
166299
166301
166319
166341
166352
166353
166354
166355
166359
166360
166361
166362
166363
166365
166383
166607
166629
166640
166641
166642
166643
166647
166648
166649
166650
166651
166653
167172
167173
167174
167184
167185
167186
167187
167191
167192
167193
167194
167195
167196
167197
167198
167212
167214
167215
167247
167269
167280
167281
167282
167283
167287
167288
167289
167290
167291
167292
167293
167294
167308
167310
167311
167332
167333
167334
167344
167345
167346
167347
167348
167350
167351
167352
167353
167354
167355
167357
172101
172112
172113
172114
172115
172119
172120
172121
172122
172123
172125
172143
172300
172302
172303
172324
172325
172326
172336
172337
172338
172339
172340
172342
172343
172344
172345
172346
172347
172349
172420
172421
172422
172432
172433
172434
172435
172439
172440
172441
172442
172443
172444
172445
172446
172460
172462
172463
172485
172496
172497
172498
172499
172500
172502
172503
172504
172505
172506
172507
172509
172527
172751
172773
172784
172785
172786
172787
172791
172792
172793
172794
172795
172796
172797
173836
173838
173839
173860
173861
173862
173872
173873
173874
173875
173876
173878
173879
173880
173881
173882
173883
173885
173956
173957
173958
173968
173969
173970
173971
173975
173976
173977
173978
173979
173980
173981
173982
173996
173998
173999
174021
174032
174033
174034
174035
174036
174038
174039
174040
174041
174042
174043
174045
174063
174287
174309
174320
174321
174322
174323
174327
174328
174329
174330
174331
174332
174333
174334
174661
174672
174673
174674
174675
174676
174678
174679
174680
174681
174682
174683
174685
174703
174852
174853
174854
174864
174865
174866
174867
174871
174872
174873
174874
174875
174876
174877
174878
174892
174894
174895
174927
174949
174960
174961
174962
174963
174967
174968
174969
174970
174971
174972
174973
174974
174988
174990
174991
175012
175013
175014
175024
175025
175026
175027
175028
175030
175031
175032
175033
175034
175035
175037
177413
177424
177425
177426
177427
177431
177432
177433
177434
177435
177437
177455
177487
177508
177509
177520
177521
177522
177523
177524
177526
177527
177528
177529
177530
177531
177533
177551
177573
177584
177585
177586
177587
177591
177592
177593
177594
177595
177597
245901
245927
245931
246265
246269
246324
246326
246428
246430
246444
246446
247758
247759
247780
247781
247782
247793
247796
247798
247799
247803
247859
247865
247869
247953
247959
247963
248005
248016
248018
248019
248024
248025
248026
248047
248325
248339
248345
248367
248432
248434
248440
248442
248496
248498
248504
248506
248657
248663
248667
253744
253746
253747
253752
253753
253754
253756
253757
253758
253840
253841
253842
253844
253846
253847
253848
253850
253851
253892
253893
253894
253904
253906
253907
253911
253912
253913
253914
253915
253916
253917
253918
253932
253934
253935
254156
254158
254159
254177
254180
254181
254182
254187
254192
254193
254194
254196
254197
254198
254199
254203
254529
254532
254533
254534
254535
254539
254547
254553
254556
254557
254558
254559
254563
254569
254572
254573
254574
254575
254737
254740
254741
254742
254747
254787
254792
254793
254794
254796
254797
254798
254816
254817
254818
254820
254822
254823
254824
254826
254827
254836
254837
254838
254908
254910
254911
256020
256021
256022
256067
256073
256076
256077
256078
256096
256097
256098
256100
256102
256103
256107
256117
256188
256190
256191
256319
256405
256448
256449
256450
256455
256456
256458
256459
256479
256480
256482
256483
256488
256489
256490
256493
256575
256661
256704
256705
256706
256711
256712
256714
256715
256735
256736
256738
256739
256744
256745
256746
256749
257345
257348
257350
257355
257372
257373
257374
257388
257390
