65689
65744
65757
66115
66121
66148
66150
66167
66368
66370
66381
66407
66420
66422
67669
67843
67849
67852
67854
67876
67878
67889
67895
67899
67984
67986
67992
67994
67997
68051
68057
68062
68079
68351
68864
68866
68872
68874
68877
68897
68903
68907
68916
68918
68997
69011
69017
69020
69022
69039
69072
69074
69080
69082
69085
74069
74752
74754
74755
74761
74764
74765
74766
74788
74789
74790
74791
74801
74804
74806
74807
74808
74811
74896
74897
74898
74899
74904
74905
74906
74909
74949
74960
74962
74963
74969
74972
74973
74974
74988
74991
75328
75329
75330
75336
75337
75338
75341
75361
75364
75367
75368
75371
75380
75381
75382
75541
75587
75593
75596
75598
75620
75621
75622
75633
75639
75640
75643
75708
75711
76796
76799
78848
78849
78850
78851
78856
78857
78858
78861
78862
78881
78884
78886
78887
78888
78891
78900
78901
78902
78903
78907
78981
78992
78994
78995
79001
79002
79004
79005
79006
79020
79022
79023
79045
79056
79057
79058
79059
79064
79065
79066
79067
79068
79069
79070
79087
79381
79382
79424
79426
79427
79432
79433
79434
79436
79437
79438
79439
79457
79460
79461
79462
79463
79467
79473
79476
79478
79479
79480
79482
79483
79548
79550
79551
79680
79681
79682
79683
79687
79688
79689
79690
79691
79693
79712
79713
79714
79716
79718
79719
79720
79722
79723
79725
79732
79733
79734
79735
79807
148549
148560
148561
148562
148563
148567
148568
148569
148570
148571
148573
148591
148751
148773
148784
148785
148786
148787
148791
148792
148793
148794
148795
148797
148868
148869
148870
148880
148881
148882
148883
148887
148888
148889
148890
148891
148893
148894
148908
148911
148933
148944
148945
148946
148947
148948
148950
148951
148952
148953
148954
148955
148957
148975
149199
149221
149232
149233
149234
149235
149239
149240
149241
149242
149243
149245
152332
152334
152335
152356
152357
152358
152368
152369
152370
152372
152374
152375
152376
152377
152378
152379
152452
152453
152454
152464
152465
152466
152467
152471
152472
152473
152474
152476
152477
152478
152492
152494
152495
152528
152529
152530
152531
152532
152534
152535
152536
152537
152538
152539
152541
152559
153861
153872
153873
153874
153875
153879
153880
153881
153882
153883
153884
153885
153886
153900
153903
153935
153957
153968
153969
153970
153971
153975
153976
153977
153978
153979
153980
153981
153982
153996
153998
153999
154020
154021
154022
154032
154033
154034
154035
154036
154038
154039
154040
154041
154042
154043
154045
154693
154704
154705
154706
154707
154711
154712
154713
154714
154715
154717
154735
154895
154917
154928
154929
154930
154931
154936
154937
154938
154940
154941
154942
155024
155025
155026
155028
155030
155031
155032
155034
155035
155073
155076
155077
155078
155079
155083
155091
155097
155100
155101
155102
155103
155104
155107
155113
155116
155117
155118
155119
155340
155342
155343
155364
155365
155366
155376
155377
155378
155379
155380
155383
155384
155385
155386
155387
155389
158927
158949
158960
158961
158962
158963
158967
158968
158969
158970
158971
158972
158973
158974
159301
159312
159313
159314
159315
159316
159318
159319
159320
159321
159322
159323
159325
159343
159492
159493
159494
159504
159505
159506
159507
159511
159512
159513
159514
159515
159516
159517
159518
159532
159534
159535
159567
159589
159600
159601
159602
159603
159607
159608
159609
159610
159611
159612
159613
159614
159628
159630
159631
159652
159653
159654
159664
159665
159666
159667
159668
159670
159671
159672
159673
159674
159675
159677
233733
233744
233745
233746
233747
233748
233751
233752
233753
233754
233755
233757
233775
233804
233807
233829
233830
233840
233841
233842
233843
233844
233847
233848
233849
233850
233851
233853
233871
233893
233904
233905
233906
233907
233911
233912
233913
233914
233915
233917
233918
234703
234725
234736
234737
234738
234739
234743
234744
234745
234746
234747
234748
234749
234750
235088
235089
235090
235092
235094
235095
235096
235097
235098
235099
235101
235268
235269
235270
235280
235282
235283
235288
235289
235290
235292
235293
235294
235295
235299
235305
235308
235310
235311
235391
235392
235393
235394
235395
235400
235401
235402
235403
235404
235405
235406
235425
235426
235428
235429
235430
235431
235432
235434
235435
235441
235444
235445
235446
235447
235451
235477
236300
236303
236325
236336
236337
236338
236339
236343
236344
236345
236346
236347
236349
236421
236432
236433
236434
236435
236436
236439
236440
236441
236442
236443
236445
236463
236485
236486
236496
236497
236498
236499
236503
236504
236505
236506
236507
236509
236510
236524
236527
311310
311447
311528
311530
311888
311891
311897
312092
312094
312196
312198
312199
312237
312245
312283
313664
313666
313673
313702
313713
313720
313723
314389
314444
314447
314469
314480
314482
314489
314493
314556
314559
314896
314898
314905
314906
314909
315009
315016
315018
315019
315041
315047
315048
315051
315060
315062
315063
315092
315094
315205
315231
315232
315235
315241
315244
315246
315247
320769
320776
320778
320779
320781
320804
320806
320807
320811
320820
320822
320823
320827
320913
320914
320920
320922
320923
320925
320965
320966
320992
320994
320995
321001
321004
321006
321007
321013
323668
323669
323670
323888
323891
323897
323900
323902
323903
323989
324032
324034
324035
324041
324042
324044
324045
324046
324068
324069
324070
324071
324081
324087
324088
324090
324091
324093
324291
324300
324302
324303
324325
324336
324338
324339
324345
324348
324349
324350
324351
325697
325700
325701
325702
325703
325707
325728
325729
325730
325731
325736
325737
325738
325739
325740
325741
325742
325748
325749
325750
326148
326150
326151
326155
326176
326177
326178
326184
326185
326186
326187
326189
326196
326197
326198
326277
326288
326290
326291
326297
326300
326301
326302
326303
326316
326319
326341
326352
326354
326355
326361
326364
326366
326367
326371
326380
326382
326383
326481
326484
326486
326487
326488
326490
326491
326929
326932
326934
326935
326936
326938
326939
326941
327027
327036
327038
327039
327040
327042
327043
327049
327050
327052
327053
327054
327055
327076
327077
327078
327079
327088
327089
327090
327095
327096
327097
327098
327099
327101
327125
