32893
32932
32934
33231
33253
33268
33270
33331
33337
33424
33426
33495
34617
34620
34621
34622
34704
34705
34711
34715
34757
34768
34770
34775
34776
34778
34799
35020
35022
35041
35044
35046
35051
35061
35392
35394
35400
35402
35423
35427
35432
35433
35649
35655
35659
35676
35678
35693
40140
40142
40143
40161
40164
40165
40166
40171
40177
40180
40181
40182
40183
40187
40469
40512
40513
40514
40516
40518
40519
40520
40522
40523
40537
40540
40541
40542
40543
40547
40552
40553
40554
40556
40557
40558
40639
40724
40725
40726
40768
40769
40770
40771
40775
40776
40777
40778
40779
40781
40796
40798
40799
40800
40801
40802
40803
40807
40808
40809
40810
40811
40813
40895
41776
41778
41779
41784
41785
41786
41788
41789
41790
41861
41872
41873
41874
41875
41879
41880
41881
41882
41883
41903
41925
41936
41937
41938
41940
41942
41943
41944
41946
41947
43093
43264
43266
43267
43271
43272
43273
43274
43275
43292
43294
43295
43296
43298
43299
43304
43305
43306
43309
43379
43385
43388
43389
43390
43404
43405
43406
43407
43425
43428
43429
43430
43431
43435
43444
43445
43446
43775
44288
44289
44290
44292
44294
44295
44299
44316
44317
44318
44323
44329
44332
44333
44334
44402
44403
44408
44409
44410
44413
44431
44452
44453
44454
44465
44468
44470
44471
44475
115651
115657
115660
115661
115662
115663
115681
115684
115685
115686
115687
115691
115697
115700
115701
115702
115703
115707
117057
117060
117061
117062
117063
117067
117075
117081
117084
117085
117086
117087
117091
117097
117100
117101
117102
117103
117777
117780
117781
117782
117783
117787
117827
117833
117836
117837
117838
117839
117857
117860
117861
117862
117863
117867
117872
117873
117876
117877
117878
117879
117882
117883
117939
117945
117948
117949
117950
117951
118211
118217
118220
118221
118222
118223
118241
118244
118245
118246
118247
118251
118256
118257
118258
118260
118261
118262
118263
118264
118266
118267
118320
118322
118323
118328
118329
118330
118332
118333
118334
118335
118416
118417
118418
118420
118421
118422
118423
118424
118426
118427
118465
118468
118469
118470
118471
118475
118480
118482
118483
118488
118489
118490
118492
118493
118494
118495
118499
118505
118508
118509
118510
118511
123201
123204
123205
123206
123207
123211
123216
123218
123219
123224
123225
123226
123228
123229
123230
123231
123235
123241
123244
123245
123246
123247
123952
123954
123955
123960
123961
123962
123964
123965
123966
124048
124049
124050
124052
124054
124055
124056
124058
124059
124100
124101
124102
124112
124114
124115
124120
124121
124122
124124
124125
124126
124127
124140
124142
124143
124432
124433
124434
124436
124437
124438
124439
124440
124442
124443
124483
124489
124492
124494
124495
124513
124516
124517
124518
124519
124528
124529
124530
124532
124534
124535
124536
124538
124539
124592
124594
124595
124600
124601
124602
124604
124605
124606
124607
124737
124740
124741
124742
124743
124747
124752
124754
124755
124760
124761
124762
124764
124765
124766
124767
124771
124777
124780
124781
124782
124783
125900
125902
125903
125921
125924
125925
125926
125927
125936
125937
125938
125940
125942
125943
125944
125946
125947
128016
128017
128018
128020
128021
128022
128023
128024
128026
128027
128067
128073
128076
128077
128078
128079
128097
128100
128101
128102
128103
128107
128112
128113
128114
128116
128117
128118
128119
128120
128122
128123
128176
128178
128179
128184
128185
128186
128188
128189
128190
128191
128448
128450
128451
128456
128457
128458
128460
128461
128462
128480
128481
128482
128484
128486
128487
128488
128490
128491
128500
128501
128502
128563
128569
128572
128573
128574
128575
128657
128660
128661
128662
128663
128667
128704
128705
128708
128709
128710
128711
128715
128723
128729
128732
128733
128734
128735
128739
128745
128748
128749
128750
128751
195635
195641
195644
195645
195646
195647
195729
195732
195733
195734
195735
195739
195777
195780
195781
195782
195783
195787
195794
195795
195800
195801
195804
195805
195806
195807
195811
195817
195820
195821
195822
195823
196097
196100
196101
196102
196112
196113
196114
196115
196116
196118
196119
196120
196121
196122
196123
196125
196142
196143
196169
196172
196173
196174
196175
196193
196196
196197
196198
196199
196203
196208
196209
196210
196212
196213
196214
196215
196216
196218
196219
196272
196274
196275
196279
196280
196281
196282
196284
196285
196286
196420
196421
196432
196433
196434
196436
196437
196438
196439
196440
196442
196443
196463
262162
262215
262233
262252
262412
262413
262430
262435
262440
262442
262479
262496
262497
262500
262502
262507
262578
263216
263217
263218
263220
263222
263227
263283
263287
263288
263289
263290
263308
263310
263327
263330
263335
263338
263484
263485
263486
263551
263552
263553
263554
263556
263558
263563
263571
263575
263576
263577
263578
263598
263599
263875
263880
263881
263882
263900
263901
263913
263916
263917
265188
265189
265205
266432
266433
266434
266436
266437
266438
266443
266448
266450
266451
266454
266455
266456
266457
266458
266459
266478
266479
266700
266701
266702
266716
266717
266718
266719
266722
266723
266727
266728
266729
266730
266803
266807
266808
266809
266810
266812
266813
266876
266877
266878
266883
266887
266888
266889
266890
266899
266904
266905
266906
266908
266909
266910
266921
266924
266925
266926
267471
267489
267492
267493
267504
267505
267506
267508
267509
267510
267511
267515
267772
267773
267774
267775
267776
267778
267779
267783
267784
267785
267786
267787
267788
267789
267795
267800
267801
267802
267804
267805
267806
267811
267815
267816
267817
267818
267820
267821
267822
267852
267853
267854
267855
267870
267871
267872
267873
267874
267875
267876
267877
267878
267879
267880
267881
267882
267883
267952
267954
267955
267958
267959
267960
267961
267962
267963
267965
269071
269088
269089
269092
269093
269094
269099
269104
269105
269106
269108
269109
269110
269115
269168
269169
269170
269171
269172
269173
269174
269175
269176
269178
269179
269198
269199
269215
269216
269217
269218
269220
269221
269222
269223
269227
269237
274239
274309
274320
274321
274324
274325
274326
274331
274372
274373
274384
274385
274386
274388
274389
274390
274395
