32891
32944
33217
33227
33245
33260
33262
33472
33474
33479
33500
33517
34047
34389
34561
34564
34566
34571
34579
34585
34589
34604
34606
34639
34660
34661
34673
34676
34677
34678
34683
34736
34738
34743
34744
34746
35584
35586
35591
35592
35594
35612
35614
35625
35629
35696
35698
35703
35761
35766
35771
37884
37885
37886
37887
39237
39248
39249
39250
39252
39253
39254
39255
39259
39940
39941
39952
39953
39954
39955
39956
39958
39959
39960
39962
39963
39983
40003
40009
40012
40013
40014
40031
40032
40033
40034
40036
40038
40039
40040
40042
40043
40053
40115
40120
40121
40124
40125
40126
40243
40249
40252
40253
40254
40255
40325
40336
40337
40338
40340
40342
40343
40344
40346
40347
40367
40388
40389
40390
40400
40401
40402
40403
40404
40406
40407
40408
40409
40410
40411
40431
40643
40649
40652
40653
40654
40671
40672
40673
40674
40676
40678
40679
40680
40682
40683
40693
44035
44040
44041
44042
44044
44045
44046
44063
44064
44066
44067
44071
44072
44073
44074
44075
44147
44152
44153
44154
44157
44172
44174
44175
44193
44196
44197
44198
44203
44212
44213
44214
44480
44482
44483
44487
44488
44489
44490
44508
44510
44511
44515
44520
44521
44522
44525
44607
44692
44693
44694
44737
44740
44741
44742
44754
44755
44759
44760
44761
44762
44765
44782
44783
118012
118014
118015
118356
118357
118358
118528
118529
118530
118531
118532
118534
118535
118536
118537
118538
118539
118541
118556
118558
118559
118560
118561
118562
118563
118567
118568
118569
118570
118571
118572
118573
118574
118581
118655
118656
118657
118658
118659
118663
118664
118665
118666
118667
118669
118687
118688
118689
118690
118691
118694
118695
118696
118697
118698
118699
118701
118708
118709
118741
123989
124160
124161
124162
124163
124166
124167
124168
124169
124170
124171
124173
124191
124192
124193
124194
124195
124199
124200
124201
124202
124203
124204
124205
124213
124287
124288
124289
124290
124291
124295
124296
124297
124298
124299
124301
124319
124320
124321
124322
124323
124327
124328
124329
124330
124331
124333
124341
124373
124671
127060
127061
127062
127232
127233
127234
127235
127239
127240
127241
127242
127243
127244
127245
127246
127263
127264
127265
127266
127267
127268
127270
127271
127272
127273
127274
127275
127277
127284
127285
127286
127359
127360
127361
127362
127363
127364
127366
127367
127368
127369
127370
127371
127373
127388
127390
127391
127392
127393
127394
127395
127399
127400
127401
127402
127403
127404
127405
127406
127413
127444
127445
127446
127740
127742
127743
128252
128254
128255
128596
128597
128598
128768
128769
128770
128771
128772
128774
128775
128776
128778
128779
128793
128796
128797
128798
128799
128800
128802
128803
128808
128809
128810
128812
128813
128814
128880
128882
128883
128888
128889
128890
128892
128893
128894
128905
128908
128909
128910
128911
128928
128929
128932
128933
128934
128935
128939
128945
128948
128949
128950
128951
128955
129279
129621
129792
129793
129794
129795
129799
129800
129801
129802
129803
129804
129805
129806
129823
129824
129825
129826
129827
129830
129831
129832
129833
129834
129835
129837
129845
129916
129918
129919
129920
129921
129922
129923
129927
129928
129929
129930
129931
129932
129933
129951
129952
129953
129954
129955
129958
129959
129960
129961
129962
129963
129965
129973
130005
192767
193109
193280
193281
193282
193283
193287
193288
193289
193290
193291
193292
193293
193294
193311
193312
193313
193314
193315
193316
193318
193319
193320
193321
193322
193323
193325
193332
193333
193334
193407
193408
193409
193410
193411
193412
193414
193415
193416
193417
193418
193419
193421
193436
193438
193439
193440
193441
193442
193443
193447
193448
193449
193450
193451
193452
193453
193454
193461
193492
193493
193494
194644
194645
194816
194817
194818
194819
194822
194823
194824
194825
194826
194827
194829
194844
194846
194847
194848
194849
194850
194851
194855
194856
194857
194858
194859
194860
194861
194862
194869
194940
194942
194943
194944
194945
194946
194947
194951
194952
194953
194954
194955
194956
194957
194958
194975
194976
194977
194978
194979
194980
194982
194983
194984
194985
194986
194987
194989
194996
194997
194998
195029
195327
195669
195840
195841
195842
195843
195844
195846
195847
195848
195849
195850
195851
195853
195865
195868
195869
195870
195871
195872
195874
195875
195879
195880
195881
195882
195884
195885
195886
195952
195954
195955
195959
195960
195961
195962
195963
195964
195965
195966
195980
195981
195982
195983
196000
196001
196004
196005
196006
196007
196011
196016
196017
196020
196021
196022
196023
196027
196351
262170
262221
262448
262449
262459
262524
262525
262526
262563
262568
262570
262900
262902
263360
263361
263362
263366
263371
263379
263384
263385
263386
263406
263664
263665
263666
263668
263670
263671
263675
263695
263716
263717
263729
263732
263733
263734
263795
263801
263805
263820
263821
263822
263839
263840
263842
263847
263850
263851
265109
265153
265156
265157
265158
265170
265175
265178
265199
267008
267009
267010
267012
267013
267014
267015
267019
267026
267027
267031
267032
267033
267034
267052
267054
267055
267075
267080
267081
267084
267085
267086
267100
267102
267103
267104
267106
267107
267111
267112
267113
267114
267115
267187
267192
267193
267196
267197
267198
268095
268177
268180
268181
268182
268224
268225
268226
268228
268229
268230
268231
268234
268235
268240
268242
268243
268247
268248
268249
268250
268251
268252
268253
268254
268268
268269
268270
268271
268351
268436
268437
268480
268481
268482
268484
268485
268486
268487
268488
268490
268491
268496
268498
268499
268503
268504
268505
268506
268509
268524
268525
268526
268527
268751
268773
268784
268785
268786
268788
268789
268790
268791
268795
268815
268833
268836
268837
268838
268848
268849
268850
268852
268853
268854
268859
268915
268919
268920
268921
268922
268924
268925
268926
268937
268940
268941
268942
268958
268959
268960
268961
268962
268963
268966
268967
268968
268969
268970
268971
273663
274004
274005
274176
274177
274178
274180
274181
274182
274187
274192
274194
274195
274199
274200
274202
274203
274223
274243
274248
274249
274252
274253
274268
274270
274275
274279
274280
274281
274282
274364
274365
274366
