65551
65593
65766
65777
65784
66135
66347
66356
66359
66449
66458
66461
66530
66549
67920
67922
67923
67929
67932
67934
68639
68652
68655
68741
68768
68771
68777
68780
68782
68783
68816
68818
68825
68830
69188
69190
69191
69217
69224
69226
69229
69237
69238
69393
69400
69402
69403
69405
69505
69512
69514
69515
69517
69540
69543
69547
69556
69559
69588
69590
69591
75072
75073
75074
75075
75081
75082
75085
75086
75108
75109
75110
75121
75128
75130
75131
75133
77845
77939
77948
77951
77952
77954
77955
77961
77964
77966
77967
77989
78000
78002
78003
78009
78012
78014
78015
78357
78358
78460
78463
78464
78466
78467
78473
78476
78478
78479
78501
78512
78514
78515
78521
78524
78525
78526
78527
78549
78656
78657
78658
78659
78664
78665
78666
78667
78668
78669
78670
78692
78693
78694
78695
78705
78706
78712
78714
78715
78717
80145
80148
80151
80152
80154
80155
80157
80257
80260
80263
80264
80266
80267
80269
80289
80292
80294
80295
80296
80298
80299
80305
80308
80310
80311
80312
80314
80315
80340
80342
80343
80347
80964
80966
80967
80992
80993
80994
81000
81001
81002
81003
81005
81006
81012
81013
81014
81015
81413
81414
81424
81426
81427
81433
81436
81438
81439
81440
81442
81443
81449
81452
81454
81455
81461
81541
81542
81555
81564
81567
81568
81570
81571
81577
81578
81580
81581
81582
81583
81589
81616
81617
81618
81619
81624
81625
81626
81627
81628
81629
81630
81631
81744
81745
81746
81747
81752
81753
81754
81755
81756
81757
81758
81759
81772
81775
152640
152641
152642
152644
152645
152646
152647
152648
152650
152651
152659
152665
152668
152669
152670
152671
152672
152674
152675
152680
152681
152682
152684
152685
152686
152687
152892
152894
152895
152981
152982
153024
153025
153026
153027
153031
153032
153033
153034
153035
153037
153038
153057
153058
153060
153062
153063
153064
153066
153067
153069
153073
153076
153077
153078
153079
153083
153151
153237
153280
153281
153282
153283
153288
153289
153290
153292
153293
153294
153312
153313
153314
153316
153318
153319
153320
153322
153323
153332
153333
153334
153335
153339
229649
229652
229653
229654
229655
229659
229696
229698
229699
229704
229705
229706
229708
229709
229710
229711
229728
229729
229730
229732
229733
229734
229735
229736
229738
229739
229745
229748
229749
229750
229751
229755
229811
229817
229820
229821
229822
229823
230592
230594
230595
230600
230601
230602
230604
230605
230606
230607
230624
230625
230626
230628
230629
230630
230631
230632
230634
230635
230641
230644
230645
230646
230651
230976
230977
230978
230980
230982
230983
230984
230986
230987
231004
231005
231006
231007
231008
231010
231011
231016
231017
231018
231020
231021
231022
231188
231189
231190
231232
231234
231235
231240
231241
231242
231244
231245
231246
231264
231265
231266
231268
231270
231271
231272
231274
231275
231284
231285
231286
231356
231358
231359
232243
232249
232252
232253
232254
232255
232337
232340
232341
232342
232343
232347
232384
232385
232386
232388
232389
232390
232391
232392
232394
232395
232403
232409
232412
232413
232414
232415
232416
232418
232419
232424
232425
232426
232428
232429
232430
232431
236736
236738
236739
236744
236745
236746
236748
236749
236750
236768
236769
236770
236772
236774
236775
236776
236778
236779
236788
236789
236790
237121
237122
237124
237125
237126
237127
237128
237130
237131
237139
237145
237148
237149
237150
237151
237152
237154
237155
237160
237161
237162
237164
237165
237166
237167
237329
237332
237333
237334
237335
237339
237379
237385
237388
237389
237390
237391
237409
237412
237413
237414
237415
237419
237425
237428
237429
237430
237431
237432
237434
237435
237491
237497
237500
237501
237502
237503
238396
238398
238399
238484
238485
238486
238528
238529
238530
238532
238534
238535
238536
238538
238539
238556
238558
238559
238560
238562
238563
238568
238569
238570
238572
238573
238574
239892
239893
239894
239936
239937
239938
239939
239943
239944
239945
239946
239947
239948
239949
239950
239967
239968
239969
239970
239972
239974
239975
239976
239977
239978
239979
239988
239989
239990
240060
240062
240063
240661
240704
240705
240706
240707
240708
240710
240711
240712
240713
240714
240715
240717
240732
240734
240735
240736
240737
240738
240739
240743
240744
240745
240746
240747
240748
240749
240750
240831
240956
240958
240959
241044
241045
241046
241088
241089
241090
241092
241094
241095
241096
241098
241099
241116
241118
241119
241120
241122
241123
241128
241129
241130
241132
241133
241134
241344
241346
241347
241351
241352
241353
241354
241356
241357
241358
241375
241376
241377
241378
241380
241382
241383
241384
241385
241386
241387
241396
241397
241398
311329
311339
311428
311430
311832
311834
311923
311929
311951
311992
311994
312147
312153
312157
313409
313415
313419
313440
313442
313448
313450
313453
313804
313806
313828
313830
313847
313916
313918
313919
314005
314049
314055
314059
314080
314082
314089
314090
314093
314645
314691
314697
314700
314702
314724
314726
314737
314740
314742
314743
314747
314812
314814
314815
319748
319749
319750
319763
319769
319772
319773
319774
319775
319779
319785
319788
319789
319790
319791
319871
319872
319874
319875
319880
319881
319882
319884
319885
319886
319905
319908
319910
319911
319912
319914
319915
319924
319925
319926
319927
321295
321317
321328
321329
321330
321336
321338
321339
321424
321425
321426
321432
321434
321435
321477
321488
321491
321497
321501
321502
321519
321776
321778
321779
321785
321788
321789
321790
322129
322132
322134
322135
322139
322308
322310
322311
322332
322334
322335
322339
322345
322348
322349
322350
322432
322433
322434
322435
322440
322441
322442
322443
322445
322464
322465
322466
322471
322472
322474
322475
322484
322485
322486
322517
324688
324689
324690
324692
324694
324695
324696
324698
324699
324879
324901
324912
324913
324914
324915
324919
324920
324921
324922
324923
324925
325008
325009
325010
325012
325014
325015
325016
325018
325019
325021
325060
325061
325062
325072
325074
325075
325080
325081
325082
325084
325085
325086
325087
325100
325102
325103
325327
325349
325360
325361
325362
325363
325368
325369
325370
325372
325373
325374
