32791
32862
32867
32873
32956
33039
33061
33077
33139
33144
33146
33184
33186
33195
33522
33925
33936
33937
33938
33942
33947
34001
34004
34005
34006
34252
34253
34254
34271
34274
34275
34279
34280
34282
34355
34360
34361
34365
34431
34432
34434
34439
34443
34451
34456
34457
34458
34476
34478
35779
35783
35784
35786
35805
35820
35821
37107
37111
37112
37113
37114
37117
37377
37380
37381
37382
37392
37393
37394
37396
37397
37398
37399
37403
37423
37440
37442
37443
37447
37448
37449
37450
37451
37459
37464
37465
37466
37468
37469
37484
37485
37486
37564
37566
37567
37701
37712
37713
37714
37716
37717
37718
37723
38671
38688
38689
38692
38693
38694
38699
38704
38705
38706
38708
38709
38710
38715
38771
38776
38777
38778
38780
38781
38782
38787
38792
38793
38796
38797
38798
38799
38812
38814
38815
38816
38817
38818
38819
38820
38822
38823
38824
38825
38826
38827
39141
39152
39153
39154
39155
39156
39157
39158
39159
39160
39162
39163
39423
39424
39425
39426
39427
39428
39429
39430
39431
39432
39434
39435
39442
39443
39447
39448
39449
39450
39453
39468
39469
39470
39471
39491
39496
39497
39500
39501
39502
39516
39517
39518
39519
39520
39522
39523
39527
39528
39529
39530
39531
39603
39608
39609
39610
39612
39613
39614
44812
44813
44814
44831
44832
44833
44834
44835
44838
44839
44840
44842
44843
44912
44913
44914
44916
44917
44918
44923
44964
44965
44976
44977
44980
44981
44982
44987
127806
127807
127892
127893
127936
127937
127938
127939
127942
127943
127944
127945
127946
127947
127949
127966
127967
127968
127969
127970
127971
127975
127976
127977
127978
127979
127980
127981
127989
129300
129301
129302
129344
129345
129346
129347
129351
129352
129353
129354
129355
129356
129357
129375
129376
129377
129378
129379
129382
129383
129384
129385
129386
129387
129389
129396
129397
129470
129471
130069
130112
130113
130114
130115
130116
130118
130119
130120
130121
130122
130123
130125
130140
130142
130143
130144
130145
130146
130147
130151
130152
130153
130154
130155
130156
130157
130158
130165
130239
130355
130361
130364
130365
130366
130367
130437
130448
130449
130450
130452
130453
130454
130455
130456
130458
130459
130497
130500
130501
130502
130507
130512
130513
130514
130515
130516
130518
130519
130520
130521
130522
130523
130525
130540
130542
130543
130754
130755
130760
130761
130762
130764
130765
130766
130767
130784
130785
130786
130788
130789
130790
130791
130792
130794
130795
130801
130804
130805
130806
183359
183445
183488
183489
183490
183491
183495
183496
183497
183498
183499
183500
183501
183502
183519
183520
183521
183522
183523
183524
183526
183527
183528
183529
183530
183531
183533
183540
183541
183542
183829
183872
183873
183874
183875
183876
183878
183879
183880
183881
183882
183883
183885
183900
183902
183903
183904
183905
183906
183907
183911
183912
183913
183914
183915
183916
183917
183918
183925
183999
184084
184085
184086
184128
184129
184130
184131
184135
184136
184137
184138
184139
184140
184141
184142
184160
184161
184162
184163
184164
184166
184167
184168
184170
184171
184173
184180
184181
184182
184252
184254
184255
189504
189505
189506
189508
189510
189511
189512
189514
189515
189532
189534
189535
189536
189538
189539
189544
189545
189546
189548
189549
189550
189756
189758
189759
189844
189845
189846
189888
189889
189890
189892
189894
189895
189896
189898
189899
189916
189918
189919
189920
189922
189923
189928
189929
189930
189932
189933
189934
190144
190146
190147
190152
190153
190154
190156
190157
190158
190176
190177
190178
190180
190182
190183
190184
190186
190187
190196
190197
190198
192785
192788
192789
192790
192791
192832
192834
192835
192840
192841
192842
192844
192845
192846
192847
192864
192865
192866
192868
192870
192871
192872
192874
192875
192884
192885
192886
192953
192956
192958
192959
193728
193730
193731
193735
193736
193737
193738
193739
193740
193741
193742
193759
193760
193761
193762
193763
193764
193766
193767
193768
193769
193770
193771
193773
193780
193781
193782
194068
194069
194070
194112
194113
194114
194115
194119
194120
194121
194122
194123
194125
194142
194143
194144
194145
194146
194147
194151
194152
194153
194154
194155
194157
194165
194236
194238
194239
194325
194368
194369
194370
194372
194374
194375
194376
194378
194379
194387
194393
194396
194397
194398
194399
194402
194403
194408
194409
194410
194412
194413
194414
194495
195388
195390
195391
195476
195477
195478
195520
195521
195522
195524
195526
195527
195528
195530
195531
195548
195550
195551
195552
195554
195555
195560
195561
195562
195564
195565
195566
262172
262258
262321
262600
262602
262623
262627
262633
262719
262805
262852
262854
262873
263939
263945
263949
263967
263968
263970
263975
263976
263978
264051
264057
264060
264061
264062
264076
264077
264078
264096
264097
264100
264102
264103
264107
264117
264444
264446
264785
264788
264790
264795
264965
264978
264984
264986
265007
265039
265060
265062
265076
265077
265139
265145
269321
269324
269325
269326
269327
269344
269345
269346
269348
269350
269351
269354
269355
269364
269365
269366
269436
269437
269438
269439
269443
269448
269449
269450
269452
269453
269454
269471
269472
269473
269474
269475
269479
269480
269481
269482
269483
269493
269772
269774
269775
269793
269796
269797
269798
269803
269808
269809
269810
269812
269813
269814
269815
269819
269872
269874
269875
269879
269880
269881
269882
269884
269885
269953
269956
269957
269958
269968
269969
269970
269971
269975
269976
269977
269978
269979
269981
269996
269998
269999
270032
270033
270034
270036
270037
270038
270039
270043
271347
271352
271353
271356
271357
271358
272709
272720
272721
272722
272726
272727
272728
272730
272731
272751
273413
273424
273425
273426
273428
273430
273431
273434
273435
273475
273481
273484
273485
273486
273503
273504
273505
273506
273510
273511
273512
273514
273515
273525
273593
273596
273597
273598
273721
273724
273725
273726
273808
273809
273810
273814
273815
273819
273861
273872
273873
273874
273879
273882
273883
274121
274124
274125
274126
274144
274145
274146
274150
274151
274154
274155
274165
