38
154
197
587
616
618
629
790
880
882
889
947
953
2309
2332
2335
2348
2350
2351
2439
2466
2472
2474
2477
2485
2516
2518
3153
3160
3162
3520
3522
3523
3529
3533
3534
3556
3558
3559
3569
3572
3575
3579
3776
3778
3779
3785
3788
3790
3812
3814
3825
3831
3835
9236
9237
9238
9292
9295
9317
9328
9330
9331
9337
9338
9341
9342
9392
9394
9395
9401
9404
9405
9406
9407
9733
9747
9756
9758
9759
9763
9772
9774
9775
9857
9860
9862
9863
9867
9888
9889
9890
9896
9898
9899
9901
9909
9940
9942
9943
10064
10065
10066
10072
10074
10075
10077
12609
12615
12616
12618
12619
12621
12641
12647
12648
12650
12651
12653
12660
12661
12662
12663
14080
14083
14089
14092
14094
14095
14116
14117
14118
14128
14129
14130
14131
14135
14136
14137
14138
14139
14141
14224
14225
14226
14228
14230
14231
14232
14234
14235
14237
14276
14277
14278
14279
14291
14297
14300
14302
14303
14304
14306
14307
14313
14316
14317
14318
14319
14576
14579
14585
14588
14590
14591
14932
14933
14934
15104
15105
15106
15107
15112
15113
15114
15115
15117
15137
15140
15142
15143
15144
15146
15147
15156
15157
15158
15159
15163
15248
15250
15251
15256
15257
15258
15260
15261
15262
15279
15301
15312
15314
15315
15321
15324
15325
15326
15327
15340
15343
83265
83268
83269
83270
83271
83275
83280
83282
83283
83288
83289
83290
83292
83293
83294
83295
83299
83305
83308
83309
83310
83311
86064
86066
86067
86072
86073
86074
86076
86077
86078
86160
86161
86162
86164
86166
86167
86168
86170
86171
86212
86213
86214
86224
86226
86227
86232
86233
86234
86236
86237
86238
86252
86254
86255
86544
86545
86546
86548
86550
86551
86552
86554
86555
86604
86606
86607
86628
86629
86630
86640
86641
86642
86644
86646
86647
86648
86650
86651
86704
86706
86707
86712
86713
86714
86716
86717
86718
86852
86853
86854
86864
86866
86867
86872
86873
86874
86876
86877
86878
86892
86894
86895
88084
88085
88086
88128
88130
88131
88136
88137
88138
88140
88141
88142
88143
88161
88164
88165
88166
88167
88168
88171
88177
88180
88181
88182
88183
88187
88243
88249
88252
88254
88255
88524
88526
88527
88548
88549
88550
88560
88561
88562
88564
88566
88567
88568
88570
88571
88624
88626
88627
88632
88633
88634
88636
88637
88638
88720
88721
88722
88724
88725
88726
88727
88728
88730
88731
88769
88772
88773
88774
88775
88779
88784
88786
88787
88793
88794
88796
88797
88798
88799
88803
88809
88812
88813
88814
88815
89408
89409
89410
89411
89412
89415
89416
89417
89418
89419
89421
89440
89441
89442
89443
89447
89448
89449
89450
89451
89453
89460
89461
89462
94147
94156
94157
94158
94159
94177
94180
94181
94182
94187
94192
94193
94194
94196
94197
94198
94199
94200
94202
94203
167952
167953
167954
167956
167957
167958
167959
167960
167962
167963
168003
168009
168012
168013
168014
168015
168033
168036
168037
168038
168039
168043
168048
168049
168050
168052
168053
168054
168055
168056
168059
168112
168114
168115
168120
168121
168122
168124
168125
168126
168127
168387
168393
168396
168397
168398
168399
168417
168420
168421
168422
168423
168427
168433
168436
168437
168438
168439
168443
168499
168505
168508
168509
168510
168511
168593
168596
168597
168598
168599
168603
168641
168644
168645
168646
168647
168651
168656
168659
168665
168666
168668
168669
168670
168671
168675
168681
168684
168685
168686
168687
169968
169970
169971
169977
169980
169981
169982
169983
169984
169987
169993
169996
169997
169998
169999
170020
170021
170022
170032
170033
170034
170036
170038
170039
170040
170041
170042
170043
170045
170117
170128
170129
170130
170131
170135
170136
170137
170138
170139
170141
170142
170159
170181
170182
170192
170193
170194
170195
170200
170201
170202
170204
170205
170206
170220
170222
170223
170513
170514
170516
170517
170518
170519
170520
170522
170523
170563
170569
170572
170573
170574
170575
170596
170597
170598
170599
170603
170608
170609
170610
170612
170614
170615
170616
170618
170619
170672
170674
170675
170680
170681
170682
170684
170685
170686
170687
170817
170820
170821
170822
170823
170827
170832
170835
170841
170844
170845
170846
170847
170851
170857
170860
170861
170862
170863
245915
245987
245993
246371
246377
246545
246552
246555
246656
246659
246665
246694
246705
246715
248081
248091
248195
248201
248204
248206
248241
248248
248250
248251
248900
248902
248928
248930
248931
248937
249344
249346
249347
249353
249357
249380
249382
249383
249393
249399
249403
249489
249496
249498
249499
249501
249541
249567
249571
249577
249580
249582
249685
255045
255059
255065
255068
255070
255071
255075
255084
255086
255087
255484
255487
255491
255497
255500
255502
255503
255525
255536
255537
255538
255544
255546
255547
255549
255633
255636
255638
255639
255643
255684
255686
255687
255691
255712
255713
255714
255720
255721
255722
255725
255733
258320
258321
258322
258323
258328
258329
258330
258333
258334
258433
258434
258440
258442
258443
258445
258465
258468
258470
258471
258472
258474
258475
258484
258486
258487
258516
258517
258518
260096
260097
260098
260100
260103
260104
260105
260106
260107
260109
260128
260129
260130
260132
260134
260135
260136
260138
260139
260141
260148
260149
260150
260151
260229
260240
260242
260243
260249
260250
260252
260253
260254
260255
260259
260268
260270
260271
260293
260304
260306
260307
260312
260313
260314
260316
260317
260318
260319
260335
260673
260674
260679
260680
260682
260683
260685
260705
260708
260710
260711
260712
260714
260715
260717
260724
260725
260726
260727
260884
260885
260886
260887
260943
260965
260976
260978
260979
260985
260988
260989
260990
260991
261004
261007
261029
261040
261042
261043
261049
261050
261052
261053
261054
261055
261460
261461
261462
261463
