16405
16448
16449
16452
16466
16470
16475
16642
16651
16723
16727
16730
16750
17151
17411
17415
17416
17417
17418
17427
17431
17432
17433
17434
17452
17453
17454
17480
17481
17496
17497
17516
17517
17596
17597
17598
17676
17677
17692
17693
17694
17699
17704
17705
17740
17741
17742
17756
17757
17758
17763
17767
17768
17769
17770
17843
17847
17848
17849
17850
18168
18169
18172
18173
19452
19454
20492
20493
20494
20508
20509
20510
20511
20514
20515
20519
20520
20521
20522
20558
20559
20574
20575
20576
20577
20578
20579
20580
20581
20582
20583
20586
20587
20658
20659
20662
20663
20664
20666
20667
20751
20767
20768
20769
20770
20772
20773
20774
20779
20815
20831
20832
20833
20834
20836
20837
20838
20843
20849
20852
20853
20912
20913
20914
20916
20917
20918
20923
21232
21233
21234
21235
21236
21237
21238
21239
21242
21243
21519
21535
21536
21537
21538
21540
21541
21542
21547
21552
21553
21554
21556
21557
21558
21563
21583
21600
21601
21604
21605
21606
21611
21616
21617
21618
21620
21621
21622
21627
21647
21663
21664
21665
21666
21668
21669
21670
21675
21680
21681
21682
21684
21685
21686
21691
21796
21797
21808
21809
21810
21811
21812
21813
21814
21815
21818
21819
21872
21873
21874
21875
21876
21877
21878
21879
21880
21881
21882
21883
21900
21901
21902
21903
21918
21919
21920
21921
21922
21923
21924
21925
21926
21927
21928
21929
21930
21931
22223
22239
22240
22241
22242
22244
22245
22246
22251
22256
22257
22260
22261
23503
23520
23521
23524
23525
23536
23537
23538
23540
23541
23542
23547
28659
28663
28664
28665
28666
114492
114494
114495
114580
114581
114582
114624
114625
114626
114627
114628
114630
114631
114632
114634
114635
114643
114648
114649
114652
114653
114654
114655
114658
114659
114664
114665
114666
114668
114669
114670
114671
163903
163989
164032
164033
164034
164035
164039
164040
164041
164042
164043
164044
164045
164046
164063
164064
164065
164066
164067
164068
164070
164071
164072
164073
164074
164075
164077
164084
164085
164086
164373
164416
164417
164418
164419
164420
164422
164423
164424
164425
164426
164427
164429
164444
164446
164447
164448
164449
164450
164451
164455
164456
164457
164458
164459
164460
164461
164462
164469
164543
164628
164629
164630
164672
164673
164674
164675
164679
164680
164681
164682
164683
164684
164685
164686
164703
164704
164705
164706
164707
164708
164710
164711
164712
164713
164714
164715
164717
164724
164725
164726
164796
164798
164799
165952
165953
165954
165956
165958
165959
165960
165962
165963
165980
165982
165983
165984
165986
165987
165992
165993
165994
165995
165996
165997
165998
166005
166204
166206
166207
166292
166293
166294
166336
166337
166338
166339
166340
166342
166343
166344
166345
166346
166347
166349
166364
166366
166367
166368
166369
166370
166371
166375
166376
166377
166378
166379
166380
166381
166382
166389
166463
166549
166592
166593
166594
166595
166599
166600
166601
166602
166603
166604
166605
166606
166623
166624
166625
166626
166627
166628
166630
166631
166632
166633
166634
166635
166637
166644
166645
166646
167188
167189
167190
167232
167234
167235
167240
167241
167242
167244
167245
167246
167264
167265
167266
167268
167270
167271
167272
167274
167275
167284
167285
167286
167356
167358
167359
172053
172096
172097
172098
172099
172100
172102
172103
172104
172105
172106
172107
172109
172124
172126
172127
172128
172129
172130
172131
172135
172136
172137
172138
172139
172140
172141
172142
172149
172223
172348
172350
172351
172436
172437
172438
172480
172481
172482
172484
172486
172487
172488
172490
172491
172508
172510
172511
172512
172514
172515
172520
172521
172522
172524
172525
172526
172736
172738
172739
172744
172745
172746
172748
172749
172750
172767
172768
172769
172770
172772
172774
172775
172776
172778
172779
172788
172789
172790
173884
173886
173887
173972
173973
173974
174016
174017
174018
174020
174022
174023
174024
174026
174027
174044
174046
174047
174048
174050
174051
174056
174057
174058
174060
174061
174062
174272
174274
174275
174280
174281
174282
174284
174285
174286
174304
174305
174306
174308
174310
174311
174312
174314
174315
174324
174325
174326
174656
174657
174658
174660
174662
174663
174664
174666
174667
174684
174686
174687
174688
174690
174691
174696
174697
174698
174700
174701
174702
174868
174869
174870
174912
174914
174915
174920
174921
174922
174924
174925
174926
174944
174945
174946
174948
174950
174951
174952
174954
174955
174964
174965
174966
175036
175038
175039
177428
177429
177430
177472
177473
177474
177475
177479
177480
177481
177482
177483
177484
177485
177486
177503
177504
177505
177506
177507
177510
177511
177512
177513
177514
177515
177517
177525
177596
177598
177599
245887
245891
245897
246268
246270
246284
246286
246308
246310
246401
246407
246411
246485
247792
247794
247800
247802
247856
247857
247858
247863
247864
247866
247867
247941
247952
247954
247955
247960
247961
247962
247965
247983
248017
248023
248027
248324
248326
248348
248349
248350
248364
248366
248435
248441
248445
248463
248485
248497
248503
248507
248660
248662
253759
253845
253888
253889
253890
253891
253895
253896
253897
253898
253899
253901
253919
253920
253921
253922
253923
253927
253928
253929
253930
253931
253933
253941
254015
254101
254144
254145
254146
254147
254151
254152
254153
254154
254155
254157
254172
254174
254175
254176
254178
254179
254183
254184
254185
254186
254189
254484
254485
254486
254528
254530
254531
254536
254537
254538
254540
254541
254542
254560
254561
254562
254564
254566
254567
254568
254570
254571
254580
254581
254582
254652
254654
254655
254784
254785
254786
254788
254790
254791
254795
254812
254814
254815
254819
254825
254828
254829
254830
256016
256017
256018
256023
256024
256026
256027
256079
256101
256112
256113
256114
256116
256118
256119
256123
256176
256178
256179
256184
256185
256186
256189
256451
256457
256460
256461
256462
256463
256481
256484
256485
256486
256487
256491
256497
256500
256501
256502
256503
256507
256563
256569
256572
256573
256574
256657
256660
256662
256663
256667
256708
256709
256710
256723
256729
256732
256733
256734
256748
256750
256751
257349
257360
257362
257363
257368
257369
257370
257391
