49202
49357
49380
49403
49924
49927
49953
49960
49962
49974
50066
50117
50144
50147
50153
50156
50158
51551
51564
51567
52240
52242
52243
52249
52252
52254
52356
52358
52386
52394
52397
52405
52433
52440
52442
52443
52445
52801
52808
52810
52811
52836
52839
52843
52852
52855
53012
53014
53015
53120
53122
53123
53129
53132
53134
53157
53158
53169
53176
53178
53179
53181
53205
58645
58700
58703
58736
58738
58739
58745
58748
58750
58751
58767
58800
58803
58809
58812
58814
58815
61504
61506
61507
61513
61516
61518
61519
61541
61542
61552
61553
61554
61560
61561
61562
61563
61565
61566
61969
61972
61975
61976
61978
61979
61981
62081
62088
62090
62091
62093
62116
62118
62119
62123
62129
62132
62134
62135
62136
62138
62139
62164
62166
62167
62276
62278
62279
62305
62306
62312
62314
62315
62317
62324
62325
62326
62327
63749
63760
63762
63763
63769
63772
63774
63775
63776
63779
63785
63788
63790
63791
63877
63878
63903
63904
63906
63907
63913
63916
63917
63918
63919
63925
63952
63953
63954
63955
63960
63961
63962
63964
63965
63966
63967
64581
64592
64594
64595
64601
64604
64605
64606
64607
64611
64620
64623
65024
65025
65026
65028
65031
65032
65033
65034
65035
65037
65057
65060
65062
65063
65064
65066
65067
65069
65073
65076
65078
65079
65080
65082
65083
65168
65169
65170
65175
65176
65177
65178
65179
65181
65182
65220
65221
65222
65223
65248
65249
65250
65251
65256
65257
65258
65259
65260
65261
65262
65263
65269
65270
65364
65365
65366
65367
136209
136212
136213
136214
136215
136219
136259
136265
136268
136269
136270
136271
136289
136292
136293
136294
136295
136299
136305
136306
136308
136309
136310
136311
136312
136315
136371
136377
136380
136381
136382
136383
136652
136655
136677
136688
136690
136691
136696
136697
136698
136700
136701
136702
136703
136707
136716
136718
136719
136741
136742
136752
136753
136754
136755
136759
136760
136761
136762
136763
136764
136765
136766
136848
136849
136850
136852
136854
136855
136856
136858
136859
136861
136900
136901
136902
136903
136907
136912
136914
136915
136920
136921
136922
136924
136925
136926
136927
136931
136937
136940
136941
136942
136943
213313
213316
213317
213318
213319
213323
213331
213337
213340
213341
213342
213343
213347
213353
213356
213357
213358
213359
214067
214073
214076
214077
214078
214079
214161
214164
214165
214166
214167
214171
214209
214212
214213
214214
214215
214219
214224
214227
214233
214234
214236
214237
214238
214239
214243
214249
214252
214253
214254
214255
214544
214545
214546
214548
214549
214550
214551
214552
214554
214555
214595
214601
214604
214605
214606
214607
214625
214628
214629
214630
214631
214635
214640
214641
214642
214644
214645
214646
214647
214648
214650
214651
214704
214706
214707
214712
214713
214714
214716
214717
214718
214719
214849
214852
214853
214854
214855
214859
214864
214866
214867
214872
214873
214874
214876
214877
214878
214879
214883
214889
214892
214893
214894
214895
216003
216009
216012
216013
216014
216015
216033
216036
216037
216038
216039
216043
216049
216052
216053
216054
216055
216059
220208
220210
220211
220216
220217
220218
220220
220221
220222
220223
220304
220305
220306
220308
220309
220310
220311
220312
220314
220315
220353
220356
220357
220358
220359
220363
220368
220370
220371
220376
220377
220378
220380
220381
220382
220383
220387
220393
220396
220397
220398
220399
220689
220692
220693
220694
220695
220699
220736
220739
220745
220748
220749
220750
220751
220769
220772
220773
220774
220775
220779
220785
220788
220789
220790
220791
220795
220851
220857
220860
220861
220862
220863
220992
220993
220994
220996
220998
220999
221000
221002
221003
221020
221022
221023
221024
221026
221027
221032
221033
221034
221036
221037
221038
222147
222153
222156
222157
222158
222159
222177
222180
222181
222182
222183
222187
222192
222193
222194
222196
222197
222198
222199
222200
222202
222203
223556
223557
223558
223568
223570
223571
223576
223577
223578
223580
223581
223582
223587
223596
223597
223598
223599
224272
224273
224274
224276
224278
224279
224280
224282
224283
224332
224334
224335
224356
224357
224358
224368
224369
224370
224372
224373
224374
224375
224376
224378
224379
224432
224434
224435
224440
224441
224442
224444
224445
224446
224707
224713
224716
224717
224718
224719
224737
224740
224741
224742
224743
224747
224752
224753
224754
224756
224757
224758
224759
224760
224762
224763
224816
224818
224819
224824
224825
224826
224828
224829
224830
224831
224912
224913
224914
224916
224917
224918
224919
224920
224922
224923
224961
224964
224965
224966
224971
224976
224978
224979
224984
224985
224986
224988
224989
224990
224995
225004
225005
225006
225007
295084
295086
295127
295441
295451
295549
295600
295602
295749
295772
295774
295791
297028
297030
297055
297059
297065
297068
297070
297411
297417
297421
297447
297460
297462
297664
297666
297672
297674
297697
297704
297707
297717
298260
298262
298263
298267
298319
298341
298352
298354
298360
298362
298365
298416
298419
298425
298429
303376
303377
303378
303380
303382
303383
303384
303386
303387
303439
303472
303474
303475
303480
303481
303482
303484
303485
303486
303503
303525
303536
303537
303538
303539
303544
303545
303546
303547
303549
304896
304898
304899
304905
304908
304909
304910
304929
304932
304934
304935
304939
304948
304950
304951
305029
305043
305049
305052
305053
305054
305068
305070
305071
305105
305106
305111
305112
305114
305115
305407
305749
305920
305921
305922
305928
305929
305930
305931
305933
305952
305953
305954
305959
305960
305962
305963
305972
305973
305974
306052
306053
306054
306055
306076
306078
306079
306083
306089
306092
306093
306094
306095
306129
306132
306134
306135
306139
308292
308293
308294
308307
308313
308316
308317
308318
308319
308323
308329
308332
308334
308335
308540
308542
308543
308629
308672
308673
308674
308675
308679
308680
308681
308682
308683
308685
308704
308705
308706
308707
308711
308712
308713
308714
308715
308717
308724
308725
308726
308799
308885
308928
308930
308931
308936
308937
308938
308940
308941
308942
308961
308964
308966
308967
308968
308970
308971
308980
308981
308982
308983
308987
