16421
16584
16631
16977
16984
16986
17184
17186
17193
17205
17308
17311
17360
17363
17369
17372
17374
18756
18758
18759
18794
18797
18805
19473
19480
19483
19585
19592
19594
19597
19620
19622
19623
19643
19669
19989
20035
20044
20047
20069
20080
20082
20083
20089
20092
20094
20156
20159
20288
20290
20291
20297
20300
20302
20303
20325
20326
20337
20338
20344
20346
20349
25873
25874
25880
25882
25883
25885
25985
25991
25992
25994
25995
26017
26020
26023
26024
26026
26027
26036
26038
26039
26068
26070
26071
28740
28741
28742
28768
28770
28771
28777
28780
28781
28782
28783
28789
29188
29189
29190
29191
29216
29217
29218
29219
29224
29225
29226
29228
29229
29230
29237
29238
29328
29330
29331
29337
29340
29342
29343
29359
29381
29392
29394
29395
29401
29404
29406
29407
29411
29420
29423
29521
29528
29530
29531
29533
30805
30976
30978
30979
30985
30988
30989
30990
30991
31012
31013
31014
31024
31025
31026
31027
31032
31033
31034
31035
31036
31037
31038
31124
31125
31126
31127
31169
31175
31176
31178
31179
31181
31201
31204
31206
31207
31208
31210
31211
31217
31220
31222
31223
31224
31227
31484
31487
31829
32000
32002
32003
32009
32012
32014
32015
32037
32038
32048
32049
32050
32051
32056
32057
32058
32060
32061
32062
32063
32148
32149
32150
32151
32192
32193
32194
32196
32199
32200
32201
32202
32203
32205
32225
32226
32228
32230
32231
32232
32234
32235
32237
32241
32244
32245
32246
32247
32248
32251
32463
32496
32499
32505
32508
32510
32511
102740
102741
102742
103424
103426
103427
103432
103433
103434
103436
103437
103438
103456
103457
103458
103460
103462
103463
103464
103466
103467
103476
103477
103478
103552
103553
103554
103556
103557
103558
103559
103560
103562
103563
103571
103580
103582
103583
103584
103586
103587
103592
103593
103594
103596
103597
103598
103633
103636
103637
103638
103639
103643
103941
103952
103953
103954
103955
103960
103961
103962
103964
103965
103966
103980
103982
103983
104051
104057
104060
104061
104062
104063
104064
104066
104067
104073
104074
104076
104077
104078
104079
104097
104100
104101
104102
104103
104107
104113
104114
104116
104117
104118
104119
104120
104122
104123
104261
104272
104273
104274
104275
104280
104281
104282
104283
104284
104285
104286
104287
104300
104303
105468
105470
105471
181248
181249
181250
181252
181254
181255
181256
181258
181259
181276
181278
181279
181280
181282
181283
181288
181289
181290
181292
181293
181294
181363
181369
181372
181373
181374
181375
181376
181378
181379
181384
181385
181386
181388
181389
181390
181408
181409
181410
181412
181413
181414
181415
181416
181418
181419
181428
181429
181430
181435
181747
181753
181756
181757
181758
181759
181760
181762
181763
181768
181769
181770
181772
181773
181774
181775
181792
181793
181794
181796
181797
181798
181799
181800
181802
181803
181809
181812
181813
181814
181815
181819
181888
181889
181890
181892
181893
181894
181895
181896
181898
181899
181907
181913
181916
181917
181918
181919
181920
181922
181923
181928
181929
181930
181932
181933
181934
181935
181969
181972
181973
181974
181975
181979
185331
185337
185340
185341
185342
185343
186705
186708
186709
186710
186711
186715
187393
187396
187397
187398
187399
187403
187411
187417
187420
187421
187422
187423
187424
187427
187433
187434
187436
187437
187438
187439
187507
187513
187516
187517
187518
187519
187520
187522
187523
187528
187529
187530
187532
187533
187534
187535
187552
187553
187554
187556
187557
187558
187559
187560
187562
187563
187569
187572
187573
187574
187575
187579
187903
187904
187905
187906
187907
187911
187912
187913
187914
187915
187917
187935
187936
187937
187938
187939
187943
187944
187945
187946
187947
187949
187956
187957
187958
188032
188033
188034
188036
188038
188039
188040
188042
188043
188060
188062
188063
188064
188065
188066
188067
188072
188073
188074
188076
188077
188078
188085
188116
188117
188118
188244
188245
188246
191491
191497
191500
191501
191502
191503
191521
191524
191525
191526
191527
191531
191537
191540
191541
191542
191543
191547
191617
191620
191621
191622
191623
191627
191635
191641
191644
191645
191646
191647
191651
191657
191660
191661
191662
191663
191697
191700
191701
191702
191703
191707
192000
192001
192002
192004
192005
192006
192007
192008
192011
192019
192025
192028
192029
192030
192031
192035
192041
192042
192044
192045
192046
192047
192115
192121
192124
192125
192126
192127
192131
192137
192140
192141
192142
192143
192161
192164
192165
192166
192167
192171
192177
192180
192181
192182
192183
192187
192337
192340
192341
192342
192343
192347
262183
262277
262302
262676
262678
262735
262757
262776
262778
262835
262983
263011
263017
263021
264272
264274
264280
264282
264508
264510
264641
264647
264651
264672
264674
264682
264685
264908
264910
264911
264933
264945
264951
264952
264955
265477
265491
265497
265501
265502
265519
265599
265600
265602
265603
265609
265613
265614
265636
265638
265639
265652
265654
265655
270657
270660
270662
270663
270664
270666
270667
270687
270688
270690
270691
270696
270697
270698
270701
270702
270709
271564
271566
271567
271589
271600
271601
271602
271608
271610
271611
271613
271953
271959
271960
271962
271963
272132
272133
272134
272147
272153
272156
272158
272159
272172
272174
272175
272256
272258
272264
272265
272266
272269
272289
272295
272296
272299
272308
272309
272310
272341
273200
273202
273203
273209
273212
273213
273214
273300
273301
273302
273303
273345
273348
273350
273351
273355
273375
273376
273378
273379
273384
273385
273386
273388
273389
273390
273397
275476
275477
275478
275479
275532
275534
275535
275556
275557
275558
275568
275569
275570
275575
275576
275577
275578
275579
275581
275632
275634
275635
275641
275644
275645
275646
275647
275964
275966
275967
275968
275970
275971
275976
275977
275978
275980
275981
275982
276001
276004
276005
276006
276007
276008
276010
276011
276017
276020
276021
276022
276023
276027
276100
276101
276102
276112
276114
276115
276121
276122
276124
276125
276126
276127
276131
276140
276142
276143
276176
276177
276178
276183
276184
276185
276186
276187
276189
