49163
49252
49269
49336
49468
49469
49541
49552
49554
49559
49617
49620
49622
49869
49895
50416
50417
50418
50423
50427
50705
50708
50709
50710
50755
50759
50760
50761
50762
50780
50782
50787
50793
50797
50879
51012
51013
51024
51026
51031
51032
51034
51035
51055
52016
52017
52022
52027
52099
52104
52105
52106
52126
52131
52137
54079
54164
54165
54166
54208
54209
54210
54212
54213
54214
54219
54224
54226
54227
54231
54232
54233
54234
54252
54254
54255
55317
55360
55361
55362
55364
55365
55366
55367
55370
55371
55378
55379
55383
55384
55385
55386
55388
55389
55404
55405
55406
55407
55487
55564
55565
55566
55567
55584
55585
55586
55588
55589
55590
55591
55595
55604
55605
55606
55667
55672
55673
55674
55676
55677
55678
55692
55693
55694
55695
55711
55712
55713
55714
55716
55718
55719
55720
55722
55723
55733
56048
56050
56051
56055
56056
56057
56058
56061
56596
56597
56598
56640
56641
56642
56643
56644
56646
56647
56648
56649
56650
56651
56659
56665
56668
56669
56670
56671
56675
56680
56681
56682
56684
56685
56686
56767
60608
60609
60610
60614
60615
60616
60618
60619
60627
60632
60633
60636
60637
60638
60652
60653
60654
60924
60925
60926
60937
60940
60941
60942
60959
60960
60962
60967
60968
60970
60971
61040
61042
61043
61047
61048
61049
61050
61071
61089
61092
61093
61094
61099
61108
61109
61110
135155
135161
135164
135165
135166
135167
140625
140628
140629
140630
140631
140635
143360
143361
143364
143365
143366
143367
143368
143370
143371
143379
143385
143388
143389
143390
143391
143392
143394
143395
143400
143401
143402
143404
143405
143406
143407
143475
143481
143484
143485
143486
143487
143488
143490
143491
143496
143497
143498
143500
143501
143502
143503
143520
143521
143522
143524
143525
143526
143527
143528
143530
143531
143537
143540
143541
143542
143543
143547
143859
143865
143868
143869
143870
143871
143872
143874
143875
143880
143881
143882
143884
143885
143886
143887
143904
143905
143906
143908
143909
143910
143911
143912
143914
143915
143921
143924
143925
143926
143927
143931
144000
144001
144002
144004
144005
144006
144007
144008
144010
144011
144019
144025
144028
144029
144030
144031
144032
144034
144035
144040
144041
144042
144044
144045
144046
144047
144081
144084
144085
144086
144087
144091
145358
145359
145380
145381
145382
145392
145393
145394
145396
145397
145398
145399
145400
145402
145403
145423
145445
145456
145457
145458
145459
145462
145463
145464
145465
145466
145467
145469
145537
145540
145541
145542
145543
145547
145552
145554
145555
145559
145560
145561
145562
145564
145565
145566
145580
145582
145583
145616
145617
145618
145620
145621
145622
145623
145624
145626
145627
145920
145921
145922
145924
145925
145926
145927
145928
145930
145931
145939
145945
145948
145949
145950
145951
145952
145954
145955
145960
145961
145962
145964
145965
145966
145967
146035
146040
146041
146044
146045
146046
146047
146051
146057
146060
146061
146062
146063
146080
146081
146082
146084
146085
146086
146087
146090
146091
146097
146100
146101
146102
146103
146107
146257
146260
146261
146262
146263
146267
208898
208899
208905
208908
208909
208910
208911
208929
208932
208933
208934
208935
208939
208945
208948
208949
208950
208951
208955
209025
209028
209029
209030
209031
209035
209043
209049
209052
209053
209054
209055
209059
209065
209068
209069
209070
209071
209105
209108
209109
209110
209111
209114
209115
209409
209412
209413
209414
209415
209419
209424
209426
209427
209432
209433
209434
209436
209437
209438
209439
209443
209449
209452
209453
209454
209455
209522
209523
209528
209529
209532
209533
209534
209535
209539
209545
209548
209549
209550
209551
209569
209572
209573
209574
209575
209579
209584
209585
209586
209588
209589
209590
209591
209592
209594
209595
209744
209745
209746
209748
209749
209750
209751
209752
209754
209755
210931
210937
210940
210941
210942
210943
210946
210947
210952
210953
210954
210956
210957
210958
210975
210976
210977
210978
210979
210980
210982
210983
210984
210985
210986
210987
210989
210996
210997
211065
211068
211069
211070
211071
211072
211074
211075
211080
211081
211082
211084
211085
211086
211103
211104
211105
211106
211107
211108
211110
211111
211112
211113
211114
211115
211117
211124
211125
211442
211443
211448
211449
211450
211452
211453
211454
211455
211459
211465
211468
211469
211470
211471
211489
211492
211493
211494
211495
211499
211504
211505
211508
211509
211510
211511
211515
211584
211585
211586
211588
211589
211590
211591
211592
211594
211595
211603
211609
211612
211613
211614
211615
211619
211624
211625
211628
211629
211630
211631
211665
211668
211669
211670
211671
211675
278553
278630
278707
278916
278918
278936
278938
278959
278997
279244
279246
279264
279266
279759
279780
279781
279782
279796
279797
279798
280068
280069
280070
280080
280082
280087
280088
280090
280091
280111
280140
280141
280142
280159
280160
280162
280167
280168
280170
280252
280253
280254
280401
280404
280405
280406
281394
281399
281400
281402
281471
281472
281474
281479
281500
281501
281516
281517
281518
283449
283452
283453
283454
283520
283521
283524
283525
283526
283531
283536
283537
283538
283539
283543
283544
283545
283546
283547
283567
283601
283604
283605
283606
283611
284673
284676
284677
284678
284688
284689
284690
284691
284692
284694
284695
284696
284697
284698
284699
284719
284739
284744
284745
284748
284749
284750
284766
284767
284768
284769
284770
284771
284772
284774
284775
284776
284777
284778
284779
284851
284856
284857
284860
284861
284862
284976
284977
284978
284979
284983
284984
284985
284986
284987
285055
285056
285057
285058
285059
285062
285063
285064
285065
285066
285067
285075
285080
285081
285084
285085
285086
285091
285097
285100
285101
285102
285388
285390
285391
285408
285409
285410
285412
285413
285414
285419
285425
285428
285429
285430
285435
286021
286032
286033
286034
286036
286037
286038
286039
286040
286042
286043
286063
289987
289993
289996
289997
289998
290015
290016
290018
290019
290023
290024
290025
290026
290027
290303
290304
290306
290307
290311
290312
290314
290332
290333
290334
290339
290345
290348
290349
290350
290383
290401
290404
290405
290406
290417
290420
290421
290422
290427
290480
290481
290482
290487
290488
290490
290491
