65692
65745
65755
66071
66160
66162
66233
66237
66372
66374
66399
66412
66414
67653
67667
67673
67676
67677
67678
67695
67903
67989
68032
68034
68040
68042
68065
68072
68075
68085
68291
68297
68301
68324
68326
68327
68340
68342
68880
68881
68882
68888
68890
68979
68985
68988
68990
69004
69007
69029
69041
69042
69048
69050
69051
74005
74048
74050
74051
74057
74060
74061
74062
74081
74084
74085
74086
74087
74091
74097
74100
74102
74103
74107
74172
74174
74175
74995
75001
75004
75006
75007
75348
75349
75350
75521
75527
75528
75530
75531
75552
75554
75555
75560
75561
75562
75565
75573
75649
75652
75654
75655
75659
75679
75680
75682
75683
75689
75690
75693
75732
75734
76547
76556
76558
76559
76580
76581
76582
76593
76599
76600
76602
76603
76688
76689
76690
76691
76696
76697
76698
76699
76701
76741
76752
76754
76755
76760
76761
76762
76764
76765
76766
76783
78912
78913
78914
78915
78919
78920
78921
78922
78923
78925
78944
78945
78946
78951
78952
78954
78955
78957
78964
78965
78966
79308
79310
79311
79332
79333
79334
79344
79345
79346
79347
79351
79352
79353
79354
79355
79357
79375
79408
79410
79411
79416
79417
79418
79420
79421
79422
79505
79508
79510
79511
79512
79515
79553
79556
79557
79558
79559
79563
79571
79580
79582
79583
79584
79586
79587
79593
79596
79597
79598
79599
147792
147793
147794
147796
147797
147798
147799
147800
147802
147803
148483
148489
148492
148493
148494
148495
148513
148516
148517
148518
148519
148523
148528
148529
148530
148532
148533
148534
148535
148536
148538
148539
148609
148612
148613
148614
148615
148619
148624
148626
148627
148632
148633
148634
148636
148637
148638
148639
148643
148649
148652
148653
148654
148655
148689
148690
148692
148693
148694
148695
148696
148699
148993
148996
148997
148998
148999
149003
149011
149017
149020
149021
149022
149023
149027
149033
149036
149037
149038
149039
149107
149113
149116
149117
149118
149119
149123
149129
149132
149133
149134
149135
149153
149156
149157
149158
149159
149163
149169
149172
149173
149174
149175
149179
149329
149332
149333
149334
149335
149339
150512
150514
150515
150520
150521
150522
150524
150525
150526
150527
154624
154626
154627
154632
154633
154634
154636
154637
154638
154639
154657
154658
154660
154661
154662
154663
154664
154667
154673
154676
154677
154678
154679
154683
154753
154756
154757
154758
154759
154763
154771
154777
154780
154781
154782
154783
154787
154793
154796
154797
154798
154799
154833
154836
154837
154838
154839
154843
155140
155141
155142
155152
155154
155155
155160
155161
155162
155164
155165
155166
155180
155182
155183
155248
155250
155251
155256
155257
155258
155260
155261
155262
155263
155267
155273
155276
155277
155278
155279
155300
155301
155302
155303
155307
155312
155313
155314
155316
155318
155319
155320
155322
155323
155461
155472
155473
155474
155475
155479
155480
155481
155482
155483
155485
155503
156659
156665
156668
156669
156670
156671
158033
158036
158037
158038
158039
158043
158720
158721
158722
158724
158725
158726
158727
158728
158730
158731
158739
158745
158748
158749
158750
158751
158752
158754
158755
158760
158761
158762
158764
158765
158766
158767
158835
158841
158844
158845
158846
158847
158848
158850
158851
158856
158857
158858
158860
158861
158862
158863
158880
158881
158882
158884
158885
158886
158887
158888
158890
158891
158897
158900
158901
158902
158903
158907
159219
159225
159228
159229
159230
159231
159235
159241
159242
159244
159245
159246
159247
159264
159265
159266
159268
159269
159270
159271
159272
159275
159281
159284
159285
159286
159287
159291
159360
159361
159362
159364
159365
159366
159367
159368
159370
159371
159379
159385
159388
159389
159390
159391
159392
159394
159395
159400
159401
159402
159404
159405
159406
159407
159441
159444
159445
159446
159447
159451
234497
234500
234501
234502
234503
234507
234512
234514
234515
234520
234521
234522
234524
234525
234526
234527
234531
234537
234540
234541
234542
234543
234608
234611
234617
234618
234620
234621
234622
234623
234627
234633
234636
234637
234638
234639
234657
234660
234661
234662
234663
234667
234672
234673
234674
234676
234677
234678
234679
234680
234682
234683
235008
235009
235010
235012
235014
235015
235016
235017
235018
235019
235021
235039
235040
235041
235042
235043
235044
235047
235048
235049
235050
235051
235053
235060
235061
235062
235137
235140
235141
235142
235143
235144
235147
235155
235161
235164
235166
235167
235168
235170
235171
235176
235177
235178
235180
235181
235182
235183
235217
235220
235221
235222
235223
235227
235348
235349
235350
235351
311308
311489
311498
311527
311899
312070
312109
312208
312211
312217
312222
312287
312303
313669
313696
313698
313699
313705
313710
314394
314397
314503
314507
314529
314536
314539
314548
314550
314551
314580
314582
314583
314944
314946
314953
314957
314958
314982
314993
315000
315002
315003
315005
315157
315248
315251
315257
315260
315262
315263
315279
315312
315314
315315
315321
315324
315326
315327
320788
320790
320791
320896
320898
320899
320905
320908
320909
320910
320933
320934
320945
320946
320952
320954
320955
320957
320981
323649
323655
323656
323658
323659
323661
323681
323684
323687
323688
323690
323691
323700
323702
323703
324112
324114
324115
324121
324124
324126
324127
324143
324228
324229
324230
324231
324256
324257
324258
324259
324264
324265
324266
324268
324269
324270
324277
324305
324312
324314
324315
324317
324421
324432
324434
324435
324441
324444
324446
324447
324448
324451
324457
324460
324462
324463
325889
325892
325894
325895
325896
325898
325899
325921
325922
325927
325928
325930
325931
325933
325940
325941
325942
325943
326032
326033
326034
326035
326040
326041
326042
326043
326044
326045
326046
326084
326085
326086
326112
326114
326115
326121
326124
326125
326126
326127
326133
326737
326740
326742
326743
326744
326746
326747
327107
327116
327118
327119
327141
327152
327154
327155
327161
327162
327164
327165
327166
327167
327171
327180
327182
327183
327205
327216
327218
327219
327225
327228
327229
327230
327231
327316
327317
327318
327360
327361
327362
327363
327368
327369
327370
327371
327372
327373
327374
327396
327397
327398
327399
327409
327410
327412
327415
327416
327418
327419
327421
