16412
16498
16561
16840
16842
16863
16867
16873
16959
17045
17092
17094
17113
18179
18185
18189
18207
18208
18210
18215
18216
18218
18291
18297
18300
18301
18302
18316
18317
18318
18336
18337
18340
18342
18343
18347
18357
18684
18686
19025
19028
19030
19035
19205
19218
19224
19226
19247
19279
19300
19302
19316
19317
19379
19385
23561
23564
23565
23566
23567
23584
23585
23586
23588
23590
23591
23594
23595
23604
23605
23606
23676
23677
23678
23679
23683
23688
23689
23690
23692
23693
23694
23711
23712
23713
23714
23715
23719
23720
23721
23722
23723
23733
24012
24014
24015
24033
24036
24037
24038
24043
24048
24049
24050
24052
24053
24054
24055
24059
24112
24114
24115
24119
24120
24121
24122
24124
24125
24193
24196
24197
24198
24208
24209
24210
24211
24215
24216
24217
24218
24219
24221
24236
24238
24239
24272
24273
24274
24276
24277
24278
24279
24283
25587
25592
25593
25596
25597
25598
26949
26960
26961
26962
26966
26967
26968
26970
26971
26991
27653
27664
27665
27666
27668
27670
27671
27674
27675
27715
27721
27724
27725
27726
27743
27744
27745
27746
27750
27751
27752
27754
27755
27765
27833
27836
27837
27838
27961
27964
27965
27966
28048
28049
28050
28054
28055
28059
28101
28112
28113
28114
28119
28122
28123
28361
28364
28365
28366
28384
28385
28386
28390
28391
28394
28395
28405
101439
101525
101568
101569
101570
101571
101575
101576
101577
101578
101579
101580
101581
101582
101599
101600
101601
101602
101603
101604
101606
101607
101608
101609
101610
101611
101613
101620
101621
101622
101909
101952
101953
101954
101955
101956
101958
101959
101960
101961
101962
101963
101965
101980
101982
101983
101984
101985
101986
101987
101991
101992
101993
101994
101995
101996
101997
101998
102005
102079
102164
102165
102166
102208
102209
102210
102211
102215
102216
102217
102218
102219
102220
102221
102222
102240
102241
102242
102243
102244
102246
102247
102248
102250
102251
102253
102260
102261
102262
102332
102334
102335
107584
107585
107586
107588
107590
107591
107592
107594
107595
107612
107614
107615
107616
107618
107619
107624
107625
107626
107628
107629
107630
107836
107838
107839
107924
107925
107926
107968
107969
107970
107972
107974
107975
107976
107978
107979
107996
107998
107999
108000
108002
108003
108008
108009
108010
108012
108013
108014
108224
108226
108227
108232
108233
108234
108236
108237
108238
108256
108257
108258
108260
108262
108263
108264
108266
108267
108276
108277
108278
110865
110868
110869
110870
110871
110912
110914
110915
110920
110921
110922
110924
110925
110926
110927
110944
110945
110946
110948
110950
110951
110952
110954
110955
110964
110965
110966
111033
111036
111038
111039
111808
111810
111811
111815
111816
111817
111818
111819
111820
111821
111822
111839
111840
111841
111842
111843
111844
111846
111847
111848
111849
111850
111851
111853
111860
111861
111862
112148
112149
112150
112192
112193
112194
112195
112199
112200
112201
112202
112203
112205
112222
112223
112224
112225
112226
112227
112231
112232
112233
112234
112235
112237
112245
112316
112318
112319
112405
112448
112449
112450
112452
112454
112455
112456
112458
112459
112467
112473
112476
112477
112478
112479
112482
112483
112488
112489
112490
112492
112493
112494
112575
113468
113470
113471
113556
113557
113558
113600
113601
113602
113604
113606
113607
113608
113610
113611
113628
113630
113631
113632
113634
113635
113640
113641
113642
113644
113645
113646
176958
176959
177044
177045
177088
177089
177090
177091
177094
177095
177096
177097
177098
177099
177101
177118
177119
177120
177121
177122
177123
177127
177128
177129
177130
177131
177132
177133
177141
178452
178453
178454
178496
178497
178498
178499
178503
178504
178505
178506
178507
178508
178509
178527
178528
178529
178530
178531
178534
178535
178536
178537
178538
178539
178541
178548
178549
178622
178623
179221
179264
179265
179266
179267
179268
179270
179271
179272
179273
179274
179275
179277
179292
179294
179295
179296
179297
179298
179299
179303
179304
179305
179306
179307
179308
179309
179310
179317
179391
179507
179513
179516
179517
179518
179519
179589
179600
179601
179602
179604
179605
179606
179607
179608
179610
179611
179649
179652
179653
179654
179659
179664
179665
179666
179667
179668
179670
179671
179672
179673
179674
179675
179677
179692
179694
179695
179906
179907
179912
179913
179914
179916
179917
179918
179919
179936
179937
179938
179940
179941
179942
179943
179944
179946
179947
179953
179956
179957
179958
245783
245854
245859
245865
245948
246031
246053
246069
246131
246136
246138
246176
246178
246187
246514
246917
246928
246929
246930
246934
246939
246993
246996
246997
246998
247244
247245
247246
247263
247266
247267
247271
247272
247274
247347
247352
247353
247357
247423
247424
247426
247431
247435
247443
247448
247449
247450
247468
247470
248771
248775
248776
248778
248797
248812
248813
250099
250103
250104
250105
250106
250109
250369
250372
250373
250374
250384
250385
250386
250388
250389
250390
250391
250395
250415
250432
250434
250435
250439
250440
250441
250442
250443
250451
250456
250457
250458
250460
250461
250476
250477
250478
250556
250558
250559
250693
250704
250705
250706
250708
250709
250710
250715
251663
251680
251681
251684
251685
251686
251691
251696
251697
251698
251700
251701
251702
251707
251763
251768
251769
251770
251772
251773
251774
251779
251784
251785
251788
251789
251790
251791
251804
251806
251807
251808
251809
251810
251811
251812
251814
251815
251816
251817
251818
251819
252133
252144
252145
252146
252147
252148
252149
252150
252151
252152
252154
252155
252415
252416
252417
252418
252419
252420
252421
252422
252423
252424
252426
252427
252434
252435
252439
252440
252441
252442
252445
252460
252461
252462
252463
252483
252488
252489
252492
252493
252494
252508
252509
252510
252511
252512
252514
252515
252519
252520
252521
252522
252523
252595
252600
252601
252602
252604
252605
252606
257804
257805
257806
257823
257824
257825
257826
257827
257830
257831
257832
257834
257835
257904
257905
257906
257908
257909
257910
257915
257956
257957
257968
257969
257972
257973
257974
257979
