32806
32922
32965
33355
33384
33386
33397
33558
33648
33650
33657
33715
33721
35077
35100
35103
35116
35118
35119
35207
35234
35240
35242
35245
35253
35284
35286
35921
35928
35930
36288
36290
36291
36297
36301
36302
36324
36326
36327
36337
36340
36343
36347
36544
36546
36547
36553
36556
36558
36580
36582
36593
36599
36603
42004
42005
42006
42060
42063
42085
42096
42098
42099
42105
42106
42109
42110
42160
42162
42163
42169
42172
42173
42174
42175
42501
42515
42524
42526
42527
42531
42540
42542
42543
42625
42628
42630
42631
42635
42656
42657
42658
42664
42666
42667
42669
42677
42708
42710
42711
42832
42833
42834
42840
42842
42843
42845
45377
45383
45384
45386
45387
45389
45409
45415
45416
45418
45419
45421
45428
45429
45430
45431
46848
46851
46857
46860
46862
46863
46884
46885
46886
46896
46897
46898
46899
46903
46904
46905
46906
46907
46909
46992
46993
46994
46996
46998
46999
47000
47002
47003
47005
47044
47045
47046
47047
47059
47065
47068
47070
47071
47072
47074
47075
47081
47084
47085
47086
47087
47344
47347
47353
47356
47358
47359
47700
47701
47702
47872
47873
47874
47875
47880
47881
47882
47883
47885
47905
47908
47910
47911
47912
47914
47915
47924
47925
47926
47927
47931
48016
48018
48019
48024
48025
48026
48028
48029
48030
48047
48069
48080
48082
48083
48089
48092
48093
48094
48095
48108
48111
116033
116036
116037
116038
116039
116043
116048
116050
116051
116056
116057
116058
116060
116061
116062
116063
116067
116073
116076
116077
116078
116079
118832
118834
118835
118840
118841
118842
118844
118845
118846
118928
118929
118930
118932
118934
118935
118936
118938
118939
118980
118981
118982
118992
118994
118995
119000
119001
119002
119004
119005
119006
119020
119022
119023
119312
119313
119314
119316
119318
119319
119320
119322
119323
119372
119374
119375
119396
119397
119398
119408
119409
119410
119412
119414
119415
119416
119418
119419
119472
119474
119475
119480
119481
119482
119484
119485
119486
119620
119621
119622
119632
119634
119635
119640
119641
119642
119644
119645
119646
119660
119662
119663
120852
120853
120854
120896
120898
120899
120904
120905
120906
120908
120909
120910
120911
120929
120932
120933
120934
120935
120936
120939
120945
120948
120949
120950
120951
120955
121011
121017
121020
121022
121023
121292
121294
121295
121316
121317
121318
121328
121329
121330
121332
121334
121335
121336
121338
121339
121392
121394
121395
121400
121401
121402
121404
121405
121406
121488
121489
121490
121492
121493
121494
121495
121496
121498
121499
121537
121540
121541
121542
121543
121547
121552
121554
121555
121561
121562
121564
121565
121566
121567
121571
121577
121580
121581
121582
121583
122176
122177
122178
122179
122180
122183
122184
122185
122186
122187
122189
122208
122209
122210
122211
122215
122216
122217
122218
122219
122221
122228
122229
122230
126915
126924
126925
126926
126927
126945
126948
126949
126950
126955
126960
126961
126962
126964
126965
126966
126967
126968
126970
126971
200720
200721
200722
200724
200725
200726
200727
200728
200730
200731
200771
200777
200780
200781
200782
200783
200801
200804
200805
200806
200807
200811
200816
200817
200818
200820
200821
200822
200823
200824
200827
200880
200882
200883
200888
200889
200890
200892
200893
200894
200895
201155
201161
201164
201165
201166
201167
201185
201188
201189
201190
201191
201195
201201
201204
201205
201206
201207
201211
201267
201273
201276
201277
201278
201279
201361
201364
201365
201366
201367
201371
201409
201412
201413
201414
201415
201419
201424
201427
201433
201434
201436
201437
201438
201439
201443
201449
201452
201453
201454
201455
202736
202738
202739
202745
202748
202749
202750
202751
202752
202755
202761
202764
202765
202766
202767
202788
202789
202790
202800
202801
202802
202804
202806
202807
202808
202809
202810
202811
202813
202885
202896
202897
202898
202899
202903
202904
202905
202906
202907
202909
202910
202927
202949
202950
202960
202961
202962
202963
202968
202969
202970
202972
202973
202974
202988
202990
202991
203281
203282
203284
203285
203286
203287
203288
203290
203291
203331
203337
203340
203341
203342
203343
203364
203365
203366
203367
203371
203376
203377
203378
203380
203382
203383
203384
203386
203387
203440
203442
203443
203448
203449
203450
203452
203453
203454
203455
203585
203588
203589
203590
203591
203595
203600
203603
203609
203612
203613
203614
203615
203619
203625
203628
203629
203630
203631
278683
278755
278761
279139
279145
279313
279320
279323
279424
279427
279433
279462
279473
279483
280849
280859
280963
280969
280972
280974
281009
281016
281018
281019
281668
281670
281696
281698
281699
281705
282112
282114
282115
282121
282125
282148
282150
282151
282161
282167
282171
282257
282264
282266
282267
282269
282309
282335
282339
282345
282348
282350
282453
287813
287827
287833
287836
287838
287839
287843
287852
287854
287855
288252
288255
288259
288265
288268
288270
288271
288293
288304
288305
288306
288312
288314
288315
288317
288401
288404
288406
288407
288411
288452
288454
288455
288459
288480
288481
288482
288488
288489
288490
288493
288501
291088
291089
291090
291091
291096
291097
291098
291101
291102
291201
291202
291208
291210
291211
291213
291233
291236
291238
291239
291240
291242
291243
291252
291254
291255
291284
291285
291286
292864
292865
292866
292868
292871
292872
292873
292874
292875
292877
292896
292897
292898
292900
292902
292903
292904
292906
292907
292909
292916
292917
292918
292919
292997
293008
293010
293011
293017
293018
293020
293021
293022
293023
293027
293036
293038
293039
293061
293072
293074
293075
293080
293081
293082
293084
293085
293086
293087
293103
293441
293442
293447
293448
293450
293451
293453
293473
293476
293478
293479
293480
293482
293483
293485
293492
293493
293494
293495
293652
293653
293654
293655
293711
293733
293744
293746
293747
293753
293756
293757
293758
293759
293772
293775
293797
293808
293810
293811
293817
293818
293820
293821
293822
293823
294228
294229
294230
294231
