65561
65638
65715
65924
65926
65944
65946
65967
66005
66252
66254
66272
66274
66767
66788
66789
66790
66804
66805
66806
67076
67077
67078
67088
67090
67095
67096
67098
67099
67119
67148
67149
67150
67167
67168
67170
67175
67176
67178
67260
67261
67262
67409
67412
67413
67414
68402
68407
68408
68410
68479
68480
68482
68487
68508
68509
68524
68525
68526
70457
70460
70461
70462
70528
70529
70532
70533
70534
70539
70544
70545
70546
70547
70551
70552
70553
70554
70555
70575
70609
70612
70613
70614
70619
71681
71684
71685
71686
71696
71697
71698
71699
71700
71702
71703
71704
71705
71706
71707
71727
71747
71752
71753
71756
71757
71758
71774
71775
71776
71777
71778
71779
71780
71782
71783
71784
71785
71786
71787
71859
71864
71865
71868
71869
71870
71984
71985
71986
71987
71991
71992
71993
71994
71995
72063
72064
72065
72066
72067
72070
72071
72072
72073
72074
72075
72083
72088
72089
72092
72093
72094
72099
72105
72108
72109
72110
72396
72398
72399
72416
72417
72418
72420
72421
72422
72427
72433
72436
72437
72438
72443
73029
73040
73041
73042
73044
73045
73046
73047
73048
73050
73051
73071
76995
77001
77004
77005
77006
77023
77024
77026
77027
77031
77032
77033
77034
77035
77311
77312
77314
77315
77319
77320
77322
77340
77341
77342
77347
77353
77356
77357
77358
77391
77409
77412
77413
77414
77425
77428
77429
77430
77435
77488
77489
77490
77495
77496
77498
77499
159746
159747
159753
159756
159757
159758
159759
159777
159780
159781
159782
159783
159787
159793
159796
159797
159798
159799
159803
159873
159876
159877
159878
159879
159883
159891
159897
159900
159901
159902
159903
159907
159913
159916
159917
159918
159919
159953
159956
159957
159958
159959
159962
159963
160257
160260
160261
160262
160263
160267
160272
160274
160275
160280
160281
160282
160284
160285
160286
160287
160291
160297
160300
160301
160302
160303
160370
160371
160376
160377
160380
160381
160382
160383
160387
160393
160396
160397
160398
160399
160417
160420
160421
160422
160423
160427
160432
160433
160434
160436
160437
160438
160439
160440
160442
160443
160592
160593
160594
160596
160597
160598
160599
160600
160602
160603
161779
161785
161788
161789
161790
161791
161794
161795
161800
161801
161802
161804
161805
161806
161823
161824
161825
161826
161827
161828
161830
161831
161832
161833
161834
161835
161837
161844
161845
161913
161916
161917
161918
161919
161920
161922
161923
161928
161929
161930
161932
161933
161934
161951
161952
161953
161954
161955
161956
161958
161959
161960
161961
161962
161963
161965
161972
161973
162290
162291
162296
162297
162298
162300
162301
162302
162303
162307
162313
162316
162317
162318
162319
162337
162340
162341
162342
162343
162347
162352
162353
162356
162357
162358
162359
162363
162432
162433
162434
162436
162437
162438
162439
162440
162442
162443
162451
162457
162460
162461
162462
162463
162467
162472
162473
162476
162477
162478
162479
162513
162516
162517
162518
162519
162523
217075
217081
217084
217085
217086
217087
222545
222548
222549
222550
222551
222555
225280
225281
225284
225285
225286
225287
225288
225290
225291
225299
225305
225308
225309
225310
225311
225312
225314
225315
225320
225321
225322
225324
225325
225326
225327
225395
225401
225404
225405
225406
225407
225408
225410
225411
225416
225417
225418
225420
225421
225422
225423
225440
225441
225442
225444
225445
225446
225447
225448
225450
225451
225457
225460
225461
225462
225463
225467
225779
225785
225788
225789
225790
225791
225792
225794
225795
225800
225801
225802
225804
225805
225806
225807
225824
225825
225826
225828
225829
225830
225831
225832
225834
225835
225841
225844
225845
225846
225847
225851
225920
225921
225922
225924
225925
225926
225927
225928
225930
225931
225939
225945
225948
225949
225950
225951
225952
225954
225955
225960
225961
225962
225964
225965
225966
225967
226001
226004
226005
226006
226007
226011
227278
227279
227300
227301
227302
227312
227313
227314
227316
227317
227318
227319
227320
227322
227323
227343
227365
227376
227377
227378
227379
227382
227383
227384
227385
227386
227387
227389
227457
227460
227461
227462
227463
227467
227472
227474
227475
227479
227480
227481
227482
227484
227485
227486
227500
227502
227503
227536
227537
227538
227540
227541
227542
227543
227544
227546
227547
227840
227841
227842
227844
227845
227846
227847
227848
227850
227851
227859
227865
227868
227869
227870
227871
227872
227874
227875
227880
227881
227882
227884
227885
227886
227887
227955
227960
227961
227964
227965
227966
227967
227971
227977
227980
227981
227982
227983
228000
228001
228002
228004
228005
228006
228007
228010
228011
228017
228020
228021
228022
228023
228027
228177
228180
228181
228182
228183
228187
294923
295012
295029
295096
295228
295229
295301
295312
295314
295319
295377
295380
295382
295629
295655
296176
296177
296178
296183
296187
296465
296468
296469
296470
296515
296519
296520
296521
296522
296540
296542
296547
296553
296557
296639
296772
296773
296784
296786
296791
296792
296794
296795
296815
297776
297777
297782
297787
297859
297864
297865
297866
297886
297891
297897
299839
299924
299925
299926
299968
299969
299970
299972
299973
299974
299979
299984
299986
299987
299991
299992
299993
299994
300012
300014
300015
301077
301120
301121
301122
301124
301125
301126
301127
301130
301131
301138
301139
301143
301144
301145
301146
301148
301149
301164
301165
301166
301167
301247
301324
301325
301326
301327
301344
301345
301346
301348
301349
301350
301351
301355
301364
301365
301366
301427
301432
301433
301434
301436
301437
301438
301452
301453
301454
301455
301471
301472
301473
301474
301476
301478
301479
301480
301482
301483
301493
301808
301810
301811
301815
301816
301817
301818
301821
302356
302357
302358
302400
302401
302402
302403
302404
302406
302407
302408
302409
302410
302411
302419
302425
302428
302429
302430
302431
302435
302440
302441
302442
302444
302445
302446
302527
306368
306369
306370
306374
306375
306376
306378
306379
306387
306392
306393
306396
306397
306398
306412
306413
306414
306684
306685
306686
306697
306700
306701
306702
306719
306720
306722
306727
306728
306730
306731
306800
306802
306803
306807
306808
306809
306810
306831
306849
306852
306853
306854
306859
306868
306869
306870
