49200
49203
49301
49346
49921
49930
49933
49956
49958
49959
49976
49979
50071
50155
50164
50167
51537
51544
51546
51547
52228
52230
52231
52257
52266
52269
52278
52370
52381
52421
52448
52450
52451
52457
52460
52462
52469
52816
52818
52819
52825
52828
52830
52831
52997
53020
53023
53024
53027
53036
53039
53125
53151
53152
53155
53161
53164
53166
53167
53200
53202
53203
53209
53212
53214
53215
58693
58694
58720
58722
58723
58729
58732
58734
58735
58741
61457
61458
61465
61466
61469
61470
61572
61574
61575
61601
61608
61610
61611
61613
61620
61621
61622
61623
61649
61656
61658
61659
61661
62017
62020
62022
62023
62024
62027
62049
62052
62055
62056
62058
62059
62061
62068
62070
62071
62075
62225
62228
62230
62231
62232
62235
62337
62344
62346
62347
62349
62372
62374
62375
62379
62385
62388
62391
62392
62394
62395
62397
62420
62422
62423
63808
63809
63810
63811
63816
63817
63818
63819
63820
63821
63822
63823
63844
63845
63846
63847
63857
63858
63864
63865
63866
63867
63869
63870
64532
64533
64534
64535
64636
64639
64640
64642
64643
64649
64652
64653
64654
64655
64677
64678
64688
64689
64690
64691
64697
64698
64700
64701
64702
64703
64725
65045
65088
65090
65091
65097
65100
65102
65103
65125
65136
65138
65139
65145
65148
65150
65151
65152
65155
65161
65164
65166
65167
65189
65200
65202
65203
65209
65212
65214
65215
65301
65344
65346
65347
65353
65354
65356
65357
65358
65359
65380
65381
65382
65392
65393
65394
65395
65400
65401
65402
65403
65404
65405
65406
65407
65456
65459
65468
65471
136277
136448
136449
136450
136451
136452
136454
136455
136456
136457
136458
136459
136461
136476
136479
136480
136481
136482
136483
136487
136488
136489
136490
136491
136493
136494
136501
136577
136578
136580
136582
136583
136584
136586
136587
136604
136607
136608
136609
136610
136611
136615
136616
136617
136618
136619
136620
136621
136622
136629
136657
136660
136661
136662
136663
136664
136667
136959
213076
213077
213078
213248
213249
213250
213251
213255
213256
213257
213258
213259
213260
213261
213262
213279
213280
213281
213282
213283
213284
213286
213287
213288
213289
213290
213291
213293
213300
213301
213302
213375
213376
213377
213378
213379
213380
213382
213383
213384
213385
213386
213387
213389
213404
213406
213407
213408
213409
213410
213411
213415
213416
213417
213418
213419
213420
213421
213422
213429
213460
213461
213462
213756
213758
213759
214271
214613
214784
214785
214786
214787
214791
214792
214793
214794
214795
214797
214815
214816
214817
214818
214819
214823
214824
214825
214826
214827
214829
214837
214911
214912
214913
214914
214915
214919
214920
214921
214922
214923
214925
214943
214944
214945
214946
214947
214951
214952
214953
214954
214955
214957
214965
214997
215292
215295
215636
215637
215638
215808
215809
215810
215811
215812
215814
215815
215816
215817
215818
215819
215821
215836
215838
215839
215840
215841
215842
215843
215847
215848
215849
215850
215851
215852
215853
215854
215861
215932
215934
215935
215936
215937
215938
215939
215943
215944
215945
215946
215947
215948
215949
215950
215967
215968
215969
215970
215971
215972
215974
215975
215976
215977
215978
215979
215981
215988
215989
215990
216021
220415
220757
220928
220929
220930
220931
220935
220936
220937
220938
220939
220940
220941
220942
220959
220960
220961
220962
220963
220964
220966
220967
220968
220969
220970
220971
220973
220980
220981
220982
221056
221057
221058
221060
221062
221063
221064
221066
221067
221084
221086
221087
221088
221090
221091
221096
221097
221098
221100
221101
221102
221109
221140
221141
221142
221436
221438
221439
221781
221782
221952
221953
221954
221955
221959
221960
221961
221962
221963
221965
221983
221984
221985
221986
221987
221991
221992
221993
221994
221995
221997
222005
222079
222080
222081
222082
222083
222087
222088
222089
222090
222091
222093
222111
222112
222113
222114
222115
222119
222120
222121
222122
222123
222125
222133
222165
223317
223488
223489
223490
223491
223495
223496
223497
223498
223499
223501
223519
223520
223521
223522
223523
223527
223528
223529
223530
223531
223533
223541
223615
223616
223617
223618
223619
223623
223624
223625
223626
223627
223629
223647
223648
223649
223650
223651
223655
223656
223657
223658
223659
223661
223669
223701
223999
224341
224512
224513
224514
224515
224519
224520
224521
224522
224523
224525
224543
224544
224545
224546
224547
224551
224552
224553
224554
224555
224557
224565
224639
224640
224641
224642
224643
224647
224648
224649
224650
224651
224653
224671
224672
224673
224674
224675
224679
224680
224681
224682
224683
224685
224693
224725
225023
295071
295075
295429
295443
295449
295453
295471
295548
295550
295564
295566
295761
296980
296981
296982
297036
297038
297060
297062
297076
297078
297079
297148
297150
297151
297456
297458
297464
297466
297520
297522
297528
297530
297533
297617
297623
297627
297669
297683
297689
297693
297711
298305
298308
298311
298315
298335
298336
298339
298345
298349
303185
303188
303190
303191
303192
303194
303195
303372
303374
303375
303396
303397
303398
303408
303409
303410
303415
303416
303418
303419
303421
303493
303504
303505
303506
303507
303511
303512
303513
303514
303515
303517
303535
303557
303568
303570
303571
303576
303577
303578
303581
303599
303856
303858
303859
303864
303865
303866
303868
303869
303870
304959
305045
305088
305090
305096
305098
305101
305120
305121
305122
305127
305128
305130
305131
305141
305344
305346
305347
305352
305353
305354
305357
305377
305383
305384
305386
305387
305396
305397
305398
305729
305732
305734
305735
305739
305756
305758
305759
305763
305769
305772
305773
305774
305937
305940
305942
305943
305947
305996
305998
305999
306020
306021
306022
306032
306033
306034
306036
306038
306039
306040
306042
306043
306099
306105
306108
306109
306110
308484
308485
308486
308487
308499
308505
308508
308509
308510
308511
308515
308521
308524
308525
308526
308527
308595
308604
308606
308607
308608
308610
308611
308616
308617
308618
308620
308621
308622
308623
308641
308644
308645
308646
308647
308648
308651
308657
308660
308661
308662
308663
308667
