22
87
90
264
265
332
333
334
350
355
359
360
362
440
441
764
766
1039
1055
1056
1057
1058
1062
1067
1125
1137
1140
1141
1200
1201
1204
1205
1206
1211
1328
1329
1330
1334
1339
1395
1399
1400
1401
1402
1420
1421
1422
1438
1439
1442
1443
1447
1448
1450
1743
1760
1761
1762
1764
1765
1766
1771
3063
4152
4153
4156
4157
4158
4220
4221
4222
4223
4227
4231
4232
4233
4234
4243
4247
4248
4249
4250
4268
4269
4270
4415
4479
4480
4481
4482
4484
4485
4486
4491
4496
4497
4498
4500
4501
4502
4507
4527
4549
4560
4561
4564
4565
4566
4571
4800
4801
4802
4804
4805
4806
4807
4810
4811
4816
4817
4818
4819
4822
4823
4824
4826
4827
4846
4847
5312
5313
5314
5315
5316
5317
5318
5319
5320
5321
5322
5323
5328
5329
5330
5331
5334
5335
5336
5337
5338
5339
5356
5357
5358
5359
5571
5576
5577
5580
5581
5582
5583
5596
5597
5598
5599
5600
5601
5602
5603
5606
5607
5608
5609
5610
5611
5613
5683
5687
5688
5689
5690
5692
5693
5694
5756
5757
5758
5759
5762
5763
5767
5768
5769
5770
5772
5773
5779
5783
5784
5785
5786
5788
5789
5790
5795
5800
5801
5804
5805
5806
6974
6975
7039
7040
7041
7042
7044
7045
7046
7051
7056
7057
7058
7060
7061
7062
7063
7067
7087
7120
7121
7124
7125
12232
12233
12236
12237
12252
12253
12254
12259
12263
12264
12265
12266
12269
97520
97522
97523
97528
97529
97530
97532
97533
97534
97861
97872
97873
97874
97875
97876
97878
97879
97880
97882
97883
97903
98052
98053
98054
98064
98065
98066
98067
98071
98072
98073
98074
98075
98076
98077
98078
98092
98094
98095
98124
98126
98127
98144
98145
98148
98149
98150
98155
98160
98161
98162
98164
98165
98166
98167
98170
98171
98191
98213
98224
98225
98226
98227
98230
98231
98232
98233
98234
98235
98236
98237
230156
230158
230159
230180
230181
230182
230192
230193
230194
230196
230198
230199
230200
230202
230203
230276
230277
230278
230288
230290
230291
230296
230297
230298
230300
230301
230302
230316
230318
230319
230352
230353
230354
230356
230358
230359
230360
230362
230363
231684
231685
231686
231696
231698
231699
231704
231705
231706
231708
231709
231710
231724
231726
231727
231792
231794
231795
231800
231801
231802
231804
231805
231806
231820
231822
231823
231844
231845
231846
231856
231857
231858
231860
231862
231863
231864
231866
231867
232528
232529
232530
232532
232534
232535
232536
232538
232539
232541
232716
232718
232719
232740
232741
232742
232752
232753
232754
232755
232756
232758
232759
232760
232761
232762
232763
232765
232836
232837
232838
232848
232849
232850
232851
232855
232856
232857
232858
232859
232860
232861
232862
232876
232878
232879
232901
232912
232913
232914
232915
232916
232918
232919
232920
232921
232922
232923
232925
232943
233167
233189
233200
233201
233202
233203
233208
233209
233210
233211
233212
233213
233214
237828
237829
237830
237840
237841
237842
237843
237847
237848
237849
237850
237851
237852
237853
237854
237868
237870
237871
237903
237925
237936
237937
237938
237939
237943
237944
237945
237946
237947
237948
237949
237950
237964
237966
237967
237988
237989
237990
238000
238001
238002
238003
238004
238006
238007
238008
238009
238010
238011
238013
238799
238821
238832
238833
238834
238835
238839
238840
238841
238842
238843
238844
238845
238846
239173
239184
239185
239186
239187
239188
239190
239191
239192
239193
239194
239195
239197
239215
239364
239365
239366
239376
239377
239378
239379
239383
239384
239385
239386
239387
239388
239389
239390
239404
239406
239407
239439
239461
239472
239473
239474
239475
239479
239480
239481
239482
239483
239484
239485
239486
239500
239502
239503
239524
239525
239526
239536
239537
239538
239539
239540
239542
239543
239544
239545
239546
239547
239549
240396
240398
240399
240420
240421
240422
240432
240433
240434
240435
240436
240438
240439
240440
240441
240442
240443
240445
240516
240517
240518
240528
240529
240530
240531
240535
240536
240537
240538
240539
240540
240541
240542
240556
240558
240559
240581
240592
240593
240594
240595
240596
240598
240599
240600
240601
240602
240603
240605
240623
242757
242768
242769
242770
242771
242772
242774
242775
242776
242777
242778
242779
242781
242799
242956
242958
242959
242980
242981
242982
242992
242993
242994
242996
242998
242999
243000
243002
243003
243073
243076
243077
243078
243079
243083
243088
243090
243091
243096
243097
243098
243100
243101
243102
243107
243113
243116
243117
243118
243119
243152
243153
243154
243156
243157
243158
243159
243163
243440
243442
243443
243448
243449
243450
243452
243453
243454
311327
311420
311422
311792
311794
311800
311802
311856
311858
311955
311961
311965
311983
313280
313282
313287
313288
313290
313311
313314
313315
313320
313321
313322
313325
313536
313537
313538
313543
313544
313546
313547
313567
313571
313577
313581
313873
313883
313932
313934
313953
313956
313958
313972
313973
313974
314044
314046
314181
314195
314201
314223
318719
319061
319232
319233
319234
319235
319236
319238
319239
319240
319241
319242
319243
319260
319262
319263
319264
319266
319267
319272
319273
319274
319276
319277
319278
319347
319353
319356
319357
319358
319359
319363
319369
319372
319373
319374
319375
319392
319393
319394
319396
319397
319398
319399
319402
319403
319409
319412
319413
319414
319419
319743
320085
320256
320257
320258
320259
320263
320264
320265
320266
320267
320269
320284
320286
320287
320288
320290
320291
320296
320297
320298
320301
320371
320377
320380
320381
320382
320383
320387
320393
320396
320397
320398
320416
320417
320418
320420
320422
320423
320427
320436
320437
320438
321604
321605
321606
321619
321624
321625
321626
321629
321644
321646
321647
321807
321829
321840
321841
321842
321847
321848
321850
321851
321924
321925
321926
321936
321938
321939
321944
321945
321946
321949
321964
321966
321967
322001
322004
322005
322006
322007
322011
322255
322277
322288
322289
322290
322295
322296
322298
322299
322833
322836
322838
322839
322843
322883
322889
322892
322893
322894
322913
322916
322918
322919
322923
322932
322933
323004
323005
323006
