32924
32977
32987
33303
33392
33394
33465
33469
33604
33606
33631
33644
33646
34885
34899
34905
34908
34909
34910
34927
35135
35221
35264
35266
35272
35274
35297
35304
35307
35317
35523
35529
35533
35556
35558
35559
35572
35574
36112
36113
36114
36120
36122
36211
36217
36220
36222
36236
36239
36261
36273
36274
36280
36282
36283
41237
41280
41282
41283
41289
41292
41293
41294
41313
41316
41317
41318
41319
41323
41329
41332
41334
41335
41339
41404
41406
41407
42227
42233
42236
42238
42239
42580
42581
42582
42753
42759
42760
42762
42763
42784
42786
42787
42792
42793
42794
42797
42805
42881
42884
42886
42887
42891
42911
42912
42914
42915
42921
42922
42925
42964
42966
43779
43788
43790
43791
43812
43813
43814
43825
43831
43832
43834
43835
43920
43921
43922
43923
43928
43929
43930
43931
43933
43973
43984
43986
43987
43992
43993
43994
43996
43997
43998
44015
46144
46145
46146
46147
46151
46152
46153
46154
46155
46157
46176
46177
46178
46183
46184
46186
46187
46189
46196
46197
46198
46540
46542
46543
46564
46565
46566
46576
46577
46578
46579
46583
46584
46585
46586
46587
46589
46607
46640
46642
46643
46648
46649
46650
46652
46653
46654
46737
46740
46742
46743
46744
46747
46785
46788
46789
46790
46791
46795
46803
46812
46814
46815
46816
46818
46819
46825
46828
46829
46830
46831
115024
115025
115026
115028
115029
115030
115031
115032
115034
115035
115715
115721
115724
115725
115726
115727
115745
115748
115749
115750
115751
115755
115760
115761
115762
115764
115765
115766
115767
115768
115770
115771
115841
115844
115845
115846
115847
115851
115856
115858
115859
115864
115865
115866
115868
115869
115870
115871
115875
115881
115884
115885
115886
115887
115921
115922
115924
115925
115926
115927
115928
115931
116225
116228
116229
116230
116231
116235
116243
116249
116252
116253
116254
116255
116259
116265
116268
116269
116270
116271
116339
116345
116348
116349
116350
116351
116355
116361
116364
116365
116366
116367
116385
116388
116389
116390
116391
116395
116401
116404
116405
116406
116407
116411
116561
116564
116565
116566
116567
116571
117744
117746
117747
117752
117753
117754
117756
117757
117758
117759
121856
121858
121859
121864
121865
121866
121868
121869
121870
121871
121889
121890
121892
121893
121894
121895
121896
121899
121905
121908
121909
121910
121911
121915
121985
121988
121989
121990
121991
121995
122003
122009
122012
122013
122014
122015
122019
122025
122028
122029
122030
122031
122065
122068
122069
122070
122071
122075
122372
122373
122374
122384
122386
122387
122392
122393
122394
122396
122397
122398
122412
122414
122415
122480
122482
122483
122488
122489
122490
122492
122493
122494
122495
122499
122505
122508
122509
122510
122511
122532
122533
122534
122535
122539
122544
122545
122546
122548
122550
122551
122552
122554
122555
122693
122704
122705
122706
122707
122711
122712
122713
122714
122715
122717
122735
123891
123897
123900
123901
123902
123903
125265
125268
125269
125270
125271
125275
125952
125953
125954
125956
125957
125958
125959
125960
125962
125963
125971
125977
125980
125981
125982
125983
125984
125986
125987
125992
125993
125994
125996
125997
125998
125999
126067
126073
126076
126077
126078
126079
126080
126082
126083
126088
126089
126090
126092
126093
126094
126095
126112
126113
126114
126116
126117
126118
126119
126120
126122
126123
126129
126132
126133
126134
126135
126139
126451
126457
126460
126461
126462
126463
126467
126473
126474
126476
126477
126478
126479
126496
126497
126498
126500
126501
126502
126503
126504
126507
126513
126516
126517
126518
126519
126523
126592
126593
126594
126596
126597
126598
126599
126600
126602
126603
126611
126617
126620
126621
126622
126623
126624
126626
126627
126632
126633
126634
126636
126637
126638
126639
126673
126676
126677
126678
126679
126683
201729
201732
201733
201734
201735
201739
201744
201746
201747
201752
201753
201754
201756
201757
201758
201759
201763
201769
201772
201773
201774
201775
201840
201843
201849
201850
201852
201853
201854
201855
201859
201865
201868
201869
201870
201871
201889
201892
201893
201894
201895
201899
201904
201905
201906
201908
201909
201910
201911
201912
201914
201915
202240
202241
202242
202244
202246
202247
202248
202249
202250
202251
202253
202271
202272
202273
202274
202275
202276
202279
202280
202281
202282
202283
202285
202292
202293
202294
202369
202372
202373
202374
202375
202376
202379
202387
202393
202396
202398
202399
202400
202402
202403
202408
202409
202410
202412
202413
202414
202415
202449
202452
202453
202454
202455
202459
202580
202581
202582
202583
278540
278721
278730
278759
279131
279302
279341
279440
279443
279449
279454
279519
279535
280901
280928
280930
280931
280937
280942
281626
281629
281735
281739
281761
281768
281771
281780
281782
281783
281812
281814
281815
282176
282178
282185
282189
282190
282214
282225
282232
282234
282235
282237
282389
282480
282483
282489
282492
282494
282495
282511
282544
282546
282547
282553
282556
282558
282559
288020
288022
288023
288128
288130
288131
288137
288140
288141
288142
288165
288166
288177
288178
288184
288186
288187
288189
288213
290881
290887
290888
290890
290891
290893
290913
290916
290919
290920
290922
290923
290932
290934
290935
291344
291346
291347
291353
291356
291358
291359
291375
291460
291461
291462
291463
291488
291489
291490
291491
291496
291497
291498
291500
291501
291502
291509
291537
291544
291546
291547
291549
291653
291664
291666
291667
291673
291676
291678
291679
291680
291683
291689
291692
291694
291695
293121
293124
293126
293127
293128
293130
293131
293153
293154
293159
293160
293162
293163
293165
293172
293173
293174
293175
293264
293265
293266
293267
293272
293273
293274
293275
293276
293277
293278
293316
293317
293318
293344
293346
293347
293353
293356
293357
293358
293359
293365
293969
293972
293974
293975
293976
293978
293979
294339
294348
294350
294351
294373
294384
294386
294387
294393
294394
294396
294397
294398
294399
294403
294412
294414
294415
294437
294448
294450
294451
294457
294460
294461
294462
294463
294548
294549
294550
294592
294593
294594
294595
294600
294601
294602
294603
294604
294605
294606
294628
294629
294630
294631
294641
294642
294644
294647
294648
294650
294651
294653
