16406
16471
16474
16648
16649
16716
16717
16718
16734
16739
16743
16744
16746
16824
16825
17148
17150
17423
17439
17440
17441
17442
17446
17451
17509
17521
17524
17525
17584
17585
17588
17589
17590
17595
17712
17713
17714
17718
17723
17779
17783
17784
17785
17786
17804
17805
17806
17822
17823
17826
17827
17831
17832
17834
18127
18144
18145
18146
18148
18149
18150
18155
19447
20536
20537
20540
20541
20542
20604
20605
20606
20607
20611
20615
20616
20617
20618
20627
20631
20632
20633
20634
20652
20653
20654
20799
20863
20864
20865
20866
20868
20869
20870
20875
20880
20881
20882
20884
20885
20886
20891
20911
20933
20944
20945
20948
20949
20950
20955
21184
21185
21186
21188
21189
21190
21191
21194
21195
21200
21201
21202
21203
21206
21207
21208
21210
21211
21230
21231
21696
21697
21698
21699
21700
21701
21702
21703
21704
21705
21706
21707
21712
21713
21714
21715
21718
21719
21720
21721
21722
21723
21740
21741
21742
21743
21955
21960
21961
21964
21965
21966
21967
21980
21981
21982
21983
21984
21985
21986
21987
21990
21991
21992
21993
21994
21995
21997
22067
22071
22072
22073
22074
22076
22077
22078
22140
22141
22142
22143
22146
22147
22151
22152
22153
22154
22156
22157
22163
22167
22168
22169
22170
22172
22173
22174
22179
22184
22185
22188
22189
22190
23358
23359
23423
23424
23425
23426
23428
23429
23430
23435
23440
23441
23442
23444
23445
23446
23447
23451
23471
23504
23505
23508
23509
28616
28617
28620
28621
28636
28637
28638
28643
28647
28648
28649
28650
28653
113904
113906
113907
113912
113913
113914
113916
113917
113918
114245
114256
114257
114258
114259
114260
114262
114263
114264
114266
114267
114287
114436
114437
114438
114448
114449
114450
114451
114455
114456
114457
114458
114459
114460
114461
114462
114476
114478
114479
114508
114510
114511
114528
114529
114532
114533
114534
114539
114544
114545
114546
114548
114549
114550
114551
114554
114555
114575
114597
114608
114609
114610
114611
114614
114615
114616
114617
114618
114619
114620
114621
164620
164622
164623
164644
164645
164646
164656
164657
164658
164660
164662
164663
164664
164666
164667
164740
164741
164742
164752
164754
164755
164760
164761
164762
164764
164765
164766
164780
164782
164783
164816
164817
164818
164820
164822
164823
164824
164826
164827
166148
166149
166150
166160
166162
166163
166168
166169
166170
166172
166173
166174
166188
166190
166191
166256
166258
166259
166264
166265
166266
166268
166269
166270
166284
166286
166287
166308
166309
166310
166320
166321
166322
166324
166326
166327
166328
166330
166331
166992
166993
166994
166996
166998
166999
167000
167002
167003
167005
167180
167182
167183
167204
167205
167206
167216
167217
167218
167219
167220
167222
167223
167224
167225
167226
167227
167229
167300
167301
167302
167312
167313
167314
167315
167319
167320
167321
167322
167323
167324
167325
167326
167340
167342
167343
167365
167376
167377
167378
167379
167380
167382
167383
167384
167385
167386
167387
167389
167407
167631
167653
167664
167665
167666
167667
167672
167673
167674
167675
167676
167677
167678
172292
172293
172294
172304
172305
172306
172307
172311
172312
172313
172314
172315
172316
172317
172318
172332
172334
172335
172367
172389
172400
172401
172402
172403
172407
172408
172409
172410
172411
172412
172413
172414
172428
172430
172431
172452
172453
172454
172464
172465
172466
172467
172468
172470
172471
172472
172473
172474
172475
172477
173263
173285
173296
173297
173298
173299
173303
173304
173305
173306
173307
173308
173309
173310
173637
173648
173649
173650
173651
173652
173654
173655
173656
173657
173658
173659
173661
173679
173828
173829
173830
173840
173841
173842
173843
173847
173848
173849
173850
173851
173852
173853
173854
173868
173870
173871
173903
173925
173936
173937
173938
173939
173943
173944
173945
173946
173947
173948
173949
173950
173964
173966
173967
173988
173989
173990
174000
174001
174002
174003
174004
174006
174007
174008
174009
174010
174011
174013
174860
174862
174863
174884
174885
174886
174896
174897
174898
174899
174900
174902
174903
174904
174905
174906
174907
174909
174980
174981
174982
174992
174993
174994
174995
174999
175000
175001
175002
175003
175004
175005
175006
175020
175022
175023
175045
175056
175057
175058
175059
175060
175062
175063
175064
175065
175066
175067
175069
175087
177221
177232
177233
177234
177235
177236
177238
177239
177240
177241
177242
177243
177245
177263
177420
177422
177423
177444
177445
177446
177456
177457
177458
177460
177462
177463
177464
177466
177467
177537
177540
177541
177542
177543
177547
177552
177554
177555
177560
177561
177562
177564
177565
177566
177571
177577
177580
177581
177582
177583
177616
177617
177618
177620
177621
177622
177623
177627
177904
177906
177907
177912
177913
177914
177916
177917
177918
245791
245884
245886
246256
246258
246264
246266
246320
246322
246419
246425
246429
246447
247744
247746
247751
247752
247754
247775
247778
247779
247784
247785
247786
247789
248000
248001
248002
248007
248008
248010
248011
248031
248035
248041
248045
248337
248347
248396
248398
248417
248420
248422
248436
248437
248438
248508
248510
248645
248659
248665
248687
253183
253525
253696
253697
253698
253699
253700
253702
253703
253704
253705
253706
253707
253724
253726
253727
253728
253730
253731
253736
253737
253738
253740
253741
253742
253811
253817
253820
253821
253822
253823
253827
253833
253836
253837
253838
253839
253856
253857
253858
253860
253861
253862
253863
253866
253867
253873
253876
253877
253878
253883
254207
254549
254720
254721
254722
254723
254727
254728
254729
254730
254731
254733
254748
254750
254751
254752
254754
254755
254760
254761
254762
254765
254835
254841
254844
254845
254846
254847
254851
254857
254860
254861
254862
254880
254881
254882
254884
254886
254887
254891
254900
254901
254902
256068
256069
256070
256083
256088
256089
256090
256093
256108
256110
256111
256271
256293
256304
256305
256306
256311
256312
256314
256315
256388
256389
256390
256400
256402
256403
256408
256409
256410
256413
256428
256430
256431
256465
256468
256469
256470
256471
256475
256719
256741
256752
256753
256754
256759
256760
256762
256763
257297
257300
257302
257303
257307
257347
257353
257356
257357
257358
257377
257380
257382
257383
257387
257396
257397
257468
257469
257470
