49174
49239
49242
49416
49417
49484
49485
49486
49502
49507
49511
49512
49514
49592
49593
49916
49918
50191
50207
50208
50209
50210
50214
50219
50277
50289
50292
50293
50352
50353
50356
50357
50358
50363
50480
50481
50482
50486
50491
50547
50551
50552
50553
50554
50572
50573
50574
50590
50591
50594
50595
50599
50600
50602
50895
50912
50913
50914
50916
50917
50918
50923
52215
53304
53305
53308
53309
53310
53372
53373
53374
53375
53379
53383
53384
53385
53386
53395
53399
53400
53401
53402
53420
53421
53422
53567
53631
53632
53633
53634
53636
53637
53638
53643
53648
53649
53650
53652
53653
53654
53659
53679
53701
53712
53713
53716
53717
53718
53723
53952
53953
53954
53956
53957
53958
53959
53962
53963
53968
53969
53970
53971
53974
53975
53976
53978
53979
53998
53999
54464
54465
54466
54467
54468
54469
54470
54471
54472
54473
54474
54475
54480
54481
54482
54483
54486
54487
54488
54489
54490
54491
54508
54509
54510
54511
54723
54728
54729
54732
54733
54734
54735
54748
54749
54750
54751
54752
54753
54754
54755
54758
54759
54760
54761
54762
54763
54765
54835
54839
54840
54841
54842
54844
54845
54846
54908
54909
54910
54911
54914
54915
54919
54920
54921
54922
54924
54925
54931
54935
54936
54937
54938
54940
54941
54942
54947
54952
54953
54956
54957
54958
56126
56127
56191
56192
56193
56194
56196
56197
56198
56203
56208
56209
56210
56212
56213
56214
56215
56219
56239
56272
56273
56276
56277
61384
61385
61388
61389
61404
61405
61406
61411
61415
61416
61417
61418
61421
146672
146674
146675
146680
146681
146682
146684
146685
146686
147013
147024
147025
147026
147027
147028
147030
147031
147032
147034
147035
147055
147204
147205
147206
147216
147217
147218
147219
147223
147224
147225
147226
147227
147228
147229
147230
147244
147246
147247
147276
147278
147279
147296
147297
147300
147301
147302
147307
147312
147313
147314
147316
147317
147318
147319
147322
147323
147343
147365
147376
147377
147378
147379
147382
147383
147384
147385
147386
147387
147388
147389
197388
197390
197391
197412
197413
197414
197424
197425
197426
197428
197430
197431
197432
197434
197435
197508
197509
197510
197520
197522
197523
197528
197529
197530
197532
197533
197534
197548
197550
197551
197584
197585
197586
197588
197590
197591
197592
197594
197595
198916
198917
198918
198928
198930
198931
198936
198937
198938
198940
198941
198942
198956
198958
198959
199024
199026
199027
199032
199033
199034
199036
199037
199038
199052
199054
199055
199076
199077
199078
199088
199089
199090
199092
199094
199095
199096
199098
199099
199760
199761
199762
199764
199766
199767
199768
199770
199771
199773
199948
199950
199951
199972
199973
199974
199984
199985
199986
199987
199988
199990
199991
199992
199993
199994
199995
199997
200068
200069
200070
200080
200081
200082
200083
200087
200088
200089
200090
200091
200092
200093
200094
200108
200110
200111
200133
200144
200145
200146
200147
200148
200150
200151
200152
200153
200154
200155
200157
200175
200399
200421
200432
200433
200434
200435
200440
200441
200442
200443
200444
200445
200446
205060
205061
205062
205072
205073
205074
205075
205079
205080
205081
205082
205083
205084
205085
205086
205100
205102
205103
205135
205157
205168
205169
205170
205171
205175
205176
205177
205178
205179
205180
205181
205182
205196
205198
205199
205220
205221
205222
205232
205233
205234
205235
205236
205238
205239
205240
205241
205242
205243
205245
206031
206053
206064
206065
206066
206067
206071
206072
206073
206074
206075
206076
206077
206078
206405
206416
206417
206418
206419
206420
206422
206423
206424
206425
206426
206427
206429
206447
206596
206597
206598
206608
206609
206610
206611
206615
206616
206617
206618
206619
206620
206621
206622
206636
206638
206639
206671
206693
206704
206705
206706
206707
206711
206712
206713
206714
206715
206716
206717
206718
206732
206734
206735
206756
206757
206758
206768
206769
206770
206771
206772
206774
206775
206776
206777
206778
206779
206781
207628
207630
207631
207652
207653
207654
207664
207665
207666
207667
207668
207670
207671
207672
207673
207674
207675
207677
207748
207749
207750
207760
207761
207762
207763
207767
207768
207769
207770
207771
207772
207773
207774
207788
207790
207791
207813
207824
207825
207826
207827
207828
207830
207831
207832
207833
207834
207835
207837
207855
209989
210000
210001
210002
210003
210004
210006
210007
210008
210009
210010
210011
210013
210031
210188
210190
210191
210212
210213
210214
210224
210225
210226
210228
210230
210231
210232
210234
210235
210305
210308
210309
210310
210311
210315
210320
210322
210323
210328
210329
210330
210332
210333
210334
210339
210345
210348
210349
210350
210351
210384
210385
210386
210388
210389
210390
210391
210395
210672
210674
210675
210680
210681
210682
210684
210685
210686
278559
278652
278654
279024
279026
279032
279034
279088
279090
279187
279193
279197
279215
280512
280514
280519
280520
280522
280543
280546
280547
280552
280553
280554
280557
280768
280769
280770
280775
280776
280778
280779
280799
280803
280809
280813
281105
281115
281164
281166
281185
281188
281190
281204
281205
281206
281276
281278
281413
281427
281433
281455
285951
286293
286464
286465
286466
286467
286468
286470
286471
286472
286473
286474
286475
286492
286494
286495
286496
286498
286499
286504
286505
286506
286508
286509
286510
286579
286585
286588
286589
286590
286591
286595
286601
286604
286605
286606
286607
286624
286625
286626
286628
286629
286630
286631
286634
286635
286641
286644
286645
286646
286651
286975
287317
287488
287489
287490
287491
287495
287496
287497
287498
287499
287501
287516
287518
287519
287520
287522
287523
287528
287529
287530
287533
287603
287609
287612
287613
287614
287615
287619
287625
287628
287629
287630
287648
287649
287650
287652
287654
287655
287659
287668
287669
287670
288836
288837
288838
288851
288856
288857
288858
288861
288876
288878
288879
289039
289061
289072
289073
289074
289079
289080
289082
289083
289156
289157
289158
289168
289170
289171
289176
289177
289178
289181
289196
289198
289199
289233
289236
289237
289238
289239
289243
289487
289509
289520
289521
289522
289527
289528
289530
289531
290065
290068
290070
290071
290075
290115
290121
290124
290125
290126
290145
290148
290150
290151
290155
290164
290165
290236
290237
290238
