3
56
196
237
245
607
623
786
797
897
904
906
907
939
948
950
2325
2416
2419
2425
2430
2483
2489
2492
2494
3137
3144
3146
3149
3172
3175
3188
3190
3191
3588
3590
3616
3618
3619
3625
3629
3630
3637
3717
3743
3747
3756
3758
3759
3794
3800
3802
3805
3921
3928
3930
3931
9300
9302
9303
9523
9532
9534
9535
9621
9664
9666
9667
9673
9674
9677
9678
9700
9702
9703
9713
9719
9720
9722
9723
9923
9932
9934
9935
9957
9968
9970
9971
9976
9977
9978
9981
9982
12545
12548
12551
12552
12554
12555
12577
12583
12584
12586
12587
12589
12596
12597
12598
12599
12688
12690
12691
12697
12698
12700
12701
12702
12741
12752
12755
12761
12764
12766
12767
12771
12780
12782
12783
14353
14356
14358
14359
14360
14362
14363
14451
14457
14460
14462
14463
14464
14466
14467
14473
14476
14477
14478
14479
14500
14501
14502
14512
14513
14514
14515
14520
14521
14522
14523
14525
14526
14865
14868
14870
14871
14872
14874
14875
14877
14975
14976
14977
14978
14979
14984
14985
14986
14988
14989
14990
14991
15012
15013
15014
15015
15025
15026
15028
15031
15032
15034
15035
15037
15061
15172
15174
15175
15200
15201
15202
15203
15208
15209
15210
15212
15213
15214
15221
15681
15684
15685
15686
15687
15688
15691
15711
15712
15713
15714
15715
15720
15721
15722
15723
15724
15725
15726
15733
86096
86097
86098
86100
86102
86103
86104
86106
86107
86127
86284
86286
86287
86308
86309
86310
86320
86321
86322
86324
86326
86327
86328
86330
86331
86404
86405
86406
86416
86418
86419
86424
86425
86426
86428
86429
86430
86444
86446
86447
86480
86481
86482
86484
86486
86487
86488
86490
86491
86768
86770
86771
86776
86777
86778
86780
86781
86782
87823
87845
87856
87857
87858
87859
87864
87865
87866
87868
87869
87870
87953
87954
87956
87957
87958
87959
87960
87962
87963
88001
88004
88005
88006
88007
88011
88019
88028
88030
88031
88032
88034
88035
88040
88041
88042
88044
88045
88046
88047
88053
88268
88270
88271
88293
88294
88304
88305
88306
88307
88311
88312
88313
88314
88315
88317
88318
88645
88656
88657
88658
88659
88660
88662
88663
88664
88665
88666
88667
88669
88687
88836
88837
88838
88848
88849
88850
88851
88855
88856
88857
88858
88860
88861
88862
88876
88878
88879
88944
88946
88947
88952
88953
88954
88956
88957
88958
88972
88974
88975
88996
88997
88998
89008
89009
89010
89012
89014
89015
89016
89018
89019
165124
165125
165126
165136
165137
165138
165139
165143
165144
165145
165146
165148
165149
165150
165164
165166
165167
165199
165221
165232
165233
165234
165235
165239
165240
165241
165242
165243
165244
165245
165246
165260
165262
165263
165284
165285
165286
165296
165297
165298
165299
165300
165302
165303
165304
165305
165306
165307
165309
168143
168165
168176
168177
168178
168179
168183
168184
168185
168186
168187
168189
168517
168528
168529
168530
168531
168535
168536
168537
168538
168539
168541
168559
168709
168720
168721
168722
168723
168727
168728
168729
168730
168731
168733
168751
168783
168805
168816
168817
168818
168819
168823
168824
168825
168826
168827
168829
168847
168869
168880
168881
168882
168883
168887
168888
168889
168890
168891
168893
170064
170065
170066
170068
170070
170071
170072
170074
170075
170252
170254
170255
170276
170277
170278
170288
170289
170290
170291
170292
170294
170295
170296
170297
170298
170299
170301
170373
170374
170384
170385
170386
170387
170391
170392
170393
170394
170395
170396
170397
170398
170412
170415
170437
170448
170449
170450
170451
170455
170456
170457
170458
170459
170461
170479
170703
170725
170736
170737
170738
170739
170744
170745
170746
170748
170749
170750
171268
171269
171270
171271
171275
171280
171282
171283
171289
171292
171293
171294
171295
171299
171305
171308
171309
171310
171311
171388
171390
171391
171392
171393
171394
171395
171400
171401
171402
171404
171405
171406
171425
171426
171428
171430
171431
171432
171434
171435
171441
171444
171445
171446
171447
171451
171477
175884
175887
175909
175910
175920
175921
175922
175923
175924
175926
175927
175928
175929
175930
175931
175933
176004
176005
176006
176016
176017
176018
176019
176023
176024
176025
176026
176027
176028
176029
176030
176044
176046
176047
176069
176080
176081
176082
176083
176084
176086
176087
176088
176089
176090
176091
176093
176111
245906
245917
245971
246346
246390
246549
246604
246606
246641
246651
246719
248065
248071
248075
248097
248104
248106
248117
248197
248220
248223
248236
248238
248239
248273
248280
248282
248918
249103
249125
249136
249138
249144
249146
249149
249233
249236
249239
249243
249284
249286
249287
249312
249314
249315
249321
249325
249326
249587
249593
249596
249598
254981
254995
255001
255004
255006
255007
255011
255020
255022
255023
255105
255111
255112
255114
255115
255136
255137
255138
255143
255144
255146
255147
255149
255156
255157
255158
255188
255189
255190
255505
255508
255510
255511
255515
255600
255603
255609
255612
255614
255615
255628
255631
255653
255664
255666
255667
255672
255673
255674
255677
255812
255814
255815
255840
255842
255843
255849
255853
255854
258384
258385
258386
258387
258392
258393
258394
258395
258397
259135
259221
259264
259266
259267
259272
259273
259274
259276
259277
259278
259297
259300
259301
259302
259303
259307
259313
259316
259318
259319
259320
259322
259323
259653
259664
259665
259666
259667
259672
259673
259674
259675
259676
259677
259678
259695
259845
259856
259858
259859
259864
259865
259866
259868
259869
259870
259871
259884
259886
259887
259967
259968
259969
259970
259971
259976
259977
259978
259979
259980
259981
259982
260001
260004
260006
260007
260008
260010
260011
260017
260020
260021
260022
260023
260027
260053
260927
261013
261056
261058
261059
261065
261066
261068
261069
261070
261092
261093
261094
261095
261105
261108
261110
261111
261112
261114
261115
