32897
32907
32981
33284
33286
33324
33326
33407
33411
33417
33421
33620
33622
34832
34834
34835
34840
34841
34842
34845
34931
34937
34941
34959
34981
34992
34993
34994
34999
35000
35002
35003
35324
35326
35340
35342
35364
35366
35380
35382
35383
35461
35475
35481
35485
35503
35537
35543
35547
36176
36178
36184
36186
40981
41024
41025
41026
41027
41031
41032
41033
41034
41035
41037
41056
41057
41058
41063
41064
41066
41067
41069
41076
41077
41078
41151
41408
41410
41411
41417
41420
41421
41422
41441
41444
41446
41447
41451
41460
41461
41462
41532
41534
41535
41620
41621
41622
41664
41665
41666
41668
41670
41671
41672
41674
41675
41692
41694
41695
41696
41698
41699
41704
41705
41706
41708
41709
41710
42959
42981
42992
42993
42994
43000
43002
43003
43056
43058
43059
43064
43065
43066
43069
43152
43153
43154
43159
43160
43162
43163
43205
43216
43218
43219
43225
43228
43229
43230
43247
43537
43540
43542
43543
43547
43596
43598
43599
43620
43621
43622
43633
43636
43638
43639
43643
43699
43705
43708
43709
43710
43841
43844
43845
43846
43847
43851
43859
43865
43868
43869
43870
43871
43875
43881
43884
43885
43886
43887
46357
46400
46401
46402
46403
46407
46408
46409
46410
46411
46413
46431
46432
46433
46434
46435
46439
46440
46441
46442
46443
46445
46453
46527
114709
114752
114753
114754
114755
114756
114758
114759
114760
114761
114762
114763
114765
114780
114782
114783
114784
114785
114786
114787
114791
114792
114793
114794
114795
114796
114797
114798
114805
114879
115004
115006
115007
115092
115093
115094
115136
115137
115138
115139
115140
115142
115143
115144
115145
115146
115147
115149
115164
115166
115167
115168
115169
115170
115171
115175
115176
115177
115178
115179
115180
115181
115182
115189
115263
115349
115392
115393
115394
115395
115399
115400
115401
115402
115403
115404
115405
115406
115423
115424
115425
115426
115427
115428
115430
115431
115432
115433
115434
115435
115437
115444
115445
115446
116540
116542
116543
116628
116629
116630
116672
116673
116674
116676
116678
116679
116680
116682
116683
116700
116702
116703
116704
116706
116707
116712
116713
116714
116716
116717
116718
116928
116930
116931
116936
116937
116938
116940
116941
116942
116959
116960
116961
116962
116964
116966
116967
116968
116969
116970
116971
116980
116981
116982
117269
117312
117313
117314
117315
117316
117318
117319
117320
117321
117322
117323
117325
117340
117342
117343
117344
117345
117346
117347
117351
117352
117353
117354
117355
117356
117357
117358
117365
117439
117524
117525
117526
117568
117569
117570
117571
117575
117576
117577
117578
117579
117580
117581
117582
117599
117600
117601
117602
117603
117604
117606
117607
117608
117609
117610
117611
117613
117620
117621
117622
117692
117694
117695
122684
122686
122687
122772
122773
122774
122816
122817
122818
122819
122820
122822
122823
122824
122825
122826
122827
122829
122847
122848
122849
122850
122851
122855
122856
122857
122858
122859
122861
122862
122869
122943
123029
123072
123073
123074
123075
123079
123080
123081
123082
123083
123084
123085
123086
123103
123104
123105
123106
123107
123108
123110
123111
123112
123113
123114
123115
123117
123124
123125
123126
123456
123457
123458
123460
123462
123463
123464
123466
123467
123484
123486
123487
123488
123490
123491
123496
123497
123498
123500
123501
123502
123509
123668
123669
123670
123712
123714
123715
123720
123721
123722
123724
123725
123726
123744
123745
123746
123748
123750
123751
123752
123754
123755
123764
123765
123766
123836
123838
123839
124992
124993
124994
124996
124998
124999
125000
125002
125003
125020
125022
125023
125024
125026
125027
125032
125033
125034
125036
125037
125038
125244
125246
125247
125332
125333
125334
125376
125377
125378
125380
125382
125383
125384
125386
125387
125404
125406
125407
125408
125410
125411
125416
125417
125418
125420
125421
125422
125632
125634
125635
125640
125641
125642
125644
125645
125646
125664
125665
125666
125668
125670
125671
125672
125674
125675
125684
125685
125686
126228
126229
126230
126272
126274
126275
126280
126281
126282
126284
126285
126286
126304
126305
126306
126308
126310
126311
126312
126314
126315
126324
126325
126326
126396
126398
126399
202004
202005
202006
202048
202049
202050
202051
202056
202057
202058
202060
202061
202062
202081
202082
202084
202085
202086
202087
202088
202090
202091
202097
202100
202101
202102
202103
202104
202107
202172
202174
202175
278591
278720
278723
278732
278770
278777
278782
279125
279298
279305
279526
279537
279546
279549
280916
280918
281601
281608
281610
281611
281613
281636
281638
281639
281649
281656
281658
281659
281661
281748
281750
281751
281800
281803
281828
281831
281848
281851
282196
282199
282200
282203
282372
282375
282401
282408
282411
282420
282422
282423
282513
282520
282522
282523
282525
282564
282566
282567
282593
282600
282602
282603
282605
282612
282614
282615
288081
288088
288090
288091
288093
290820
290822
290823
290849
290850
290856
290858
290859
290861
290868
290869
290870
290871
290961
290962
290968
290969
290970
290973
290974
291013
291014
291040
291041
291042
291043
291049
291050
291052
291053
291054
291055
291061
291062
291408
291409
291410
291411
291417
291418
291420
291421
291422
291423
291589
291616
291618
291619
291625
291628
291630
291631
291637
291728
291730
291731
291737
291740
291742
291743
291781
291795
291804
291807
291808
291810
291811
291817
291820
291822
291823
291829
293189
293200
293202
293203
293209
293212
293214
293215
293216
293219
293228
293231
293893
293904
293906
293907
293913
293916
293918
293919
293920
293922
293923
293929
293932
293934
293935
293941
294021
294032
294034
294035
294041
294044
294046
294047
294048
294050
294051
294057
294060
294062
294063
294069
294085
294096
294098
294099
294105
294108
294110
294111
294112
294115
294121
294124
294126
294127
294469
294480
294483
294492
294495
294496
294498
294499
294505
294508
294510
294511
294517
294672
294673
294674
294675
294681
294682
294684
294685
294686
294687
294700
294703
294788
294789
294790
294791
294816
294817
294818
294819
294824
294825
294826
294827
294828
294829
294830
294831
294837
294838
294864
294865
294866
294867
294872
294873
294874
294875
294876
294877
294878
294879
