65572
65591
65756
65758
65775
66113
66120
66145
66155
66383
66405
66424
66426
66429
66492
66494
67844
67846
67872
67874
67875
67881
67885
67972
67974
68000
68003
68009
68055
68059
68692
68695
68699
68915
68921
68924
68926
68927
69013
69014
69057
69064
69066
69067
69089
69096
69098
69099
69109
69110
69327
69349
69360
69362
69368
69370
69373
74768
74769
74770
74775
74776
74778
74779
74781
74876
74879
74880
74882
74883
74889
74892
74893
74894
74895
74916
74917
74918
74929
74935
74936
74938
74939
75280
75282
75288
75289
75290
75293
75392
75394
75395
75400
75401
75402
75405
75406
75428
75430
75431
75441
75444
75446
75447
75451
75477
75589
75603
75609
75612
75614
75615
75628
75631
78148
78149
78150
78172
78174
78175
78176
78178
78179
78185
78188
78190
78191
79055
79088
79090
79091
79097
79100
79101
79102
79103
79444
79445
79446
79447
79617
79618
79620
79622
79623
79624
79626
79627
79629
79648
79649
79650
79651
79655
79656
79657
79658
79659
79661
79668
79669
79670
79748
79749
79750
79751
79763
79769
79772
79774
79775
79776
79778
79779
79785
79788
79789
79790
79791
79824
79825
79826
79828
79830
79831
79832
79834
79835
79837
80652
80654
80655
80677
80688
80689
80690
80691
80696
80697
80698
80700
80701
80702
80785
80788
80790
80791
80795
80833
80836
80838
80839
80840
80843
80864
80865
80866
80867
80872
80873
80874
80875
80877
80878
80885
148756
148757
148758
148763
148800
148802
148803
148808
148809
148810
148812
148813
148814
148832
148833
148834
148836
148838
148839
148840
148842
148843
148852
148853
148854
148924
148926
148927
151615
151701
151744
151745
151746
151747
151751
151752
151753
151754
151755
151756
151757
151758
151775
151776
151777
151778
151779
151780
151782
151783
151784
151785
151786
151787
151789
151796
151797
151798
152085
152128
152129
152130
152131
152132
152134
152135
152136
152137
152138
152139
152141
152156
152158
152159
152160
152161
152162
152163
152167
152168
152169
152170
152171
152172
152173
152174
152181
152255
152340
152341
152342
152384
152385
152386
152387
152391
152392
152393
152394
152395
152396
152397
152398
152415
152416
152417
152418
152419
152420
152422
152423
152424
152425
152426
152427
152429
152436
152437
152438
152508
152510
152511
153665
153668
153669
153670
153671
153675
153683
153689
153692
153693
153694
153695
153696
153698
153699
153705
153706
153708
153709
153710
153711
153916
153918
153919
154004
154005
154006
154048
154049
154050
154051
154052
154054
154055
154056
154057
154058
154059
154061
154076
154078
154079
154080
154081
154082
154083
154087
154088
154089
154090
154091
154092
154093
154094
154101
154175
154304
154306
154307
154312
154313
154314
154316
154317
154318
154336
154337
154338
154340
154342
154343
154344
154346
154347
154356
154357
154358
154359
154363
154897
154900
154901
154902
154903
154904
154906
154907
154956
154958
154959
154980
154981
154982
154992
154993
154994
154995
154999
155000
155001
155002
155003
155005
155023
155045
155056
155058
155059
155064
155065
155066
155068
155069
155070
155071
159548
159550
159551
159636
159637
159638
159680
159681
159682
159684
159686
159687
159688
159689
159690
159691
159708
159710
159711
159712
159714
159715
159719
159720
159721
159722
159724
159725
159726
233536
233537
233538
233540
233541
233542
233543
233544
233546
233547
233555
233561
233564
233565
233566
233567
233568
233570
233571
233576
233577
233578
233580
233581
233582
233779
233785
233788
233789
233790
233791
233873
233876
233877
233878
233879
233883
233920
233921
233922
233924
233925
233926
233927
233928
233930
233931
233939
233945
233948
233949
233950
233951
233952
233954
233955
233960
233961
233962
233964
233965
233966
233967
234176
234178
234179
234184
234185
234186
234188
234189
234190
234191
234208
234209
234210
234212
234213
234214
234215
234216
234218
234219
234225
234228
234229
234230
234231
234235
235327
235456
235458
235459
235464
235465
235466
235468
235469
235470
235471
235489
235492
235493
235494
235495
235499
235505
235508
235510
235511
235512
235514
235515
235571
235580
235582
235583
235668
235669
235670
235712
235713
235714
235715
235716
235719
235720
235721
235722
235723
235725
235743
235744
235745
235746
235747
235748
235751
235752
235753
235754
235755
235757
235764
235765
235766
236096
236097
236098
236100
236102
236103
236104
236106
236107
236124
236126
236127
236128
236129
236130
236131
236136
236137
236138
236140
236141
236142
236149
236308
236309
236310
236315
236352
236354
236355
236360
236361
236362
236364
236365
236366
236367
236384
236385
236386
236388
236389
236390
236391
236392
236394
236395
236401
236404
236405
236406
236407
236411
236467
236473
236476
236477
236478
236479
311345
311494
311520
311522
311877
311916
311918
312090
312194
312205
312228
312231
312247
312277
313620
313622
313623
313724
313727
313743
313765
313776
313778
313789
314439
314443
314465
314472
314474
314475
314477
314485
314881
314887
314888
314890
314891
314913
314920
314922
314923
314932
314934
315024
315026
315027
315033
315036
315038
315088
315091
315097
315100
315102
315119
315220
315222
315223
320592
320593
320594
320600
320602
320603
320605
320972
320975
320997
321008
321010
321011
321017
321021
321022
321075
321081
321084
321086
321087
321173
321216
321217
321218
321224
321225
321226
321229
321252
321254
321255
321259
321265
321268
321270
321271
321275
323845
323846
323868
323871
323872
323874
323875
323881
323884
323886
323887
323972
323973
323974
323975
323999
324000
324002
324003
324009
324012
324013
324014
324015
324021
324049
324050
324055
324056
324058
324059
324061
325637
325638
325648
325650
325651
325657
325660
325661
325662
325663
325667
325673
325676
325678
325679
325761
325764
325766
325767
325768
325770
325771
325792
325793
325794
325799
325800
325801
325802
325803
325805
325812
325813
325814
325815
325841
325844
325845
325846
325847
325851
326165
326208
326211
326217
326220
326222
326223
326245
326256
326257
326258
326259
326264
326265
326266
326267
326268
326269
326270
326320
326323
326329
326332
326334
326335
326464
326465
326466
326467
326472
326473
326474
326475
326476
326477
326478
326500
326502
326503
326507
326513
326516
326518
326519
326520
326522
326523
326992
326993
326994
326995
327000
327001
327002
327003
327004
327005
327006
327023
