207
240
243
252
255
768
771
780
782
783
805
816
818
819
825
830
917
962
969
974
997
1010
1017
1022
2389
3074
3081
3086
3109
3122
3265
3274
3277
3302
3313
3322
3325
3670
3841
3848
3850
3851
3853
3876
3878
3879
3889
3896
3898
3899
3901
3988
3990
3991
4033
4040
4042
4043
4045
4068
4070
4071
4081
4088
4090
4091
4093
9556
9558
9559
12289
12296
12298
12299
12301
12324
12326
12327
12337
12344
12346
12347
12349
12436
12438
12439
12443
12481
12484
12487
12488
12490
12491
12493
12516
12518
12519
12520
12523
12529
12532
12535
12536
12538
12539
12541
12884
12886
12887
12888
12891
13057
13060
13062
13063
13064
13066
13067
13069
13089
13092
13094
13095
13096
13098
13099
13101
13105
13108
13110
13111
13112
13115
13201
13204
13207
13208
13210
13211
13213
13252
13254
13255
13256
13259
13281
13284
13287
13288
13290
13291
13293
13300
13302
13303
13304
13307
14673
14676
14679
14680
14682
14683
14685
15364
15366
15367
15368
15371
15393
15396
15399
15400
15402
15403
15405
15412
15414
15415
15416
15419
15505
15511
15512
15514
15515
15517
15556
15558
15559
15585
15586
15592
15594
15595
15597
15604
15605
15606
15607
15953
15954
15960
15961
15962
15963
15965
15966
16132
16133
16134
16135
16160
16161
16162
16163
16168
16169
16170
16171
16173
16174
16180
16181
16182
16183
16272
16273
16274
16275
16280
16281
16282
16283
16284
16285
16286
16287
16324
16325
16326
16327
16352
16353
16354
16355
16360
16361
16362
16363
16364
16365
16366
16367
16372
16373
16374
16375
87364
87365
87366
87367
87371
87376
87378
87379
87385
87386
87388
87389
87390
87391
87392
87395
87401
87404
87405
87406
87407
163856
163857
163858
163860
163862
163863
163864
163866
163867
163916
163918
163919
163940
163941
163942
163952
163953
163954
163956
163958
163959
163960
163962
163963
164016
164018
164019
164024
164025
164026
164028
164029
164030
164300
164302
164303
164324
164325
164326
164336
164337
164338
164340
164342
164343
164344
164346
164347
164400
164402
164403
164408
164409
164410
164412
164413
164414
164496
164497
164498
164500
164502
164503
164504
164506
164507
164548
164549
164550
164560
164562
164563
164568
164569
164570
164572
164573
164574
164588
164590
164591
165827
165833
165836
165837
165838
165839
165857
165860
165861
165862
165863
165867
165872
165873
165874
165876
165877
165878
165879
165880
165882
165883
165936
165938
165939
165944
165945
165946
165948
165949
165950
165951
166032
166033
166034
166036
166037
166038
166039
166040
166042
166043
166081
166084
166085
166086
166087
166091
166096
166098
166099
166104
166105
166106
166108
166109
166110
166115
166124
166125
166126
166127
166416
166417
166418
166420
166422
166423
166424
166426
166427
166476
166478
166479
166500
166501
166502
166512
166513
166514
166516
166518
166519
166520
166522
166523
166576
166578
166579
166584
166585
166586
166588
166589
166590
166724
166725
166726
166736
166738
166739
166744
166745
166746
166748
166749
166750
166764
166766
166767
171980
171982
171983
172004
172005
172006
172016
172017
172018
172020
172022
172023
172024
172026
172027
172080
172082
172083
172088
172089
172090
172092
172093
172094
172176
172177
172178
172180
172182
172183
172184
172186
172187
172228
172229
172230
172240
172242
172243
172248
172249
172250
172252
172253
172254
172268
172270
172271
172560
172561
172562
172564
172565
172566
172567
172568
172570
172571
172611
172617
172620
172621
172622
172623
172641
172644
172645
172646
172647
172651
172656
172657
172658
172660
172662
172663
172664
172666
172667
172720
172722
172723
172728
172729
172730
172732
172733
172734
172735
172865
172868
172869
172870
172871
172875
172880
172882
172883
172888
172889
172890
172892
172893
172894
172895
172899
172905
172908
172909
172910
172911
174096
174097
174098
174100
174101
174102
174103
174104
174106
174107
174147
174153
174156
174157
174158
174159
174177
174180
174181
174182
174183
174187
174192
174193
174194
174196
174197
174198
174199
174200
174202
174203
174256
174258
174259
174264
174265
174266
174268
174269
174270
174271
174531
174537
174540
174541
174542
174543
174561
174564
174565
174566
174567
174571
174576
174577
174578
174580
174581
174582
174583
174584
174586
174587
174640
174642
174643
174648
174649
174650
174652
174653
174654
174655
174736
174737
174738
174740
174741
174742
174743
174744
174746
174747
174785
174788
174789
174790
174791
174795
174800
174802
174803
174808
174809
174810
174812
174813
174814
174815
174819
174825
174828
174829
174830
174831
175425
175428
175429
175430
175431
175435
175440
175442
175443
175448
175449
175450
175452
175453
175454
175455
175459
175465
175468
175469
175470
175471
246273
246279
246283
246303
246307
246313
246317
246433
246439
246443
246453
246613
247812
247813
247814
247836
247838
247852
247854
247855
247932
247934
247948
247950
247972
247974
247988
247990
248319
248323
248329
248333
248353
248359
248363
248452
248454
248476
248478
248492
248494
248532
248534
249169
249172
249174
249175
249179
253968
253969
253970
253972
253974
253975
253976
253978
253979
254028
254030
254031
254052
254053
254054
254064
254065
254066
254067
254071
254072
254073
254074
254075
254077
254128
254130
254131
254136
254137
254138
254140
254141
254142
254415
254437
254448
254449
254450
254451
254455
254456
254457
254458
254459
254461
254479
254501
254512
254513
254514
254515
254519
254520
254521
254522
254523
254525
254597
254608
254609
254610
254611
254615
254616
254617
254618
254619
254621
254639
254661
254672
254673
254674
254675
254679
254680
254681
254682
254683
254685
254703
255987
255993
255996
255997
255998
256012
256014
256015
256036
256037
256038
256049
256052
256054
256055
256059
256132
256133
256134
256147
256153
256156
256157
256158
256172
256174
256175
256209
256215
256216
256218
256219
256517
256528
256530
256531
256536
256537
256538
256541
256559
256624
256626
256627
256632
256633
256634
256637
256655
256677
256688
256689
256690
256695
256696
256698
256699
256848
256849
256850
256855
256856
256858
256859
259396
259397
259398
259408
259410
259411
259416
259417
259418
259420
259421
259422
259436
259438
259439
