65663
65667
65673
66044
66046
66060
66062
66084
66086
66177
66183
66187
66261
67568
67570
67576
67578
67632
67633
67634
67639
67640
67642
67643
67717
67728
67730
67731
67736
67737
67738
67741
67759
67793
67799
67803
68100
68102
68124
68125
68126
68140
68142
68211
68217
68221
68239
68261
68273
68279
68283
68436
68438
73535
73621
73664
73665
73666
73667
73671
73672
73673
73674
73675
73677
73695
73696
73697
73698
73699
73703
73704
73705
73706
73707
73709
73717
73791
73877
73920
73921
73922
73923
73927
73928
73929
73930
73931
73933
73948
73950
73951
73952
73954
73955
73959
73960
73961
73962
73965
74260
74261
74262
74304
74306
74307
74312
74313
74314
74316
74317
74318
74336
74337
74338
74340
74342
74343
74344
74346
74347
74356
74357
74358
74428
74430
74431
74560
74561
74562
74564
74566
74567
74571
74588
74590
74591
74595
74601
74604
74605
74606
75792
75793
75794
75799
75800
75802
75803
75855
75877
75888
75889
75890
75892
75894
75895
75899
75952
75954
75955
75960
75961
75962
75965
76227
76233
76236
76237
76238
76239
76257
76260
76261
76262
76263
76267
76273
76276
76277
76278
76279
76283
76339
76345
76348
76349
76350
76433
76436
76438
76439
76443
76484
76485
76486
76499
76505
76508
76509
76510
76524
76526
76527
77125
77136
77138
77139
77144
77145
77146
77167
147519
147605
147648
147649
147650
147651
147655
147656
147657
147658
147659
147660
147661
147662
147679
147680
147681
147682
147683
147684
147686
147687
147688
147689
147690
147691
147693
147700
147701
147702
147989
148032
148033
148034
148035
148036
148038
148039
148040
148041
148042
148043
148045
148060
148062
148063
148064
148065
148066
148067
148071
148072
148073
148074
148075
148076
148077
148078
148085
148159
148244
148245
148246
148288
148289
148290
148291
148295
148296
148297
148298
148299
148300
148301
148302
148319
148320
148321
148322
148323
148324
148326
148327
148328
148329
148330
148331
148333
148340
148341
148342
148412
148414
148415
149568
149569
149570
149572
149574
149575
149576
149578
149579
149596
149598
149599
149600
149602
149603
149608
149609
149610
149611
149612
149613
149614
149621
149820
149822
149823
149908
149909
149910
149952
149953
149954
149955
149956
149958
149959
149960
149961
149962
149963
149965
149980
149982
149983
149984
149985
149986
149987
149991
149992
149993
149994
149995
149996
149997
149998
150005
150079
150165
150208
150209
150210
150211
150215
150216
150217
150218
150219
150220
150221
150222
150239
150240
150241
150242
150243
150244
150246
150247
150248
150249
150250
150251
150253
150260
150261
150262
150804
150805
150806
150848
150850
150851
150856
150857
150858
150860
150861
150862
150880
150881
150882
150884
150886
150887
150888
150890
150891
150900
150901
150902
150972
150974
150975
155669
155712
155713
155714
155715
155716
155718
155719
155720
155721
155722
155723
155725
155740
155742
155743
155744
155745
155746
155747
155751
155752
155753
155754
155755
155756
155757
155758
155765
155839
155964
155966
155967
156052
156053
156054
156096
156097
156098
156100
156102
156103
156104
156106
156107
156124
156126
156127
156128
156130
156131
156136
156137
156138
156140
156141
156142
156352
156354
156355
156360
156361
156362
156364
156365
156366
156383
156384
156385
156386
156388
156390
156391
156392
156394
156395
156404
156405
156406
157500
157502
157503
157588
157589
157590
157632
157633
157634
157636
157638
157639
157640
157642
157643
157660
157662
157663
157664
157666
157667
157672
157673
157674
157676
157677
157678
157888
157890
157891
157896
157897
157898
157900
157901
157902
157920
157921
157922
157924
157926
157927
157928
157930
157931
157940
157941
157942
158272
158273
158274
158276
158278
158279
158280
158282
158283
158300
158302
158303
158304
158306
158307
158312
158313
158314
158316
158317
158318
158484
158485
158486
158528
158530
158531
158536
158537
158538
158540
158541
158542
158560
158561
158562
158564
158566
158567
158568
158570
158571
158580
158581
158582
158652
158654
158655
161044
161045
161046
161088
161089
161090
161091
161095
161096
161097
161098
161099
161100
161101
161102
161119
161120
161121
161122
161123
161126
161127
161128
161129
161130
161131
161133
161141
161212
161214
161215
229180
229182
229183
229268
229269
229270
229312
229313
229314
229315
229316
229318
229319
229320
229322
229323
229331
229336
229337
229340
229341
229342
229343
229346
229347
229352
229353
229354
229356
229357
229358
229359
294933
294976
294977
294980
294994
294998
295003
295170
295179
295251
295255
295258
295278
295679
295939
295943
295944
295945
295946
295955
295959
295960
295961
295962
295980
295981
295982
296008
296009
296024
296025
296044
296045
296124
296125
296126
296204
296205
296220
296221
296222
296227
296232
296233
296268
296269
296270
296284
296285
296286
296291
296295
296296
296297
296298
296371
296375
296376
296377
296378
296696
296697
296700
296701
297980
297982
299020
299021
299022
299036
299037
299038
299039
299042
299043
299047
299048
299049
299050
299086
299087
299102
299103
299104
299105
299106
299107
299108
299109
299110
299111
299114
299115
299186
299187
299190
299191
299192
299194
299195
299279
299295
299296
299297
299298
299300
299301
299302
299307
299343
299359
299360
299361
299362
299364
299365
299366
299371
299377
299380
299381
299440
299441
299442
299444
299445
299446
299451
299760
299761
299762
299763
299764
299765
299766
299767
299770
299771
300047
300063
300064
300065
300066
300068
300069
300070
300075
300080
300081
300082
300084
300085
300086
300091
300111
300128
300129
300132
300133
300134
300139
300144
300145
300146
300148
300149
300150
300155
300175
300191
300192
300193
300194
300196
300197
300198
300203
300208
300209
300210
300212
300213
300214
300219
300324
300325
300336
300337
300338
300339
300340
300341
300342
300343
300346
300347
300400
300401
300402
300403
300404
300405
300406
300407
300408
300409
300410
300411
300428
300429
300430
300431
300446
300447
300448
300449
300450
300451
300452
300453
300454
300455
300456
300457
300458
300459
300751
300767
300768
300769
300770
300772
300773
300774
300779
300784
300785
300788
300789
302031
302048
302049
302052
302053
302064
302065
302066
302068
302069
302070
302075
307187
307191
307192
307193
307194
