49980
49983
50112
50115
50124
50127
50160
50163
50172
50175
52224
52227
52236
52239
52272
52275
52281
52284
52286
52287
52373
52416
52418
52419
52425
52428
52430
52431
52453
52464
52466
52467
52473
52476
52478
52479
52821
52992
52994
52995
53001
53004
53006
53007
53029
53040
53042
53043
53049
53052
53054
53055
53141
53184
53186
53187
53193
53196
53198
53199
53221
53232
53234
53235
53241
53244
53246
53247
58709
61440
61442
61443
61449
61452
61454
61455
61477
61488
61490
61491
61497
61500
61502
61503
61589
61632
61634
61635
61641
61644
61646
61647
61669
61680
61682
61683
61689
61692
61694
61695
62037
62208
62210
62211
62217
62220
62222
62223
62245
62256
62258
62259
62265
62266
62268
62269
62270
62271
62357
62358
62400
62401
62402
62403
62409
62410
62412
62413
62414
62415
62437
62438
62448
62449
62450
62451
62457
62458
62460
62461
62462
62463
63829
63830
64512
64513
64514
64515
64521
64522
64524
64525
64526
64527
64549
64550
64560
64561
64562
64563
64569
64570
64572
64573
64574
64575
64660
64661
64662
64704
64705
64706
64707
64712
64713
64714
64715
64716
64717
64718
64719
64740
64741
64742
64743
64752
64753
64754
64755
64760
64761
64762
64763
64764
64765
64766
64767
65108
65109
65110
65111
65280
65281
65282
65283
65288
65289
65290
65291
65292
65293
65294
65295
65316
65317
65318
65319
65328
65329
65330
65331
65336
65337
65338
65339
65340
65341
65342
65343
65428
65429
65430
65431
65472
65473
65474
65475
65480
65481
65482
65483
65484
65485
65486
65487
65508
65509
65510
65511
65520
65521
65522
65523
65528
65529
65530
65531
65532
65533
65534
65535
136529
136532
136533
136534
136535
136536
136539
212993
212996
212997
212998
212999
213000
213002
213003
213011
213017
213020
213021
213022
213023
213027
213032
213033
213034
213036
213037
213038
213039
213107
213113
213116
213117
213118
213119
213120
213122
213123
213128
213129
213130
213132
213133
213134
213135
213153
213156
213157
213158
213159
213160
213162
213163
213169
213172
213173
213174
213175
213179
213491
213497
213500
213501
213502
213503
213504
213506
213507
213512
213513
213514
213516
213517
213518
213519
213537
213540
213541
213542
213543
213544
213546
213547
213553
213556
213557
213558
213559
213563
213632
213633
213634
213636
213637
213638
213639
213640
213642
213643
213651
213657
213660
213661
213662
213663
213667
213672
213673
213674
213676
213677
213678
213679
213713
213716
213717
213718
213719
213723
215027
215033
215036
215037
215038
215039
215040
215042
215043
215048
215049
215050
215052
215053
215054
215055
215072
215073
215074
215076
215077
215078
215079
215080
215082
215083
215089
215092
215093
215094
215095
215099
215169
215172
215173
215174
215175
215176
215178
215179
215187
215193
215196
215197
215198
215199
215200
215202
215203
215208
215209
215210
215212
215213
215214
215215
215249
215252
215253
215254
215255
215259
215553
215556
215557
215558
215559
215560
215562
215563
215571
215577
215580
215581
215582
215583
215584
215586
215587
215592
215593
215594
215596
215597
215598
215599
215667
215673
215676
215677
215678
215679
215683
215689
215692
215693
215694
215695
215713
215716
215717
215718
215719
215720
215722
215723
215729
215732
215733
215734
215735
215739
215889
215892
215893
215894
215895
215899
221171
221177
221180
221181
221182
221183
221184
221186
221187
221193
221196
221197
221198
221199
221217
221220
221221
221222
221223
221227
221233
221236
221237
221238
221239
221243
221312
221313
221314
221316
221317
221318
221319
221323
221331
221337
221340
221341
221342
221343
221347
221352
221353
221354
221356
221357
221358
221359
221393
221396
221397
221398
221399
221403
221696
221697
221698
221700
221701
221702
221703
221704
221706
221707
221715
221721
221724
221725
221726
221727
221728
221730
221731
221736
221737
221738
221740
221741
221742
221743
221811
221817
221820
221821
221822
221823
221824
221826
221827
221832
221833
221834
221836
221837
221838
221839
221856
221857
221858
221860
221861
221862
221863
221867
221873
221876
221877
221878
221879
221883
222033
222036
222037
222038
222039
222043
223232
223233
223234
223236
223237
223238
223239
223243
223251
223257
223260
223261
223262
223263
223264
223266
223267
223273
223276
223277
223278
223279
223347
223353
223356
223357
223358
223359
223360
223362
223363
223368
223369
223370
223372
223373
223374
223375
223392
223393
223394
223396
223397
223398
223399
223400
223402
223403
223409
223412
223413
223414
223415
223419
223731
223737
223740
223741
223742
223743
223744
223746
223747
223752
223753
223754
223756
223757
223758
223759
223776
223777
223778
223780
223781
223782
223783
223784
223786
223787
223793
223796
223797
223798
223799
223803
223872
223873
223874
223876
223877
223878
223879
223880
223882
223883
223891
223897
223900
223901
223902
223903
223904
223906
223907
223912
223913
223914
223916
223917
223918
223919
223953
223956
223957
223958
223959
223963
224593
224596
224597
224598
224599
224603
295040
295042
295048
295050
295424
295426
295552
295554
295560
295562
295584
295586
296960
296961
296962
296967
296968
296970
296971
296991
296995
297001
297005
297087
297091
297096
297097
297098
297101
297121
297127
297131
297141
297472
297504
297506
297525
297601
297607
297608
297610
297611
297631
297632
297634
297635
297640
297641
297642
297645
297685
298325
303104
303105
303106
303108
303109
303110
303111
303115
303123
303129
303132
303133
303134
303135
303139
303145
303148
303149
303150
303151
303228
303230
303231
303232
303235
303241
303244
303245
303246
303247
303265
303268
303269
303270
303271
303275
303281
303284
303285
303286
303287
303291
303612
303614
303615
303616
303618
303619
303625
303628
303629
303630
303648
303649
303650
303652
303654
303655
303659
303668
303669
303670
303745
303748
303750
303751
303755
303772
303774
303775
303779
303784
303785
303786
303788
303789
303790
303828
303829
303830
305151
305152
305154
305155
305160
305161
305162
305165
305184
305185
305186
305191
305192
305194
305195
305205
305280
305281
305282
305287
305288
305290
305291
305311
305315
305321
305325
305364
305365
305366
305665
305668
305670
305671
305672
305674
305675
305692
305694
305695
305696
305698
305699
305704
305705
305706
305708
305709
305710
305788
305790
305791
305792
305794
305795
305800
305801
305802
305804
305805
305806
305824
305825
305826
305828
305830
305831
305832
305834
305835
305844
305845
305846
306004
306005
306006
308561
308564
308565
308566
308567
308571
