16395
16484
16501
16568
16700
16701
16773
16784
16786
16791
16849
16852
16854
17101
17127
17648
17649
17650
17655
17659
17937
17940
17941
17942
17987
17991
17992
17993
17994
18012
18014
18019
18025
18029
18111
18244
18245
18256
18258
18263
18264
18266
18267
18287
19248
19249
19254
19259
19331
19336
19337
19338
19358
19363
19369
21311
21396
21397
21398
21440
21441
21442
21444
21445
21446
21451
21456
21458
21459
21463
21464
21465
21466
21484
21486
21487
22549
22592
22593
22594
22596
22597
22598
22599
22602
22603
22610
22611
22615
22616
22617
22618
22620
22621
22636
22637
22638
22639
22719
22796
22797
22798
22799
22816
22817
22818
22820
22821
22822
22823
22827
22836
22837
22838
22899
22904
22905
22906
22908
22909
22910
22924
22925
22926
22927
22943
22944
22945
22946
22948
22950
22951
22952
22954
22955
22965
23280
23282
23283
23287
23288
23289
23290
23293
23828
23829
23830
23872
23873
23874
23875
23876
23878
23879
23880
23881
23882
23883
23891
23897
23900
23901
23902
23903
23907
23912
23913
23914
23916
23917
23918
23999
27840
27841
27842
27846
27847
27848
27850
27851
27859
27864
27865
27868
27869
27870
27884
27885
27886
28156
28157
28158
28169
28172
28173
28174
28191
28192
28194
28199
28200
28202
28203
28272
28274
28275
28279
28280
28281
28282
28303
28321
28324
28325
28326
28331
28340
28341
28342
102387
102393
102396
102397
102398
102399
107857
107860
107861
107862
107863
107867
110592
110593
110596
110597
110598
110599
110600
110602
110603
110611
110617
110620
110621
110622
110623
110624
110626
110627
110632
110633
110634
110636
110637
110638
110639
110707
110713
110716
110717
110718
110719
110720
110722
110723
110728
110729
110730
110732
110733
110734
110735
110752
110753
110754
110756
110757
110758
110759
110760
110762
110763
110769
110772
110773
110774
110775
110779
111091
111097
111100
111101
111102
111103
111104
111106
111107
111112
111113
111114
111116
111117
111118
111119
111136
111137
111138
111140
111141
111142
111143
111144
111146
111147
111153
111156
111157
111158
111159
111163
111232
111233
111234
111236
111237
111238
111239
111240
111242
111243
111251
111257
111260
111261
111262
111263
111264
111266
111267
111272
111273
111274
111276
111277
111278
111279
111313
111316
111317
111318
111319
111323
112590
112591
112612
112613
112614
112624
112625
112626
112628
112629
112630
112631
112632
112634
112635
112655
112677
112688
112689
112690
112691
112694
112695
112696
112697
112698
112699
112701
112769
112772
112773
112774
112775
112779
112784
112786
112787
112791
112792
112793
112794
112796
112797
112798
112812
112814
112815
112848
112849
112850
112852
112853
112854
112855
112856
112858
112859
113152
113153
113154
113156
113157
113158
113159
113160
113162
113163
113171
113177
113180
113181
113182
113183
113184
113186
113187
113192
113193
113194
113196
113197
113198
113199
113267
113272
113273
113276
113277
113278
113279
113283
113289
113292
113293
113294
113295
113312
113313
113314
113316
113317
113318
113319
113322
113323
113329
113332
113333
113334
113335
113339
113489
113492
113493
113494
113495
113499
176130
176131
176137
176140
176141
176142
176143
176161
176164
176165
176166
176167
176171
176177
176180
176181
176182
176183
176187
176257
176260
176261
176262
176263
176267
176275
176281
176284
176285
176286
176287
176291
176297
176300
176301
176302
176303
176337
176340
176341
176342
176343
176346
176347
176641
176644
176645
176646
176647
176651
176656
176658
176659
176664
176665
176666
176668
176669
176670
176671
176675
176681
176684
176685
176686
176687
176754
176755
176760
176761
176764
176765
176766
176767
176771
176777
176780
176781
176782
176783
176801
176804
176805
176806
176807
176811
176816
176817
176818
176820
176821
176822
176823
176824
176826
176827
176976
176977
176978
176980
176981
176982
176983
176984
176986
176987
178163
178169
178172
178173
178174
178175
178178
178179
178184
178185
178186
178188
178189
178190
178207
178208
178209
178210
178211
178212
178214
178215
178216
178217
178218
178219
178221
178228
178229
178297
178300
178301
178302
178303
178304
178306
178307
178312
178313
178314
178316
178317
178318
178335
178336
178337
178338
178339
178340
178342
178343
178344
178345
178346
178347
178349
178356
178357
178674
178675
178680
178681
178682
178684
178685
178686
178687
178691
178697
178700
178701
178702
178703
178721
178724
178725
178726
178727
178731
178736
178737
178740
178741
178742
178743
178747
178816
178817
178818
178820
178821
178822
178823
178824
178826
178827
178835
178841
178844
178845
178846
178847
178851
178856
178857
178860
178861
178862
178863
178897
178900
178901
178902
178903
178907
245785
245862
245939
246148
246150
246168
246170
246191
246229
246476
246478
246496
246498
246991
247012
247013
247014
247028
247029
247030
247300
247301
247302
247312
247314
247319
247320
247322
247323
247343
247372
247373
247374
247391
247392
247394
247399
247400
247402
247484
247485
247486
247633
247636
247637
247638
248626
248631
248632
248634
248703
248704
248706
248711
248732
248733
248748
248749
248750
250681
250684
250685
250686
250752
250753
250756
250757
250758
250763
250768
250769
250770
250771
250775
250776
250777
250778
250779
250799
250833
250836
250837
250838
250843
251905
251908
251909
251910
251920
251921
251922
251923
251924
251926
251927
251928
251929
251930
251931
251951
251971
251976
251977
251980
251981
251982
251998
251999
252000
252001
252002
252003
252004
252006
252007
252008
252009
252010
252011
252083
252088
252089
252092
252093
252094
252208
252209
252210
252211
252215
252216
252217
252218
252219
252287
252288
252289
252290
252291
252294
252295
252296
252297
252298
252299
252307
252312
252313
252316
252317
252318
252323
252329
252332
252333
252334
252620
252622
252623
252640
252641
252642
252644
252645
252646
252651
252657
252660
252661
252662
252667
253253
253264
253265
253266
253268
253269
253270
253271
253272
253274
253275
253295
257219
257225
257228
257229
257230
257247
257248
257250
257251
257255
257256
257257
257258
257259
257535
257536
257538
257539
257543
257544
257546
257564
257565
257566
257571
257577
257580
257581
257582
257615
257633
257636
257637
257638
257649
257652
257653
257654
257659
257712
257713
257714
257719
257720
257722
257723
