16433
16582
16608
16610
16965
17004
17006
17178
17282
17293
17316
17319
17335
17365
18708
18710
18711
18812
18815
18831
18853
18864
18866
18877
19527
19531
19553
19560
19562
19563
19565
19573
19969
19975
19976
19978
19979
20001
20008
20010
20011
20020
20022
20112
20114
20115
20121
20124
20126
20176
20179
20185
20188
20190
20207
20308
20310
20311
25680
25681
25682
25688
25690
25691
25693
26060
26063
26085
26096
26098
26099
26105
26109
26110
26163
26169
26172
26174
26175
26261
26304
26305
26306
26312
26313
26314
26317
26340
26342
26343
26347
26353
26356
26358
26359
26363
28933
28934
28956
28959
28960
28962
28963
28969
28972
28974
28975
29060
29061
29062
29063
29087
29088
29090
29091
29097
29100
29101
29102
29103
29109
29137
29138
29143
29144
29146
29147
29149
30725
30726
30736
30738
30739
30745
30748
30749
30750
30751
30755
30761
30764
30766
30767
30849
30852
30854
30855
30856
30858
30859
30880
30881
30882
30887
30888
30889
30890
30891
30893
30900
30901
30902
30903
30929
30932
30933
30934
30935
30939
31253
31296
31299
31305
31308
31310
31311
31333
31344
31345
31346
31347
31352
31353
31354
31355
31356
31357
31358
31408
31411
31417
31420
31422
31423
31552
31553
31554
31555
31560
31561
31562
31563
31564
31565
31566
31588
31590
31591
31595
31601
31604
31606
31607
31608
31610
31611
32080
32081
32082
32083
32088
32089
32090
32091
32092
32093
32094
32111
102464
102465
102466
102468
102469
102470
102471
102472
102474
102475
102483
102489
102492
102493
102494
102495
102496
102498
102499
102504
102505
102506
102508
102509
102510
102707
102713
102716
102717
102718
102719
102801
102804
102805
102806
102807
102811
102848
102849
102850
102852
102853
102854
102855
102856
102858
102859
102867
102873
102876
102877
102878
102879
102880
102882
102883
102888
102889
102890
102892
102893
102894
102895
103104
103106
103107
103112
103113
103114
103116
103117
103118
103119
103136
103137
103138
103140
103141
103142
103143
103144
103146
103147
103153
103156
103157
103158
103159
103163
104255
104384
104386
104387
104392
104393
104394
104396
104397
104398
104399
104417
104420
104421
104422
104423
104427
104433
104436
104438
104439
104440
104442
104443
104499
104508
104510
104511
104596
104597
104598
104640
104641
104642
104643
104644
104647
104648
104649
104650
104651
104653
104671
104672
104673
104674
104675
104676
104679
104680
104681
104682
104683
104685
104692
104693
104694
105024
105025
105026
105028
105030
105031
105032
105034
105035
105052
105054
105055
105056
105057
105058
105059
105064
105065
105066
105068
105069
105070
105077
105236
105237
105238
105243
105280
105282
105283
105288
105289
105290
105292
105293
105294
105295
105312
105313
105314
105316
105317
105318
105319
105320
105322
105323
105329
105332
105333
105334
105335
105339
105395
105401
105404
105405
105406
105407
181524
181525
181526
181531
181568
181570
181571
181576
181577
181578
181580
181581
181582
181600
181601
181602
181604
181606
181607
181608
181610
181611
181620
181621
181622
181692
181694
181695
184383
184469
184512
184513
184514
184515
184519
184520
184521
184522
184523
184524
184525
184526
184543
184544
184545
184546
184547
184548
184550
184551
184552
184553
184554
184555
184557
184564
184565
184566
184853
184896
184897
184898
184899
184900
184902
184903
184904
184905
184906
184907
184909
184924
184926
184927
184928
184929
184930
184931
184935
184936
184937
184938
184939
184940
184941
184942
184949
185023
185108
185109
185110
185152
185153
185154
185155
185159
185160
185161
185162
185163
185164
185165
185166
185183
185184
185185
185186
185187
185188
185190
185191
185192
185193
185194
185195
185197
185204
185205
185206
185276
185278
185279
186433
186436
186437
186438
186439
186443
186451
186457
186460
186461
186462
186463
186464
186466
186467
186473
186474
186476
186477
186478
186479
186684
186686
186687
186772
186773
186774
186816
186817
186818
186819
186820
186822
186823
186824
186825
186826
186827
186829
186844
186846
186847
186848
186849
186850
186851
186855
186856
186857
186858
186859
186860
186861
186862
186869
186943
187072
187074
187075
187080
187081
187082
187084
187085
187086
187104
187105
187106
187108
187110
187111
187112
187114
187115
187124
187125
187126
187127
187131
187665
187668
187669
187670
187671
187672
187674
187675
187724
187726
187727
187748
187749
187750
187760
187761
187762
187763
187767
187768
187769
187770
187771
187773
187791
187813
187824
187826
187827
187832
187833
187834
187836
187837
187838
187839
192316
192318
192319
192404
192405
192406
192448
192449
192450
192452
192454
192455
192456
192457
192458
192459
192476
192478
192479
192480
192482
192483
192487
192488
192489
192490
192492
192493
192494
262180
262199
262364
262366
262383
262721
262728
262753
262763
262991
263013
263032
263034
263037
263100
263102
264452
264454
264480
264482
264483
264489
264493
264580
264582
264608
264611
264617
264663
264667
265300
265303
265307
265523
265529
265532
265534
265535
265621
265622
265665
265672
265674
265675
265697
265704
265706
265707
265717
265718
265935
265957
265968
265970
265976
265978
265981
271376
271377
271378
271383
271384
271386
271387
271389
271484
271487
271488
271490
271491
271497
271500
271501
271502
271503
271524
271525
271526
271537
271543
271544
271546
271547
271888
271890
271896
271897
271898
271901
272000
272002
272003
272008
272009
272010
272013
272014
272036
272038
272039
272049
272052
272054
272055
272059
272085
272197
272211
272217
272220
272222
272223
272236
272239
274756
274757
274758
274780
274782
274783
274784
274786
274787
274793
274796
274798
274799
275663
275696
275698
275699
275705
275708
275709
275710
275711
276052
276053
276054
276055
276225
276226
276228
276230
276231
276232
276234
276235
276237
276256
276257
276258
276259
276263
276264
276265
276266
276267
276269
276276
276277
276278
276356
276357
276358
276359
276371
276377
276380
276382
276383
276384
276386
276387
276393
276396
276397
276398
276399
276432
276433
276434
276436
276438
276439
276440
276442
276443
276445
277260
277262
277263
277285
277296
277297
277298
277299
277304
277305
277306
277308
277309
277310
277393
277396
277398
277399
277403
277441
277444
277446
277447
277448
277451
277472
277473
277474
277475
277480
277481
277482
277483
277485
277486
277493
