49428
49429
49472
49473
49476
49477
49488
49489
49492
49493
50176
50177
50180
50181
50192
50193
50196
50197
50198
50203
50240
50241
50242
50244
50245
50246
50251
50256
50257
50258
50260
50261
50262
50267
50287
50367
50432
50433
50434
50436
50437
50438
50443
50448
50449
50450
50452
50453
50454
50459
50479
50496
50497
50498
50500
50501
50502
50507
50512
50513
50514
50516
50517
50518
50523
50543
50623
50943
53248
53249
53250
53252
53253
53254
53259
53264
53265
53266
53268
53269
53270
53275
53295
53312
53313
53314
53316
53317
53318
53323
53328
53329
53330
53332
53333
53334
53339
53359
53439
53504
53505
53506
53508
53509
53510
53515
53520
53521
53522
53524
53525
53526
53527
53530
53531
53551
53568
53569
53570
53571
53572
53573
53574
53575
53578
53579
53584
53585
53586
53587
53588
53589
53590
53591
53594
53595
53614
53615
53694
53695
54015
54272
54273
54274
54275
54276
54277
54278
54279
54282
54283
54288
54289
54290
54291
54292
54293
54294
54295
54298
54299
54318
54319
54336
54337
54338
54339
54340
54341
54342
54343
54344
54345
54346
54347
54352
54353
54354
54355
54356
54357
54358
54359
54360
54361
54362
54363
54380
54381
54382
54383
54460
54462
54463
54528
54529
54530
54531
54532
54533
54534
54535
54536
54537
54538
54539
54544
54545
54546
54547
54548
54549
54550
54551
54552
54553
54554
54555
54572
54573
54574
54575
54592
54593
54594
54595
54596
54597
54598
54599
54600
54601
54602
54603
54608
54609
54610
54611
54612
54613
54614
54615
54616
54617
54618
54619
54636
54637
54638
54639
54716
54717
54718
54719
55036
55037
55038
55039
56318
56319
61439
147443
147448
147449
147452
147453
147454
147455
196608
196610
196611
196616
196617
196618
196620
196621
196622
196623
196640
196641
196642
196644
196645
196646
196647
196648
196650
196651
196657
196660
196661
196662
196663
196667
196737
196740
196741
196742
196743
196747
196755
196761
196764
196765
196766
196767
196770
196771
196776
196777
196778
196780
196781
196782
196783
196817
196820
196821
196822
196823
196827
197120
197121
197122
197124
197125
197126
197127
197128
197130
197131
197139
197145
197148
197149
197150
197151
197155
197161
197164
197165
197166
197167
197235
197241
197244
197245
197246
197247
197248
197250
197251
197257
197260
197261
197262
197263
197281
197284
197285
197286
197287
197291
197297
197300
197301
197302
197303
197307
197457
197460
197461
197462
197463
197467
198656
198657
198658
198660
198661
198662
198663
198664
198666
198667
198675
198681
198684
198685
198686
198687
198690
198691
198697
198700
198701
198702
198703
198771
198777
198780
198781
198782
198783
198787
198793
198796
198797
198798
198799
198817
198820
198821
198822
198823
198824
198826
198827
198833
198836
198837
198838
198839
198843
199155
199161
199164
199165
199166
199167
199171
199177
199180
199181
199182
199183
199201
199204
199205
199206
199207
199211
199217
199220
199221
199222
199223
199227
199297
199300
199301
199302
199303
199307
199315
199321
199324
199325
199326
199327
199328
199330
199331
199337
199340
199341
199342
199343
199377
199380
199381
199382
199383
199387
200017
200020
200021
200022
200023
200027
204801
204804
204805
204806
204807
204811
204819
204825
204828
204829
204830
204831
204835
204841
204844
204845
204846
204847
204915
204921
204924
204925
204926
204927
204928
204930
204931
204936
204937
204938
204940
204941
204942
204943
204961
204964
204965
204966
204967
204968
204970
204971
204977
204980
204981
204982
204983
204987
205299
205305
205308
205309
205310
205311
205312
205314
205315
205320
205321
205322
205324
205325
205326
205327
205345
205348
205349
205350
205351
205355
205361
205364
205365
205366
205367
205371
205440
205441
205442
205444
205445
205446
205447
205451
205459
205465
205468
205469
205470
205471
205475
205481
205484
205485
205486
205487
205521
205524
205525
205526
205527
205531
206835
206841
206844
206845
206846
206847
206851
206857
206860
206861
206862
206863
206881
206884
206885
206886
206887
206888
206890
206891
206897
206900
206901
206902
206903
206907
206977
206980
206981
206982
206983
206984
206986
206987
206995
207001
207004
207005
207006
207007
207011
207017
207020
207021
207022
207023
207057
207060
207061
207062
207063
207067
207360
207361
207362
207364
207365
207366
207367
207371
207379
207385
207388
207389
207390
207391
207395
207401
207404
207405
207406
207407
207475
207481
207484
207485
207486
207487
207491
207496
207497
207498
207500
207501
207502
207503
207521
207524
207525
207526
207527
207531
207537
207540
207541
207542
207543
207547
207697
207700
207701
207702
207703
207707
210257
210260
210261
210262
210263
210267
278560
278562
278568
278570
278656
278658
278664
278666
278696
278698
279048
279050
279080
279082
279168
279170
279176
279178
279200
279202
280575
280579
280584
280585
280586
280589
280609
280615
280616
280618
280619
280629
280704
280705
280706
280711
280712
280714
280715
280735
280739
280745
280749
280789
281088
281090
281119
281215
281219
281224
281225
281226
281229
281249
281255
281259
281269
286707
286713
286716
286717
286718
286719
286720
286722
286723
286729
286732
286733
286734
286735
286752
286753
286754
286756
286757
286758
286759
286763
286769
286772
286773
286774
286775
286779
286848
286849
286850
286852
286853
286854
286855
286858
286859
286867
286873
286876
286877
286878
286879
286883
286888
286889
286890
286892
286893
286894
286895
286932
286933
286934
287232
287233
287234
287236
287238
287239
287243
287260
287262
287263
287264
287266
287267
287272
287273
287274
287276
287277
287278
287356
287358
287359
287363
287368
287369
287370
287372
287373
287374
287392
287393
287394
287396
287398
287399
287400
287403
287412
287413
287414
287572
287573
287574
288769
288775
288776
288778
288779
288799
288800
288802
288803
288808
288809
288810
288813
288892
288894
288895
288896
288898
288899
288905
288909
288929
288935
288939
288949
289276
289278
289279
289283
289288
289289
289290
289292
289293
289294
289313
289316
289318
289319
289320
289322
289323
289332
289333
289334
289408
289409
289410
289412
289414
289415
289416
289418
289419
289436
289438
289439
289440
289442
289443
289448
289449
289450
289452
289453
289454
289492
289493
289494
290133
