49152
49154
49288
49290
49320
49322
49664
49666
49672
49674
49832
51200
51201
51202
51207
51208
51210
51211
51231
51235
51240
51241
51242
51245
51327
51328
51330
51331
51336
51337
51338
51341
51360
51361
51362
51367
51371
51381
51712
51714
51752
51754
51765
51841
51847
51851
51871
51872
51874
51875
51881
51885
51925
52565
57345
57348
57349
57350
57351
57355
57363
57369
57372
57373
57374
57375
57376
57379
57385
57388
57389
57390
57391
57468
57470
57471
57475
57481
57484
57485
57486
57487
57504
57505
57506
57508
57509
57510
57511
57515
57521
57524
57525
57526
57527
57531
57852
57854
57855
57859
57864
57865
57866
57868
57869
57870
57888
57889
57890
57892
57894
57895
57896
57899
57908
57909
57910
57985
57988
57990
57991
57995
58012
58014
58015
58019
58024
58025
58026
58028
58029
58030
58068
58069
58070
59391
59395
59401
59405
59425
59431
59432
59434
59435
59445
59520
59521
59522
59527
59528
59530
59531
59551
59555
59561
59565
59604
59605
59606
59905
59908
59910
59911
59912
59914
59915
59932
59934
59935
59938
59939
59944
59945
59946
59948
59949
59950
60028
60030
60031
60032
60034
60035
60041
60044
60045
60046
60064
60065
60066
60068
60070
60071
60074
60075
60084
60085
60086
60244
60245
60246
62801
62804
62805
62806
62807
62811
131072
131073
131074
131076
131077
131078
131079
131080
131082
131083
131091
131097
131100
131101
131102
131103
131107
131112
131113
131114
131116
131117
131118
131119
131187
131193
131196
131197
131198
131199
131203
131208
131209
131210
131212
131213
131214
131215
131233
131236
131237
131238
131239
131240
131242
131243
131249
131252
131253
131254
131255
131259
131571
131577
131580
131581
131582
131583
131584
131586
131587
131593
131596
131597
131598
131599
131617
131620
131621
131622
131623
131627
131633
131636
131637
131638
131639
131643
131712
131713
131714
131716
131717
131718
131719
131723
131731
131737
131740
131741
131742
131743
131744
131746
131747
131753
131756
131757
131758
131759
131793
131796
131797
131798
131799
131803
133107
133113
133116
133117
133118
133119
133120
133122
133123
133128
133129
133130
133132
133133
133134
133135
133152
133153
133154
133156
133157
133158
133159
133160
133162
133163
133169
133172
133173
133174
133175
133179
133249
133252
133253
133254
133255
133256
133258
133259
133267
133273
133276
133277
133278
133279
133280
133282
133283
133289
133292
133293
133294
133295
133329
133332
133333
133334
133335
133339
133633
133636
133637
133638
133639
133640
133642
133643
133651
133657
133660
133661
133662
133663
133664
133666
133667
133673
133676
133677
133678
133679
133747
133753
133756
133757
133758
133759
133760
133762
133763
133768
133769
133770
133772
133773
133774
133775
133792
133793
133794
133796
133797
133798
133799
133800
133802
133803
133809
133812
133813
133814
133815
133819
133969
133972
133973
133974
133975
133979
139251
139257
139260
139261
139262
139263
139267
139272
139273
139274
139276
139277
139278
139279
139296
139297
139298
139300
139301
139302
139303
139307
139313
139316
139317
139318
139319
139323
139392
139393
139394
139396
139397
139398
139399
139400
139402
139403
139411
139417
139420
139421
139422
139423
139424
139426
139427
139433
139436
139437
139438
139439
139473
139476
139477
139478
139479
139483
139776
139777
139778
139780
139781
139782
139783
139784
139786
139787
139795
139801
139804
139805
139806
139807
139811
139817
139820
139821
139822
139823
139891
139897
139900
139901
139902
139903
139907
139912
139913
139914
139916
139917
139918
139919
139937
139940
139941
139942
139943
139944
139946
139947
139953
139956
139957
139958
139959
139963
140113
140116
140117
140118
140119
140123
141312
141313
141314
141316
141317
141318
141319
141323
141331
141337
141340
141341
141342
141343
141344
141346
141347
141352
141353
141354
141356
141357
141358
141359
141427
141433
141436
141437
141438
141439
141443
141449
141452
141453
141454
141455
141473
141476
141477
141478
141479
141480
141482
141483
141489
141492
141493
141494
141495
141499
141811
141817
141820
141821
141822
141823
141827
141832
141833
141834
141836
141837
141838
141839
141856
141857
141858
141860
141861
141862
141863
141867
141873
141876
141877
141878
141879
141883
141952
141953
141954
141956
141957
141958
141959
141963
141971
141977
141980
141981
141982
141983
141984
141986
141987
141992
141993
141994
141996
141997
141998
141999
142033
142036
142037
142038
142039
142043
142673
142676
142677
142678
142679
142683
218449
218452
218453
218454
218455
218456
218459
295740
295743
295872
295875
295884
295887
295920
295923
295932
295935
297984
297987
297996
297999
298032
298035
298041
298044
298046
298047
298133
298176
298178
298179
298185
298188
298190
298191
298213
298224
298226
298227
298233
298236
298238
298239
298581
298752
298754
298755
298761
298764
298766
298767
298789
298800
298802
298803
298809
298812
298814
298815
298901
298944
298946
298947
298953
298956
298958
298959
298981
298992
298994
298995
299001
299004
299006
299007
304469
307200
307202
307203
307209
307212
307214
307215
307237
307248
307250
307251
307257
307260
307262
307263
307349
307392
307394
307395
307401
307404
307406
307407
307429
307440
307442
307443
307449
307452
307454
307455
307797
307968
307970
307971
307977
307980
307982
307983
308005
308016
308018
308019
308025
308026
308028
308029
308030
308031
308117
308118
308160
308161
308162
308163
308169
308170
308172
308173
308174
308175
308197
308198
308208
308209
308210
308211
308217
308218
308220
308221
308222
308223
309589
309590
310272
310273
310274
310275
310281
310282
310284
310285
310286
310287
310309
310310
310320
310321
310322
310323
310329
310330
310332
310333
310334
310335
310420
310421
310422
310464
310465
310466
310467
310472
310473
310474
310475
310476
310477
310478
310479
310500
310501
310502
310503
310512
310513
310514
310515
310520
310521
310522
310523
310524
310525
310526
310527
310868
310869
310870
310871
311040
311041
311042
311043
311048
311049
311050
311051
311052
311053
311054
311055
311076
311077
311078
311079
311088
311089
311090
311091
311096
311097
311098
311099
311100
311101
311102
311103
311188
311189
311190
311191
311232
311233
311234
311235
311240
311241
311242
311243
311244
311245
311246
311247
311268
311269
311270
311271
311280
311281
311282
311283
311288
311289
311290
311291
311292
311293
311294
311295
