16537
16592
16605
16963
16969
16996
16998
17015
17216
17218
17229
17255
17268
17270
18517
18691
18697
18700
18702
18724
18726
18737
18743
18747
18832
18834
18840
18842
18845
18899
18905
18910
18927
19199
19712
19714
19720
19722
19725
19745
19751
19755
19764
19766
19845
19859
19865
19868
19870
19887
19920
19922
19928
19930
19933
24917
25600
25602
25603
25609
25612
25613
25614
25636
25637
25638
25639
25649
25652
25654
25655
25656
25659
25744
25745
25746
25747
25752
25753
25754
25757
25797
25808
25810
25811
25817
25820
25821
25822
25836
25839
26176
26177
26178
26184
26185
26186
26189
26209
26212
26215
26216
26219
26228
26229
26230
26389
26435
26441
26444
26446
26468
26469
26470
26481
26487
26488
26491
26556
26559
27644
27647
29696
29697
29698
29699
29704
29705
29706
29709
29710
29729
29732
29734
29735
29736
29739
29748
29749
29750
29751
29755
29829
29840
29842
29843
29849
29850
29852
29853
29854
29868
29870
29871
29893
29904
29905
29906
29907
29912
29913
29914
29915
29916
29917
29918
29935
30229
30230
30272
30274
30275
30280
30281
30282
30284
30285
30286
30287
30305
30308
30309
30310
30311
30315
30321
30324
30326
30327
30328
30330
30331
30396
30398
30399
30528
30529
30530
30531
30535
30536
30537
30538
30539
30541
30560
30561
30562
30564
30566
30567
30568
30570
30571
30573
30580
30581
30582
30583
30655
99397
99408
99409
99410
99411
99415
99416
99417
99418
99419
99421
99439
99599
99621
99632
99633
99634
99635
99639
99640
99641
99642
99643
99645
99716
99717
99718
99728
99729
99730
99731
99735
99736
99737
99738
99739
99741
99742
99756
99759
99781
99792
99793
99794
99795
99796
99798
99799
99800
99801
99802
99803
99805
99823
100047
100069
100080
100081
100082
100083
100087
100088
100089
100090
100091
100093
103180
103182
103183
103204
103205
103206
103216
103217
103218
103220
103222
103223
103224
103225
103226
103227
103300
103301
103302
103312
103313
103314
103315
103319
103320
103321
103322
103324
103325
103326
103340
103342
103343
103376
103377
103378
103379
103380
103382
103383
103384
103385
103386
103387
103389
103407
104709
104720
104721
104722
104723
104727
104728
104729
104730
104731
104732
104733
104734
104748
104751
104783
104805
104816
104817
104818
104819
104823
104824
104825
104826
104827
104828
104829
104830
104844
104846
104847
104868
104869
104870
104880
104881
104882
104883
104884
104886
104887
104888
104889
104890
104891
104893
105541
105552
105553
105554
105555
105559
105560
105561
105562
105563
105565
105583
105743
105765
105776
105777
105778
105779
105784
105785
105786
105788
105789
105790
105872
105873
105874
105876
105878
105879
105880
105882
105883
105921
105924
105925
105926
105927
105931
105939
105945
105948
105949
105950
105951
105952
105955
105961
105964
105965
105966
105967
106188
106190
106191
106212
106213
106214
106224
106225
106226
106227
106228
106231
106232
106233
106234
106235
106237
109775
109797
109808
109809
109810
109811
109815
109816
109817
109818
109819
109820
109821
109822
110149
110160
110161
110162
110163
110164
110166
110167
110168
110169
110170
110171
110173
110191
110340
110341
110342
110352
110353
110354
110355
110359
110360
110361
110362
110363
110364
110365
110366
110380
110382
110383
110415
110437
110448
110449
110450
110451
110455
110456
110457
110458
110459
110460
110461
110462
110476
110478
110479
110500
110501
110502
110512
110513
110514
110515
110516
110518
110519
110520
110521
110522
110523
110525
184581
184592
184593
184594
184595
184596
184599
184600
184601
184602
184603
184605
184623
184652
184655
184677
184678
184688
184689
184690
184691
184692
184695
184696
184697
184698
184699
184701
184719
184741
184752
184753
184754
184755
184759
184760
184761
184762
184763
184765
184766
185551
185573
185584
185585
185586
185587
185591
185592
185593
185594
185595
185596
185597
185598
185936
185937
185938
185940
185942
185943
185944
185945
185946
185947
185949
186116
186117
186118
186128
186130
186131
186136
186137
186138
186140
186141
186142
186143
186147
186153
186156
186158
186159
186239
186240
186241
186242
186243
186248
186249
186250
186251
186252
186253
186254
186273
186274
186276
186277
186278
186279
186280
186282
186283
186289
186292
186293
186294
186295
186299
186325
187148
187151
187173
187184
187185
187186
187187
187191
187192
187193
187194
187195
187197
187269
187280
187281
187282
187283
187284
187287
187288
187289
187290
187291
187293
187311
187333
187334
187344
187345
187346
187347
187351
187352
187353
187354
187355
187357
187358
187372
187375
262158
262295
262376
262378
262736
262739
262745
262940
262942
263044
263046
263047
263085
263093
263131
264512
264514
264521
264550
264561
264568
264571
265237
265292
265295
265317
265328
265330
265337
265341
265404
265407
265744
265746
265753
265754
265757
265857
265864
265866
265867
265889
265895
265896
265899
265908
265910
265911
265940
265942
266053
266079
266080
266083
266089
266092
266094
266095
271617
271624
271626
271627
271629
271652
271654
271655
271659
271668
271670
271671
271675
271761
271762
271768
271770
271771
271773
271813
271814
271840
271842
271843
271849
271852
271854
271855
271861
274516
274517
274518
274736
274739
274745
274748
274750
274751
274837
274880
274882
274883
274889
274890
274892
274893
274894
274916
274917
274918
274919
274929
274935
274936
274938
274939
274941
275139
275148
275150
275151
275173
275184
275186
275187
275193
275196
275197
275198
275199
276545
276548
276549
276550
276551
276555
276576
276577
276578
276579
276584
276585
276586
276587
276588
276589
276590
276596
276597
276598
276996
276998
276999
277003
277024
277025
277026
277032
277033
277034
277035
277037
277044
277045
277046
277125
277136
277138
277139
277145
277148
277149
277150
277151
277164
277167
277189
277200
277202
277203
277209
277212
277214
277215
277219
277228
277230
277231
277329
277332
277334
277335
277336
277338
277339
277777
277780
277782
277783
277784
277786
277787
277789
277875
277884
277886
277887
277888
277890
277891
277897
277898
277900
277901
277902
277903
277924
277925
277926
277927
277936
277937
277938
277943
277944
277945
277946
277947
277949
277973
