49197
49295
49334
49613
49633
49639
49643
49724
49726
49809
49861
49880
49882
49903
50959
50981
50993
50998
50999
51003
51072
51073
51074
51078
51079
51083
51100
51101
51102
51116
51117
51118
51157
51440
51442
51448
51450
51780
51781
51782
51795
51800
51801
51805
51823
51988
51990
52035
52041
52045
52064
52066
52071
52074
56380
56381
56382
56383
56464
56465
56466
56468
56469
56470
56471
56475
56516
56517
56518
56528
56530
56531
56535
56536
56537
56538
56539
56541
56556
56558
56559
56832
56833
56834
56836
56838
56839
56840
56842
56843
56851
56857
56860
56861
56862
56863
56867
56872
56873
56874
56876
56877
56878
56879
56944
56946
56947
56951
56952
56953
56954
56955
56957
56972
56974
56975
56993
56996
56997
56998
57008
57009
57010
57012
57013
57014
57015
57018
57019
57172
57173
57174
58307
58312
58313
58314
58316
58317
58318
58335
58336
58337
58338
58342
58343
58344
58346
58347
58357
59664
59665
59666
59668
59670
59671
59675
59715
59721
59724
59725
59726
59743
59744
59745
59746
59748
59750
59751
59752
59754
59755
59765
59836
59837
59838
59839
60484
60485
60486
60496
60498
60499
60503
60504
60505
60506
60527
60684
60686
60687
60708
60709
60710
60721
60724
60725
60726
60731
60799
60800
60802
60807
60808
60810
60811
60828
60830
60831
60835
60840
60841
60845
61171
61176
61177
61178
61181
134144
134146
134147
134152
134153
134154
134156
134157
134158
134176
134177
134178
134180
134182
134183
134184
134186
134187
134196
134197
134198
134272
134273
134274
134276
134278
134279
134280
134282
134283
134297
134300
134302
134303
134304
134306
134307
134312
134313
134314
134316
134317
134318
134319
134353
134356
134357
134358
134359
134363
134656
134657
134658
134660
134661
134662
134663
134664
134666
134667
134675
134681
134684
134685
134686
134687
134688
134690
134691
134696
134697
134698
134700
134701
134702
134703
134771
134777
134780
134781
134782
134783
134784
134786
134787
134792
134793
134794
134796
134797
134798
134799
134816
134817
134818
134820
134821
134822
134823
134824
134826
134827
134833
134836
134837
134838
134839
134843
134993
134996
134997
134998
134999
135003
140289
140292
140293
140294
140295
140299
140307
140313
140316
140317
140318
140319
140323
140329
140332
140333
140334
140335
140403
140409
140412
140413
140414
140415
140419
140425
140428
140429
140430
140431
140449
140452
140453
140454
140455
140459
140465
140468
140469
140470
140471
140475
140787
140793
140796
140797
140798
140799
140800
140802
140803
140808
140809
140812
140813
140814
140815
140833
140836
140837
140838
140839
140842
140843
140849
140852
140853
140854
140855
140859
140929
140932
140933
140934
140935
140939
140947
140953
140956
140957
140958
140959
140963
140969
140972
140973
140974
140975
141009
141012
141013
141014
141015
141019
143697
143700
143701
143702
143703
143707
144387
144393
144396
144397
144398
144399
144416
144417
144420
144421
144422
144423
144426
144427
144433
144436
144437
144438
144439
144443
144512
144513
144514
144516
144517
144518
144519
144520
144522
144523
144531
144537
144540
144541
144542
144543
144544
144546
144547
144552
144553
144554
144556
144557
144558
144559
144593
144596
144597
144598
144599
144603
144892
144894
144895
144896
144897
144898
144899
144903
144904
144905
144906
144907
144909
144924
144926
144927
144928
144929
144930
144931
144935
144936
144937
144938
144939
144941
144949
145020
145022
145023
145024
145026
145027
145032
145033
145034
145036
145037
145038
145055
145056
145057
145058
145059
145060
145062
145063
145064
145066
145067
145076
145077
145078
145237
146419
146425
146428
146429
146430
146431
209916
209918
209919
211284
211285
211286
211968
211969
211970
211972
211974
211975
211976
211978
211979
211996
211998
211999
212000
212002
212003
212008
212009
212010
212012
212013
212014
212083
212089
212092
212093
212094
212095
212096
212098
212099
212104
212105
212106
212108
212109
212110
212111
212128
212129
212130
212132
212134
212135
212136
212138
212139
212145
212148
212149
212150
212431
212452
212453
212464
212465
212466
212467
212468
212469
212470
212471
212472
212473
212474
212475
212495
212516
212517
212518
212528
212529
212530
212531
212532
212534
212535
212536
212538
212539
212608
212609
212610
212612
212613
212614
212615
212618
212619
212626
212627
212632
212633
212634
212636
212637
212638
212639
212643
212649
212652
212653
212654
212655
212689
212692
212693
212694
212695
212699
278575
278600
278621
278815
278816
278818
278827
278896
278897
278900
278902
278907
278964
278965
279283
279288
279290
279603
279608
279609
279679
279683
279687
279688
279690
279705
279724
279725
279726
280000
280001
280002
280004
280005
280006
280011
280018
280019
280023
280024
280026
280046
280047
280127
280212
280213
280257
280260
280261
280272
280273
280274
280276
280278
280283
280303
281548
281549
281550
281567
281575
281578
282828
282830
282831
282847
282848
282849
282850
282852
282853
282854
282855
282859
283123
283127
283128
283129
283130
283148
283149
283150
283151
283166
283167
283168
283169
283170
283171
283172
283174
283175
283176
283178
283179
283215
283233
283236
283237
283248
283249
283250
283252
283253
283254
283259
283301
283312
283313
283314
283316
283317
283318
283323
283903
284229
284240
284241
284244
284245
284246
284251
284416
284417
284418
284420
284421
284422
284427
284432
284433
284434
284435
284436
284437
284438
284439
284440
284442
284443
284462
284463
284480
284482
284483
284487
284488
284489
284490
284491
284492
284493
284499
284504
284505
284508
284509
284510
284511
284514
284515
284519
284520
284521
284522
284524
284525
284526
284604
284605
284606
284607
284927
285268
285269
285440
285441
285442
285444
285445
285446
285447
285451
285456
285457
285458
285459
285460
285462
285463
285464
285465
285466
285467
285484
285486
285487
285507
285511
285512
285513
285514
285517
285523
285528
285529
285532
285533
285534
285539
285544
285545
285546
285548
285549
285550
285628
285629
285630
285631
290610
290611
290615
290616
290617
290618
290684
290685
290686
290691
290696
290697
290698
290701
290716
290717
290718
290723
290728
290729
290730
290732
290733
