16407
16478
16483
16489
16572
16655
16677
16693
16755
16760
16762
16800
16802
16811
17138
17541
17552
17553
17554
17558
17563
17617
17620
17621
17622
17868
17869
17870
17887
17890
17891
17895
17896
17898
17971
17976
17977
17981
18047
18048
18050
18055
18059
18067
18072
18073
18074
18092
18094
19395
19399
19400
19402
19421
19436
19437
20723
20727
20728
20729
20730
20733
20993
20996
20997
20998
21008
21009
21010
21012
21013
21014
21015
21019
21039
21056
21058
21059
21063
21064
21065
21066
21067
21075
21080
21081
21082
21084
21085
21100
21101
21102
21180
21182
21183
21317
21328
21329
21330
21332
21333
21334
21339
22287
22304
22305
22308
22309
22310
22315
22320
22321
22322
22324
22325
22326
22331
22387
22392
22393
22394
22396
22397
22398
22403
22408
22409
22412
22413
22414
22415
22428
22430
22431
22432
22433
22434
22435
22436
22438
22439
22440
22441
22442
22443
22757
22768
22769
22770
22771
22772
22773
22774
22775
22776
22778
22779
23039
23040
23041
23042
23043
23044
23045
23046
23047
23048
23050
23051
23058
23059
23063
23064
23065
23066
23069
23084
23085
23086
23087
23107
23112
23113
23116
23117
23118
23132
23133
23134
23135
23136
23138
23139
23143
23144
23145
23146
23147
23219
23224
23225
23226
23228
23229
23230
28428
28429
28430
28447
28448
28449
28450
28451
28454
28455
28456
28458
28459
28528
28529
28530
28532
28533
28534
28539
28580
28581
28592
28593
28596
28597
28598
28603
111422
111423
111508
111509
111552
111553
111554
111555
111558
111559
111560
111561
111562
111563
111565
111582
111583
111584
111585
111586
111587
111591
111592
111593
111594
111595
111596
111597
111605
112916
112917
112918
112960
112961
112962
112963
112967
112968
112969
112970
112971
112972
112973
112991
112992
112993
112994
112995
112998
112999
113000
113001
113002
113003
113005
113012
113013
113086
113087
113685
113728
113729
113730
113731
113732
113734
113735
113736
113737
113738
113739
113741
113756
113758
113759
113760
113761
113762
113763
113767
113768
113769
113770
113771
113772
113773
113774
113781
113855
113971
113977
113980
113981
113982
113983
114053
114064
114065
114066
114068
114069
114070
114071
114072
114074
114075
114113
114116
114117
114118
114123
114128
114129
114130
114131
114132
114134
114135
114136
114137
114138
114139
114141
114156
114158
114159
114370
114371
114376
114377
114378
114380
114381
114382
114383
114400
114401
114402
114404
114405
114406
114407
114408
114410
114411
114417
114420
114421
114422
166975
167061
167104
167105
167106
167107
167111
167112
167113
167114
167115
167116
167117
167118
167135
167136
167137
167138
167139
167140
167142
167143
167144
167145
167146
167147
167149
167156
167157
167158
167445
167488
167489
167490
167491
167492
167494
167495
167496
167497
167498
167499
167501
167516
167518
167519
167520
167521
167522
167523
167527
167528
167529
167530
167531
167532
167533
167534
167541
167615
167700
167701
167702
167744
167745
167746
167747
167751
167752
167753
167754
167755
167756
167757
167758
167776
167777
167778
167779
167780
167782
167783
167784
167786
167787
167789
167796
167797
167798
167868
167870
167871
173120
173121
173122
173124
173126
173127
173128
173130
173131
173148
173150
173151
173152
173154
173155
173160
173161
173162
173164
173165
173166
173372
173374
173375
173460
173461
173462
173504
173505
173506
173508
173510
173511
173512
173514
173515
173532
173534
173535
173536
173538
173539
173544
173545
173546
173548
173549
173550
173760
173762
173763
173768
173769
173770
173772
173773
173774
173792
173793
173794
173796
173798
173799
173800
173802
173803
173812
173813
173814
176401
176404
176405
176406
176407
176448
176450
176451
176456
176457
176458
176460
176461
176462
176463
176480
176481
176482
176484
176486
176487
176488
176490
176491
176500
176501
176502
176569
176572
176574
176575
177344
177346
177347
177351
177352
177353
177354
177355
177356
177357
177358
177375
177376
177377
177378
177379
177380
177382
177383
177384
177385
177386
177387
177389
177396
177397
177398
177684
177685
177686
177728
177729
177730
177731
177735
177736
177737
177738
177739
177741
177758
177759
177760
177761
177762
177763
177767
177768
177769
177770
177771
177773
177781
177852
177854
177855
177941
177984
177985
177986
177988
177990
177991
177992
177994
177995
178003
178009
178012
178013
178014
178015
178018
178019
178024
178025
178026
178028
178029
178030
178111
179004
179006
179007
179092
179093
179094
179136
179137
179138
179140
179142
179143
179144
179146
179147
179164
179166
179167
179168
179170
179171
179176
179177
179178
179180
179181
179182
245788
245874
245937
246216
246218
246239
246243
246249
246335
246421
246468
246470
246489
247555
247561
247565
247583
247584
247586
247591
247592
247594
247667
247673
247676
247677
247678
247692
247693
247694
247712
247713
247716
247718
247719
247723
247733
248060
248062
248401
248404
248406
248411
248581
248594
248600
248602
248623
248655
248676
248678
248692
248693
248755
248761
252937
252940
252941
252942
252943
252960
252961
252962
252964
252966
252967
252970
252971
252980
252981
252982
253052
253053
253054
253055
253059
253064
253065
253066
253068
253069
253070
253087
253088
253089
253090
253091
253095
253096
253097
253098
253099
253109
253388
253390
253391
253409
253412
253413
253414
253419
253424
253425
253426
253428
253429
253430
253431
253435
253488
253490
253491
253495
253496
253497
253498
253500
253501
253569
253572
253573
253574
253584
253585
253586
253587
253591
253592
253593
253594
253595
253597
253612
253614
253615
253648
253649
253650
253652
253653
253654
253655
253659
254963
254968
254969
254972
254973
254974
256325
256336
256337
256338
256342
256343
256344
256346
256347
256367
257029
257040
257041
257042
257044
257046
257047
257050
257051
257091
257097
257100
257101
257102
257119
257120
257121
257122
257126
257127
257128
257130
257131
257141
257209
257212
257213
257214
257337
257340
257341
257342
257424
257425
257426
257430
257431
257435
257477
257488
257489
257490
257495
257498
257499
257737
257740
257741
257742
257760
257761
257762
257766
257767
257770
257771
257781
