16402
16455
16473
16492
16652
16653
16670
16675
16680
16682
16719
16736
16737
16740
16742
16747
16818
17456
17457
17458
17460
17462
17467
17523
17527
17528
17529
17530
17548
17550
17567
17570
17575
17578
17724
17725
17726
17791
17792
17793
17794
17796
17798
17803
17811
17815
17816
17817
17818
17838
17839
18115
18120
18121
18122
18140
18141
18153
18156
18157
19428
19429
19445
20672
20673
20674
20676
20677
20678
20683
20688
20690
20691
20694
20695
20696
20697
20698
20699
20718
20719
20940
20941
20942
20956
20957
20958
20959
20962
20963
20967
20968
20969
20970
21043
21047
21048
21049
21050
21052
21053
21116
21117
21118
21123
21127
21128
21129
21130
21139
21144
21145
21146
21148
21149
21150
21161
21164
21165
21166
21711
21729
21732
21733
21744
21745
21746
21748
21749
21750
21751
21755
22012
22013
22014
22015
22016
22018
22019
22023
22024
22025
22026
22027
22028
22029
22035
22040
22041
22042
22044
22045
22046
22051
22055
22056
22057
22058
22060
22061
22062
22092
22093
22094
22095
22110
22111
22112
22113
22114
22115
22116
22117
22118
22119
22120
22121
22122
22123
22192
22194
22195
22198
22199
22200
22201
22202
22203
22205
23311
23328
23329
23332
23333
23334
23339
23344
23345
23346
23348
23349
23350
23355
23408
23409
23410
23411
23412
23413
23414
23415
23416
23418
23419
23438
23439
23455
23456
23457
23458
23460
23461
23462
23463
23467
23477
28479
28549
28560
28561
28564
28565
28566
28571
28612
28613
28624
28625
28626
28628
28629
28630
28635
113715
113721
113724
113725
113726
113727
113809
113812
113813
113814
113815
113819
113857
113860
113861
113862
113863
113867
113874
113875
113880
113881
113884
113885
113886
113887
113891
113897
113900
113901
113902
113903
114177
114180
114181
114182
114192
114193
114194
114195
114196
114198
114199
114200
114201
114202
114203
114205
114222
114223
114249
114252
114253
114254
114255
114273
114276
114277
114278
114279
114283
114288
114289
114290
114292
114293
114294
114295
114296
114298
114299
114352
114354
114355
114359
114360
114361
114362
114364
114365
114366
114500
114501
114512
114513
114514
114516
114517
114518
114519
114520
114522
114523
114543
164803
164809
164812
164813
164814
164815
164833
164836
164837
164838
164839
164843
164849
164852
164853
164854
164855
164859
166209
166212
166213
166214
166215
166219
166227
166233
166236
166237
166238
166239
166243
166249
166252
166253
166254
166255
166929
166932
166933
166934
166935
166939
166979
166985
166988
166989
166990
166991
167009
167012
167013
167014
167015
167019
167024
167025
167028
167029
167030
167031
167034
167035
167091
167097
167100
167101
167102
167103
167363
167369
167372
167373
167374
167375
167393
167396
167397
167398
167399
167403
167408
167409
167410
167412
167413
167414
167415
167416
167418
167419
167472
167474
167475
167480
167481
167482
167484
167485
167486
167487
167568
167569
167570
167572
167573
167574
167575
167576
167578
167579
167617
167620
167621
167622
167623
167627
167632
167634
167635
167640
167641
167642
167644
167645
167646
167647
167651
167657
167660
167661
167662
167663
172353
172356
172357
172358
172359
172363
172368
172370
172371
172376
172377
172378
172380
172381
172382
172383
172387
172393
172396
172397
172398
172399
173104
173106
173107
173112
173113
173114
173116
173117
173118
173200
173201
173202
173204
173206
173207
173208
173210
173211
173252
173253
173254
173264
173266
173267
173272
173273
173274
173276
173277
173278
173279
173292
173294
173295
173584
173585
173586
173588
173589
173590
173591
173592
173594
173595
173635
173641
173644
173646
173647
173665
173668
173669
173670
173671
173680
173681
173682
173684
173686
173687
173688
173690
173691
173744
173746
173747
173752
173753
173754
173756
173757
173758
173759
173889
173892
173893
173894
173895
173899
173904
173906
173907
173912
173913
173914
173916
173917
173918
173919
173923
173929
173932
173933
173934
173935
175052
175054
175055
175073
175076
175077
175078
175079
175088
175089
175090
175092
175094
175095
175096
175098
175099
177168
177169
177170
177172
177173
177174
177175
177176
177178
177179
177219
177225
177228
177229
177230
177231
177249
177252
177253
177254
177255
177259
177264
177265
177266
177268
177269
177270
177271
177272
177274
177275
177328
177330
177331
177336
177337
177338
177340
177341
177342
177343
177600
177602
177603
177608
177609
177610
177612
177613
177614
177632
177633
177634
177636
177638
177639
177640
177642
177643
177652
177653
177654
177715
177721
177724
177725
177726
177727
177809
177812
177813
177814
177815
177819
177856
177857
177860
177861
177862
177863
177867
177875
177881
177884
177885
177886
177887
177891
177897
177900
177901
177902
177903
245885
245924
245926
246223
246245
246260
246262
246323
246329
246416
246418
246487
247609
247612
247613
247614
247696
247697
247703
247707
247749
247760
247762
247767
247768
247770
247791
248012
248014
248033
248036
248038
248043
248053
248384
248386
248392
248394
248415
248419
248424
248425
248641
248647
248651
248668
248670
248685
253132
253134
253135
253153
253156
253157
253158
253163
253169
253172
253173
253174
253175
253179
253461
253504
253505
253506
253508
253510
253511
253512
253514
253515
253529
253532
253533
253534
253535
253539
253544
253545
253546
253548
253549
253550
253631
253716
253717
253718
253760
253761
253762
253763
253767
253768
253769
253770
253771
253773
253788
253790
253791
253792
253793
253794
253795
253799
253800
253801
253802
253803
253805
253887
254768
254770
254771
254776
254777
254778
254780
254781
254782
254853
254864
254865
254866
254867
254871
254872
254873
254874
254875
254895
254917
254928
254929
254930
254932
254934
254935
254936
254938
254939
256085
256256
256258
256259
256263
256264
256265
256266
256267
256284
256286
256287
256288
256290
256291
256296
256297
256298
256301
256371
256377
256380
256381
256382
256396
256397
256398
256399
256417
256420
256421
256422
256423
256427
256436
256437
256438
256767
257280
257281
257282
257284
257286
257287
257291
257308
257309
257310
257315
257321
257324
257325
257326
257394
257395
257400
257401
257402
257405
257423
257444
257445
257446
257457
257460
257462
257463
257467
