7
30
120
122
165
451
457
480
482
488
490
660
662
723
1804
1806
1825
1828
1830
1835
1844
1845
1919
1923
1928
1929
1930
1951
1954
1955
1960
1961
1962
2291
2297
2301
2640
2642
2647
2650
2832
2833
2839
2843
2892
2894
2913
2923
3004
3005
3006
7205
7216
7217
7218
7219
7223
7224
7225
7226
7227
7296
7297
7298
7300
7301
7302
7303
7307
7315
7320
7321
7322
7324
7325
7326
7340
7341
7342
7343
7377
7380
7381
7382
7667
7672
7673
7674
7676
7677
7678
7679
7683
7689
7692
7693
7694
7695
7712
7713
7714
7716
7717
7718
7719
7723
7729
7732
7733
7734
7739
7804
7806
7807
7808
7810
7811
7815
7816
7817
7818
7819
7821
7836
7838
7839
7840
7842
7843
7847
7848
7849
7850
7851
7853
9167
9188
9189
9200
9201
9202
9204
9206
9207
9210
9211
10517
10560
10561
10562
10564
10566
10567
10568
10570
10571
10579
10585
10588
10589
10590
10595
10601
10604
10605
10606
11285
11328
11329
11330
11335
11336
11338
11339
11356
11357
11358
11363
11369
11372
11373
11374
11455
11568
11570
11571
11575
11576
11578
11649
11652
11653
11654
11667
11672
11673
11674
11677
11692
11694
11695
11732
11733
11734
11983
12004
12005
12016
12017
12018
12020
12022
12023
12027
85007
85029
85040
85041
85042
85043
85047
85048
85049
85050
85051
85052
85053
85054
85125
85136
85137
85138
85139
85140
85142
85143
85144
85146
85147
85149
85188
85189
85190
85200
85202
85203
85208
85209
85210
85212
85213
85214
85228
85230
85231
85520
85521
85522
85524
85526
85527
85528
85530
85531
85580
85582
85583
85604
85605
85606
85616
85617
85618
85620
85622
85623
85624
85626
85627
85680
85682
85683
85688
85689
85690
85692
85693
85694
85828
85829
85830
85840
85842
85843
85848
85849
85850
85852
85853
85854
85855
85865
85868
85870
85871
91152
91153
91154
91156
91157
91158
91159
91160
91162
91163
91203
91209
91212
91213
91214
91215
91233
91236
91237
91238
91239
91243
91248
91249
91250
91252
91253
91254
91255
91256
91258
91259
91312
91314
91315
91320
91321
91322
91324
91325
91326
91327
91587
91593
91596
91597
91598
91599
91617
91620
91621
91622
91623
91627
91632
91633
91634
91636
91637
91638
91639
91640
91642
91643
91696
91698
91699
91704
91705
91706
91708
91709
91710
91711
91792
91793
91794
91796
91797
91798
91799
91800
91802
91803
91841
91844
91845
91846
91847
91851
91856
91858
91859
91864
91865
91866
91868
91869
91870
91871
91875
91881
91884
91885
91886
91887
94529
94532
94533
94534
94535
94539
94544
94546
94547
94552
94553
94554
94556
94557
94558
94559
94563
94569
94572
94573
94574
94575
95280
95282
95283
95288
95289
95290
95292
95293
95294
95295
95376
95377
95378
95380
95381
95382
95383
95384
95386
95387
95425
95428
95429
95430
95440
95442
95443
95448
95449
95450
95452
95453
95454
95468
95470
95471
95748
95749
95750
95760
95761
95762
95763
95767
95768
95769
95770
95771
95773
95788
95790
95791
95820
95822
95823
95844
95845
95846
95856
95857
95858
95859
95860
95862
95863
95864
95865
95866
95867
95869
95887
95909
95920
95921
95922
95923
95927
95928
95929
95930
95931
95933
96069
96080
96081
96082
96084
96086
96087
96088
96090
96091
96111
97219
97225
97228
97229
97230
97231
97249
97252
97253
97254
97255
97259
97264
97265
97266
97268
97269
97270
97271
97272
97274
97275
242636
242638
242639
242660
242661
242662
242672
242673
242674
242675
242676
242678
242679
242680
242681
242682
242683
242685
244036
244037
244038
244048
244049
244050
244051
244055
244056
244057
244058
244059
244060
244061
244062
244076
244078
244079
244741
244752
244753
244754
244755
244756
244758
244759
244760
244761
244762
244763
244765
244783
244812
244814
244815
244836
244837
244838
244848
244849
244850
244852
244854
244855
244856
244858
244859
244901
244912
244914
244915
244919
244920
244921
244922
244923
244924
244925
244926
245184
245186
245187
245191
245192
245193
245194
245196
245197
245198
245212
245214
245215
245216
245217
245218
245219
245222
245223
245224
245225
245226
245227
245229
245305
245308
245309
245310
245311
245392
245393
245396
245397
245398
245399
245403
245440
245441
245444
245445
245446
245447
245451
245456
245458
245459
245464
245465
245466
245468
245469
245470
245471
245475
245481
245484
245485
245486
245487
311369
311388
311486
311585
311588
311590
311666
311671
311695
311713
311716
311717
311718
312055
312380
312381
312382
312448
312449
312450
312452
312454
312459
312467
312471
312472
312474
312495
312771
312775
312776
312777
312778
312793
312796
312797
312798
312809
312812
312813
312892
312894
312961
312964
312965
312966
312976
312977
312978
312982
312983
312987
313007
313045
314313
314332
314334
314339
314344
314345
315632
315633
315634
315636
315637
315638
315643
315900
315901
315902
315903
315904
315906
315907
315911
315912
315913
315914
315915
315923
315928
315929
315930
315932
315933
315945
315948
315949
315950
315980
315981
315982
315998
315999
316000
316002
316003
316006
316007
316008
316009
316010
316011
316083
316087
316088
316089
316090
316093
317187
317191
317192
317193
317194
317196
317197
317198
317209
317212
317213
317214
317215
317218
317219
317223
317224
317225
317226
317228
317229
317262
317263
317280
317281
317284
317285
317286
317291
317296
317297
317298
317300
317301
317302
317303
317307
317349
317360
317361
317362
317363
317364
317365
317366
317367
317368
317369
317370
317371
317689
317692
317693
317694
317968
317969
317972
317973
317974
317979
318016
318017
318018
318020
318021
318022
318023
318026
318027
318032
318033
318034
318035
318038
318039
318040
318041
318042
318043
318060
318061
318062
318063
318143
318229
318272
318273
318274
318276
318277
318278
318283
318288
318289
318290
318292
318293
318294
318295
318298
318299
318319
323343
323364
323365
323376
323377
323380
323381
323382
323387
323443
323447
323448
323449
323450
323468
323470
323471
323487
323488
323489
323490
323494
323495
323499
