65552
65553
65602
65727
65795
65799
65802
65816
65817
65836
65837
65838
65884
65885
65897
65981
66572
66573
66574
66590
66595
66599
66602
66639
66655
66656
66657
66658
66660
66662
66667
66738
66743
66831
66848
66849
66852
66853
66868
66869
66928
66929
66930
66932
66933
66934
66939
66959
66976
66977
66980
66981
66982
66987
66997
67312
67313
67314
67316
67317
67318
67323
68595
68600
68601
68602
69682
69683
69686
69687
69690
69691
69747
69751
69752
69753
69754
69772
69773
69774
69788
69789
69790
69791
69795
69799
69800
69801
69802
69939
69944
69945
69948
69949
69950
70012
70013
70014
70019
70023
70024
70025
70026
70035
70039
70040
70041
70042
70044
70045
70057
70060
70061
70062
70339
70344
70345
70348
70349
70350
70361
70364
70365
70366
70371
70375
70376
70377
70378
70380
70381
70716
70717
70718
70719
70783
70784
70785
70786
70788
70789
70790
70791
70795
70800
70801
70802
70803
70804
70805
70806
70807
70810
70811
70830
70831
70868
70869
70975
71056
71057
71060
71061
71104
71105
71106
71108
71109
71110
71111
71114
71115
71120
71121
71122
71123
71124
71125
71126
71127
71128
71129
71130
71131
71148
71150
71151
71231
71296
71297
71300
71301
71302
71307
71312
71313
71314
71316
71317
71318
71323
71343
71360
71361
71362
71364
71365
71366
71371
71376
71377
71378
71380
71381
71382
71387
71407
72640
72641
72642
72643
72644
72645
72646
72647
72648
72649
72650
72651
72658
72659
72662
72663
72664
72665
72666
72667
72684
72685
72686
72687
77774
77775
77791
77792
77793
77794
77796
77797
77798
77803
163071
163413
163584
163585
163586
163587
163591
163592
163593
163594
163595
163596
163597
163598
163615
163616
163617
163618
163619
163622
163623
163624
163625
163626
163627
163629
163636
163637
163699
163704
163705
163708
163709
163710
163711
163714
163715
163720
163721
163722
163724
163725
163726
163743
163744
163745
163746
163747
163748
163750
163751
163752
163753
163754
163755
163757
163764
163765
213244
213246
213247
213588
213589
213590
213760
213761
213762
213763
213764
213766
213767
213768
213769
213770
213771
213773
213788
213790
213791
213792
213793
213794
213795
213799
213800
213801
213802
213803
213804
213805
213806
213813
213884
213886
213887
213888
213889
213890
213891
213895
213896
213897
213898
213899
213900
213901
213902
213919
213920
213921
213922
213923
213924
213926
213927
213928
213929
213930
213931
213933
213940
213941
213942
213973
215124
215125
215296
215297
215298
215299
215303
215304
215305
215306
215307
215308
215309
215310
215327
215328
215329
215330
215331
215332
215334
215335
215336
215337
215338
215339
215341
215348
215349
215350
215423
215424
215425
215426
215427
215428
215430
215431
215432
215433
215434
215435
215437
215452
215454
215455
215456
215457
215458
215459
215463
215464
215465
215466
215467
215468
215469
215470
215477
215508
215509
215510
215804
215806
215807
216149
216320
216321
216322
216323
216327
216328
216329
216330
216331
216333
216351
216352
216353
216354
216355
216359
216360
216361
216362
216363
216365
216373
216447
216448
216449
216450
216451
216455
216456
216457
216458
216459
216461
216479
216480
216481
216482
216483
216487
216488
216489
216490
216491
216493
216501
216533
216831
221268
221269
221270
221440
221441
221442
221443
221447
221448
221449
221450
221451
221453
221471
221472
221473
221474
221475
221479
221480
221481
221482
221483
221485
221493
221567
221568
221569
221570
221571
221575
221576
221577
221578
221579
221581
221599
221600
221601
221602
221603
221607
221608
221609
221610
221611
221613
221621
221653
221950
221951
222463
222805
222976
222977
222978
222979
222983
222984
222985
222986
222987
222989
223007
223008
223009
223010
223011
223015
223016
223017
223018
223019
223021
223029
223103
223104
223105
223106
223107
223111
223112
223113
223114
223115
223117
223135
223136
223137
223138
223139
223143
223144
223145
223146
223147
223149
223157
223189
223487
223829
224000
224001
224002
224003
224007
224008
224009
224010
224011
224013
224031
224032
224033
224034
224035
224039
224040
224041
224042
224043
224045
224053
224127
224128
224129
224130
224131
224135
224136
224137
224138
224139
224141
224159
224160
224161
224162
224163
224167
224168
224169
224170
224171
224173
224181
224213
226389
226560
226561
226562
226563
226564
226566
226567
226568
226569
226570
226571
226573
226588
226590
226591
226592
226593
226594
226595
226599
226600
226601
226602
226603
226604
226605
226606
226613
226684
226686
226687
226688
226690
226691
226696
226697
226698
226700
226701
226702
226719
226720
226721
226722
226724
226726
226727
226728
226730
226731
226740
226741
226742
227071
295073
295093
295411
295439
295461
295473
295479
295483
295556
295558
295636
295638
296899
296905
296908
296909
296928
296929
296935
296939
296949
297020
297022
297023
297108
297109
297110
297156
297158
297180
297181
297182
297196
297198
297488
297490
297495
297496
297498
297551
297573
297585
297591
297595
297651
297657
297661
297808
297810
297816
297818
302860
302861
302862
302863
302881
302884
302885
302886
302887
302891
302897
302900
302901
302902
302903
302907
302976
302977
302978
302980
302981
302982
302983
302984
302986
302987
302995
303001
303004
303005
303006
303007
303011
303016
303017
303020
303021
303022
303023
303057
303060
303061
303062
303347
303352
303353
303354
303356
303357
303358
303696
303697
303698
303700
303702
303703
303704
303706
303707
303876
303877
303878
303888
303890
303891
303895
303896
303897
303898
303901
303916
303918
303919
303951
303973
303984
303985
303986
303991
303992
303994
303995
304015
304037
304048
304049
304050
304051
304055
304056
304057
304058
304059
304061
305216
305217
305218
305223
305224
305226
305227
305244
305246
305247
305251
305256
305257
305258
305261
305459
305465
305468
305469
305470
305553
305556
305558
305559
305563
305604
305605
305606
305616
305618
305619
305624
305625
305626
305628
305629
305630
305644
305646
305647
305859
305865
305868
305869
305870
305889
305892
305894
305895
305899
305908
305909
305910
306453
306496
306498
306503
306504
306506
306527
306528
306530
306531
306536
306537
306538
306541
306623
