65583
65608
65629
65823
65824
65826
65835
65904
65905
65908
65910
65915
65972
65973
66291
66296
66298
66611
66616
66617
66687
66691
66695
66696
66698
66713
66732
66733
66734
67008
67009
67010
67012
67013
67014
67019
67026
67027
67031
67032
67034
67054
67055
67135
67220
67221
67265
67268
67269
67280
67281
67282
67284
67286
67291
67311
68556
68557
68558
68575
68583
68586
69836
69838
69839
69855
69856
69857
69858
69860
69861
69862
69863
69867
70131
70135
70136
70137
70138
70156
70157
70158
70159
70174
70175
70176
70177
70178
70179
70180
70182
70183
70184
70186
70187
70223
70241
70244
70245
70256
70257
70258
70260
70261
70262
70267
70309
70320
70321
70322
70324
70325
70326
70331
70911
71237
71248
71249
71252
71253
71254
71259
71424
71425
71426
71428
71429
71430
71435
71440
71441
71442
71443
71444
71445
71446
71447
71448
71450
71451
71470
71471
71488
71490
71491
71495
71496
71497
71498
71499
71500
71501
71507
71512
71513
71516
71517
71518
71519
71522
71523
71527
71528
71529
71530
71532
71533
71534
71612
71613
71614
71615
71935
72276
72277
72448
72449
72450
72452
72453
72454
72455
72459
72464
72465
72466
72467
72468
72470
72471
72472
72473
72474
72475
72492
72494
72495
72515
72519
72520
72521
72522
72525
72531
72536
72537
72540
72541
72542
72547
72552
72553
72554
72556
72557
72558
72636
72637
72638
72639
77618
77619
77623
77624
77625
77626
77692
77693
77694
77699
77704
77705
77706
77709
77724
77725
77726
77731
77736
77737
77738
77740
77741
160764
160766
160767
162132
162133
162134
162816
162817
162818
162820
162822
162823
162824
162826
162827
162844
162846
162847
162848
162850
162851
162856
162857
162858
162860
162861
162862
162931
162937
162940
162941
162942
162943
162944
162946
162947
162952
162953
162954
162956
162957
162958
162959
162976
162977
162978
162980
162982
162983
162984
162986
162987
162993
162996
162997
162998
163279
163300
163301
163312
163313
163314
163315
163316
163317
163318
163319
163320
163321
163322
163323
163343
163364
163365
163366
163376
163377
163378
163379
163380
163382
163383
163384
163386
163387
163456
163457
163458
163460
163461
163462
163463
163466
163467
163474
163475
163480
163481
163482
163484
163485
163486
163487
163491
163497
163500
163501
163502
163503
163537
163540
163541
163542
163543
163547
216064
216066
216067
216072
216073
216074
216076
216077
216078
216096
216097
216098
216100
216102
216103
216104
216106
216107
216116
216117
216118
216192
216193
216194
216196
216198
216199
216200
216202
216203
216217
216220
216222
216223
216224
216226
216227
216232
216233
216234
216236
216237
216238
216239
216273
216276
216277
216278
216279
216283
216576
216577
216578
216580
216581
216582
216583
216584
216586
216587
216595
216601
216604
216605
216606
216607
216608
216610
216611
216616
216617
216618
216620
216621
216622
216623
216691
216697
216700
216701
216702
216703
216704
216706
216707
216712
216713
216714
216716
216717
216718
216719
216736
216737
216738
216740
216741
216742
216743
216744
216746
216747
216753
216756
216757
216758
216759
216763
216913
216916
216917
216918
216919
216923
222209
222212
222213
222214
222215
222219
222227
222233
222236
222237
222238
222239
222243
222249
222252
222253
222254
222255
222323
222329
222332
222333
222334
222335
222339
222345
222348
222349
222350
222351
222369
222372
222373
222374
222375
222379
222385
222388
222389
222390
222391
222395
222707
222713
222716
222717
222718
222719
222720
222722
222723
222728
222729
222732
222733
222734
222735
222753
222756
222757
222758
222759
222762
222763
222769
222772
222773
222774
222775
222779
222849
222852
222853
222854
222855
222859
222867
222873
222876
222877
222878
222879
222883
222889
222892
222893
222894
222895
222929
222932
222933
222934
222935
222939
225617
225620
225621
225622
225623
225627
226307
226313
226316
226317
226318
226319
226336
226337
226340
226341
226342
226343
226346
226347
226353
226356
226357
226358
226359
226363
226432
226433
226434
226436
226437
226438
226439
226440
226442
226443
226451
226457
226460
226461
226462
226463
226464
226466
226467
226472
226473
226474
226476
226477
226478
226479
226513
226516
226517
226518
226519
226523
226812
226814
226815
226816
226817
226818
226819
226823
226824
226825
226826
226827
226829
226844
226846
226847
226848
226849
226850
226851
226855
226856
226857
226858
226859
226861
226869
226940
226942
226943
226944
226946
226947
226952
226953
226954
226956
226957
226958
226975
226976
226977
226978
226979
226980
226982
226983
226984
226986
226987
226996
226997
226998
227157
228339
228345
228348
228349
228350
228351
294957
295055
295094
295373
295393
295399
295403
295484
295486
295569
295621
295640
295642
295663
296719
296741
296753
296758
296759
296763
296832
296833
296834
296838
296839
296843
296860
296861
296862
296876
296877
296878
296917
297200
297202
297208
297210
297540
297541
297542
297555
297560
297561
297565
297583
297748
297750
297795
297801
297805
297824
297826
297831
297834
302140
302141
302142
302143
302224
302225
302226
302228
302229
302230
302231
302235
302276
302277
302278
302288
302290
302291
302295
302296
302297
302298
302299
302301
302316
302318
302319
302592
302593
302594
302596
302598
302599
302600
302602
302603
302611
302617
302620
302621
302622
302623
302627
302632
302633
302634
302636
302637
302638
302639
302704
302706
302707
302711
302712
302713
302714
302715
302717
302732
302734
302735
302753
302756
302757
302758
302768
302769
302770
302772
302773
302774
302775
302778
302779
302932
302933
302934
304067
304072
304073
304074
304076
304077
304078
304095
304096
304097
304098
304102
304103
304104
304106
304107
304117
305424
305425
305426
305428
305430
305431
305435
305475
305481
305484
305485
305486
305503
305504
305505
305506
305508
305510
305511
305512
305514
305515
305525
305596
305597
305598
305599
306244
306245
306246
306256
306258
306259
306263
306264
306265
306266
306287
306444
306446
306447
306468
306469
306470
306481
306484
306485
306486
306491
306559
306560
306562
306567
306568
306570
306571
306588
306590
306591
306595
306600
306601
306605
306931
306936
306937
306938
306941
