32789
32832
32833
32836
32850
32854
32859
33026
33035
33107
33111
33114
33134
33535
33795
33799
33800
33801
33802
33811
33815
33816
33817
33818
33836
33837
33838
33864
33865
33880
33881
33900
33901
33980
33981
33982
34060
34061
34076
34077
34078
34083
34088
34089
34124
34125
34126
34140
34141
34142
34147
34151
34152
34153
34154
34227
34231
34232
34233
34234
34552
34553
34556
34557
35836
35838
36876
36877
36878
36892
36893
36894
36895
36898
36899
36903
36904
36905
36906
36942
36943
36958
36959
36960
36961
36962
36963
36964
36965
36966
36967
36970
36971
37042
37043
37046
37047
37048
37050
37051
37135
37151
37152
37153
37154
37156
37157
37158
37163
37199
37215
37216
37217
37218
37220
37221
37222
37227
37233
37236
37237
37296
37297
37298
37300
37301
37302
37307
37616
37617
37618
37619
37620
37621
37622
37623
37626
37627
37903
37919
37920
37921
37922
37924
37925
37926
37931
37936
37937
37938
37940
37941
37942
37947
37967
37984
37985
37988
37989
37990
37995
38000
38001
38002
38004
38005
38006
38011
38031
38047
38048
38049
38050
38052
38053
38054
38059
38064
38065
38066
38068
38069
38070
38075
38180
38181
38192
38193
38194
38195
38196
38197
38198
38199
38202
38203
38256
38257
38258
38259
38260
38261
38262
38263
38264
38265
38266
38267
38284
38285
38286
38287
38302
38303
38304
38305
38306
38307
38308
38309
38310
38311
38312
38313
38314
38315
38607
38623
38624
38625
38626
38628
38629
38630
38635
38640
38641
38644
38645
39887
39904
39905
39908
39909
39920
39921
39922
39924
39925
39926
39931
45043
45047
45048
45049
45050
130876
130878
130879
130964
130965
130966
131008
131009
131010
131011
131012
131014
131015
131016
131018
131019
131027
131032
131033
131036
131037
131038
131039
131042
131043
131048
131049
131050
131052
131053
131054
131055
180287
180373
180416
180417
180418
180419
180423
180424
180425
180426
180427
180428
180429
180430
180447
180448
180449
180450
180451
180452
180454
180455
180456
180457
180458
180459
180461
180468
180469
180470
180757
180800
180801
180802
180803
180804
180806
180807
180808
180809
180810
180811
180813
180828
180830
180831
180832
180833
180834
180835
180839
180840
180841
180842
180843
180844
180845
180846
180853
180927
181012
181013
181014
181056
181057
181058
181059
181063
181064
181065
181066
181067
181068
181069
181070
181087
181088
181089
181090
181091
181092
181094
181095
181096
181097
181098
181099
181101
181108
181109
181110
181180
181182
181183
182336
182337
182338
182340
182342
182343
182344
182346
182347
182364
182366
182367
182368
182370
182371
182376
182377
182378
182379
182380
182381
182382
182389
182588
182590
182591
182676
182677
182678
182720
182721
182722
182723
182724
182726
182727
182728
182729
182730
182731
182733
182748
182750
182751
182752
182753
182754
182755
182759
182760
182761
182762
182763
182764
182765
182766
182773
182847
182933
182976
182977
182978
182979
182983
182984
182985
182986
182987
182988
182989
182990
183007
183008
183009
183010
183011
183012
183014
183015
183016
183017
183018
183019
183021
183028
183029
183030
183572
183573
183574
183616
183618
183619
183624
183625
183626
183628
183629
183630
183648
183649
183650
183652
183654
183655
183656
183658
183659
183668
183669
183670
183740
183742
183743
188437
188480
188481
188482
188483
188484
188486
188487
188488
188489
188490
188491
188493
188508
188510
188511
188512
188513
188514
188515
188519
188520
188521
188522
188523
188524
188525
188526
188533
188607
188732
188734
188735
188820
188821
188822
188864
188865
188866
188868
188870
188871
188872
188874
188875
188892
188894
188895
188896
188898
188899
188904
188905
188906
188908
188909
188910
189120
189122
189123
189128
189129
189130
189132
189133
189134
189151
189152
189153
189154
189156
189158
189159
189160
189162
189163
189172
189173
189174
190268
190270
190271
190356
190357
190358
190400
190401
190402
190404
190406
190407
190408
190410
190411
190428
190430
190431
190432
190434
190435
190440
190441
190442
190444
190445
190446
190656
190658
190659
190664
190665
190666
190668
190669
190670
190688
190689
190690
190692
190694
190695
190696
190698
190699
190708
190709
190710
191040
191041
191042
191044
191046
191047
191048
191050
191051
191068
191070
191071
191072
191074
191075
191080
191081
191082
191084
191085
191086
191252
191253
191254
191296
191298
191299
191304
191305
191306
191308
191309
191310
191328
191329
191330
191332
191334
191335
191336
191338
191339
191348
191349
191350
191420
191422
191423
193812
193813
193814
193856
193857
193858
193859
193863
193864
193865
193866
193867
193868
193869
193870
193887
193888
193889
193890
193891
193894
193895
193896
193897
193898
193899
193901
193909
193980
193982
193983
262271
262275
262281
262652
262654
262668
262670
262692
262694
262785
262791
262795
262869
264176
264178
264184
264186
264240
264241
264242
264247
264248
264250
264251
264325
264336
264338
264339
264344
264345
264346
264349
264367
264401
264407
264411
264708
264710
264732
264733
264734
264748
264750
264819
264825
264829
264847
264869
264881
264887
264891
265044
265046
270143
270229
270272
270273
270274
270275
270279
270280
270281
270282
270283
270285
270303
270304
270305
270306
270307
270311
270312
270313
270314
270315
270317
270325
270399
270485
270528
270529
270530
270531
270535
270536
270537
270538
270539
270541
270556
270558
270559
270560
270562
270563
270567
270568
270569
270570
270573
270868
270869
270870
270912
270914
270915
270920
270921
270922
270924
270925
270926
270944
270945
270946
270948
270950
270951
270952
270954
270955
270964
270965
270966
271036
271038
271039
271168
271169
271170
271172
271174
271175
271179
271196
271198
271199
271203
271209
271212
271213
271214
272400
272401
272402
272407
272408
272410
272411
272463
272485
272496
272497
272498
272500
272502
272503
272507
272560
272562
272563
272568
272569
272570
272573
272835
272841
272844
272845
272846
272847
272865
272868
272869
272870
272871
272875
272881
272884
272885
272886
272887
272891
272947
272953
272956
272957
272958
273041
273044
273046
273047
273051
273092
273093
273094
273107
273113
273116
273117
273118
273132
273134
273135
273733
273744
273746
273747
273752
273753
273754
273775
