16397
16438
16559
16600
16602
17009
17084
17086
17217
17227
17248
17250
17256
17258
18513
18519
18523
18736
18739
18745
18749
18836
18838
18839
18884
18886
18915
18921
19184
19186
19194
19197
19716
19718
19740
19743
19747
19753
19756
19758
19841
19848
19850
19851
19873
19874
19880
19882
19883
19893
19925
24901
24912
24914
24915
24921
24922
24924
24925
24926
24940
24943
25663
25749
25792
25794
25795
25800
25801
25802
25805
25825
25828
25830
25831
25835
25844
25846
25847
26181
26192
26194
26195
26201
26204
26205
26206
26220
26223
26384
26385
26386
26392
26394
26397
26492
26494
26495
26499
26508
26510
26511
26532
26533
26534
26545
26551
26552
26554
26555
27455
27584
27586
27587
27592
27593
27594
27596
27597
27598
27617
27620
27622
27623
27627
27633
27636
27638
27639
27643
29712
29713
29714
29715
29720
29721
29722
29723
29725
29743
29811
29820
29822
29823
29824
29826
29827
29833
29836
29837
29838
29839
29860
29861
29862
29863
29873
29876
29878
29879
29880
29882
29883
30209
30212
30213
30214
30215
30219
30227
30233
30236
30238
30239
30240
30242
30243
30249
30252
30253
30254
30255
30336
30337
30338
30343
30344
30345
30346
30347
30349
30368
30369
30370
30375
30376
30377
30378
30379
30381
30388
30389
30390
30420
30421
30422
30545
30548
30549
30550
30551
30552
30554
30555
99333
99344
99345
99346
99347
99348
99350
99351
99352
99353
99354
99355
99357
99375
99404
99406
99407
99428
99429
99430
99440
99441
99442
99444
99446
99447
99448
99450
99451
99471
99504
99505
99506
99507
99511
99512
99513
99514
99516
99517
99518
99788
99790
99791
99812
99813
99814
99819
99824
99825
99826
99828
99829
99830
99831
99832
99834
99835
99888
99890
99891
99896
99897
99898
99900
99901
99902
99984
99985
99986
99988
99990
99991
99992
99994
99995
100036
100037
100038
100048
100050
100051
100056
100057
100058
100060
100061
100062
100076
100078
100079
103363
103369
103372
103373
103374
103375
103393
103396
103397
103398
103399
103403
103408
103409
103410
103412
103413
103414
103415
103416
103418
103419
104769
104772
104773
104774
104775
104779
104784
104786
104787
104792
104793
104794
104796
104797
104798
104799
104803
104809
104812
104813
104814
104815
105488
105489
105490
105492
105493
105494
105495
105496
105498
105499
105539
105548
105550
105551
105572
105573
105574
105584
105585
105586
105588
105590
105591
105592
105594
105595
105648
105650
105651
105656
105657
105658
105660
105661
105662
105663
105935
105957
105968
105970
105971
105976
105977
105978
105980
105981
105982
105996
105998
105999
106020
106021
106022
106032
106033
106034
106035
106039
106040
106041
106042
106043
106045
106117
106128
106129
106130
106131
106135
106136
106137
106138
106139
106141
106159
106180
106181
106182
106192
106193
106194
106195
106199
106200
106201
106202
106203
106204
106205
106206
106220
106222
106223
109616
109618
109619
109624
109625
109626
109628
109629
109630
109631
109712
109713
109714
109716
109717
109718
109719
109720
109722
109723
109761
109764
109765
109766
109767
109771
109776
109778
109779
109784
109785
109786
109788
109789
109790
109791
109795
109801
109804
109805
109806
109807
110096
110097
110098
110100
110101
110102
110103
110104
110106
110107
110147
110153
110156
110157
110158
110159
110177
110180
110181
110182
110183
110187
110192
110193
110194
110196
110197
110198
110199
110200
110202
110203
110256
110258
110259
110264
110265
110266
110268
110269
110270
110271
110401
110404
110405
110406
110407
110411
110416
110418
110419
110424
110425
110426
110428
110429
110430
110431
110435
110441
110444
110445
110446
110447
184644
184645
184646
184656
184657
184658
184659
184663
184664
184665
184666
184667
184668
184669
184670
184684
184686
184687
185359
185381
185392
185393
185394
185395
185399
185400
185401
185402
185403
185404
185405
185406
185488
185489
185490
185492
185494
185495
185496
185497
185498
185499
185501
185519
185540
185541
185542
185552
185554
185555
185560
185561
185562
185564
185565
185566
185580
185582
185583
185876
185877
185878
185879
185883
185920
185923
185929
185932
185933
185934
185935
185953
185956
185957
185958
185959
185963
185968
185969
185970
185972
185973
185974
185975
185976
185978
185979
186032
186035
186041
186044
186045
186046
186047
186176
186177
186178
186180
186182
186183
186184
186186
186187
186189
186208
186209
186210
186211
186215
186216
186217
186218
186219
186221
186222
186228
186229
186230
187340
187342
187343
187364
187365
187366
187376
187377
187378
187379
187380
187382
187383
187384
187385
187386
187387
187389
262294
262347
262388
262749
262947
262956
262958
263045
263075
263084
263086
263087
263122
263133
264523
264545
264552
264555
264564
264566
265236
265238
265239
265344
265346
265347
265353
265356
265358
265381
265393
265400
265402
265405
265748
265750
265855
265859
265868
265870
265871
265893
265904
265906
265907
265913
265917
265918
266049
266056
266058
266059
266061
266084
266087
266091
266100
266102
266103
266107
271621
271632
271635
271641
271644
271646
271647
271660
271663
271748
271749
271750
271776
271778
271779
271785
271789
271790
271797
271825
271832
271834
271835
271837
274512
274514
274515
274521
274524
274526
274527
274944
274945
274946
274952
274953
274954
274955
274957
274980
274982
274983
274987
274993
274996
274999
275000
275002
275003
275089
275095
275096
275098
275099
275101
275140
275142
275143
275168
275169
275170
275176
275177
275178
275179
275181
275182
275189
275190
275284
275285
275286
275287
276564
276566
276567
276571
276799
276928
276930
276931
276937
276940
276942
276943
276965
276976
276978
276979
276985
276986
276988
276989
276990
276991
277040
277043
277049
277052
277054
277055
277141
277184
277186
277187
277193
277194
277196
277197
277198
277199
277220
277221
277222
277223
277232
277233
277234
277235
277240
277241
277242
277243
277245
277246
277761
277764
277766
277767
277768
277770
277771
277773
277793
277794
277796
277799
277800
277802
277803
277805
277812
277813
277814
277815
277819
277904
277905
277906
277907
277912
277913
277914
277915
277916
277917
277918
277919
277935
277957
277958
277968
277970
277971
277977
277980
277981
277982
277983
277984
277987
277993
277996
277998
277999
