66364
66367
66496
66499
66508
66511
66544
66547
66556
66559
68608
68611
68620
68623
68656
68659
68665
68668
68670
68671
68757
68800
68802
68803
68809
68812
68814
68815
68837
68848
68850
68851
68857
68860
68862
68863
69205
69376
69378
69379
69385
69388
69390
69391
69413
69424
69426
69427
69433
69436
69438
69439
69525
69568
69570
69571
69577
69580
69582
69583
69605
69616
69618
69619
69625
69628
69630
69631
75093
77824
77826
77827
77833
77836
77838
77839
77861
77872
77874
77875
77881
77884
77886
77887
77973
78016
78018
78019
78025
78028
78030
78031
78053
78064
78066
78067
78073
78076
78078
78079
78421
78592
78594
78595
78601
78604
78606
78607
78629
78640
78642
78643
78649
78650
78652
78653
78654
78655
78741
78742
78784
78785
78786
78787
78793
78794
78796
78797
78798
78799
78821
78822
78832
78833
78834
78835
78841
78842
78844
78845
78846
78847
80213
80214
80896
80897
80898
80899
80905
80906
80908
80909
80910
80911
80933
80934
80944
80945
80946
80947
80953
80954
80956
80957
80958
80959
81044
81045
81046
81088
81089
81090
81091
81096
81097
81098
81099
81100
81101
81102
81103
81124
81125
81126
81127
81136
81137
81138
81139
81144
81145
81146
81147
81148
81149
81150
81151
81492
81493
81494
81495
81664
81665
81666
81667
81672
81673
81674
81675
81676
81677
81678
81679
81700
81701
81702
81703
81712
81713
81714
81715
81720
81721
81722
81723
81724
81725
81726
81727
81812
81813
81814
81815
81856
81857
81858
81859
81864
81865
81866
81867
81868
81869
81870
81871
81892
81893
81894
81895
81904
81905
81906
81907
81912
81913
81914
81915
81916
81917
81918
81919
152913
152916
152917
152918
152919
152920
152923
229376
229377
229378
229380
229381
229382
229383
229384
229386
229387
229395
229401
229404
229405
229406
229407
229411
229416
229417
229418
229420
229421
229422
229423
229491
229497
229500
229501
229502
229503
229507
229513
229516
229517
229518
229519
229536
229537
229538
229540
229541
229542
229543
229544
229546
229547
229553
229556
229557
229558
229559
229563
229875
229881
229884
229885
229886
229887
229891
229897
229900
229901
229902
229903
229920
229921
229922
229924
229925
229926
229927
229930
229931
229937
229940
229941
229942
229943
229947
230016
230017
230018
230020
230021
230022
230023
230027
230035
230041
230044
230045
230046
230047
230051
230057
230060
230061
230062
230063
230097
230100
230101
230102
230103
230107
231411
231417
231420
231421
231422
231423
231427
231432
231433
231434
231436
231437
231438
231439
231456
231457
231458
231460
231461
231462
231463
231467
231473
231476
231477
231478
231479
231483
231553
231556
231557
231558
231559
231563
231571
231577
231580
231581
231582
231583
231587
231593
231596
231597
231598
231599
231633
231636
231637
231638
231639
231643
231936
231937
231938
231940
231941
231942
231943
231947
231955
231961
231964
231965
231966
231967
231968
231970
231971
231977
231980
231981
231982
231983
232051
232057
232060
232061
232062
232063
232067
232073
232076
232077
232078
232079
232097
232100
232101
232102
232103
232107
232113
232116
232117
232118
232119
232123
232273
232276
232277
232278
232279
232283
237555
237561
237564
237565
237566
237567
237568
237570
237571
237576
237577
237578
237580
237581
237582
237583
237600
237601
237602
237604
237605
237606
237607
237611
237617
237620
237621
237622
237623
237627
237697
237700
237701
237702
237703
237707
237715
237721
237724
237725
237726
237727
237728
237730
237731
237736
237737
237738
237740
237741
237742
237743
237777
237780
237781
237782
237783
237787
238081
238084
238085
238086
238087
238091
238099
238105
238108
238109
238110
238111
238112
238114
238115
238121
238124
238125
238126
238127
238195
238201
238204
238205
238206
238207
238211
238217
238220
238221
238222
238223
238241
238242
238244
238245
238246
238247
238251
238257
238260
238261
238262
238263
238267
238417
238420
238421
238422
238423
238427
239617
239620
239621
239622
239623
239627
239635
239641
239644
239645
239646
239647
239651
239657
239660
239661
239662
239663
239731
239737
239740
239741
239742
239743
239747
239753
239756
239757
239758
239759
239777
239780
239781
239782
239783
239787
239793
239796
239797
239798
239799
239803
240115
240121
240124
240125
240126
240127
240131
240137
240140
240141
240142
240143
240161
240164
240165
240166
240167
240171
240177
240180
240181
240182
240183
240187
240256
240257
240258
240260
240261
240262
240263
240264
240266
240267
240275
240281
240284
240285
240286
240287
240291
240296
240297
240298
240300
240301
240302
240303
240337
240340
240341
240342
240343
240347
240977
240980
240981
240982
240983
240987
311296
311298
311464
311466
311816
311818
311840
311842
311936
311938
311944
311946
311968
311970
311976
311978
313345
313351
313355
313375
313379
313385
313389
313471
313472
313474
313475
313481
313485
313505
313511
313515
313525
313888
313890
313896
313898
313909
313985
313991
313995
314015
314016
314018
314019
314024
314025
314026
314029
314069
314709
319489
319492
319493
319494
319495
319496
319498
319499
319507
319513
319516
319517
319518
319519
319520
319522
319523
319528
319529
319530
319532
319533
319534
319535
319612
319614
319615
319616
319618
319619
319624
319625
319626
319628
319629
319630
319631
319648
319649
319650
319652
319653
319654
319655
319656
319658
319659
319665
319668
319669
319670
319671
319675
319996
319998
319999
320000
320002
320003
320009
320012
320013
320014
320032
320033
320034
320036
320038
320039
320043
320052
320053
320054
320128
320129
320130
320132
320134
320135
320139
320156
320158
320159
320160
320162
320163
320168
320169
320170
320172
320173
320174
320212
320213
320214
321535
321539
321545
321549
321568
321569
321570
321575
321579
321589
321665
321671
321672
321674
321675
321695
321699
321705
321709
321748
321749
321750
322048
322049
322050
322052
322054
322055
322056
322059
322076
322078
322079
322083
322089
322092
322093
322094
322172
322174
322175
322176
322178
322179
322184
322185
322186
322188
322189
322190
322209
322212
322214
322215
322219
322228
322229
322230
322388
322389
322390
324945
324948
324949
324950
324951
324955
