49305
49360
49373
49731
49737
49764
49766
49783
49984
49986
49997
50023
50036
50038
51285
51459
51465
51468
51470
51492
51494
51505
51511
51515
51600
51602
51608
51610
51613
51667
51673
51678
51695
51967
52480
52482
52488
52490
52493
52513
52519
52523
52532
52534
52613
52627
52633
52636
52638
52655
52688
52690
52696
52698
52701
57685
58368
58370
58371
58377
58380
58381
58382
58404
58405
58406
58407
58417
58420
58422
58423
58424
58427
58512
58513
58514
58515
58520
58521
58522
58525
58565
58576
58578
58579
58585
58588
58589
58590
58604
58607
58944
58945
58946
58952
58953
58954
58957
58977
58980
58983
58984
58987
58996
58997
58998
59157
59203
59209
59212
59214
59236
59237
59238
59249
59255
59256
59259
59324
59327
60412
60415
62464
62465
62466
62467
62472
62473
62474
62477
62478
62497
62500
62502
62503
62504
62507
62516
62517
62518
62519
62523
62597
62608
62610
62611
62617
62618
62620
62621
62622
62636
62638
62639
62661
62672
62673
62674
62675
62680
62681
62682
62683
62684
62685
62686
62703
62997
62998
63040
63042
63043
63048
63049
63050
63052
63053
63054
63055
63073
63076
63077
63078
63079
63083
63089
63092
63094
63095
63096
63098
63099
63164
63166
63167
63296
63297
63298
63299
63303
63304
63305
63306
63307
63309
63328
63329
63330
63332
63334
63335
63336
63338
63339
63341
63348
63349
63350
63351
63423
132165
132176
132177
132178
132179
132183
132184
132185
132186
132187
132189
132207
132367
132389
132400
132401
132402
132403
132407
132408
132409
132410
132411
132413
132484
132485
132486
132496
132497
132498
132499
132503
132504
132505
132506
132507
132509
132510
132524
132527
132549
132560
132561
132562
132563
132564
132566
132567
132568
132569
132570
132571
132573
132591
132815
132837
132848
132849
132850
132851
132855
132856
132857
132858
132859
132861
135948
135950
135951
135972
135973
135974
135984
135985
135986
135988
135990
135991
135992
135993
135994
135995
136068
136069
136070
136080
136081
136082
136083
136087
136088
136089
136090
136092
136093
136094
136108
136110
136111
136144
136145
136146
136147
136148
136150
136151
136152
136153
136154
136155
136157
136175
137477
137488
137489
137490
137491
137495
137496
137497
137498
137499
137500
137501
137502
137516
137519
137551
137573
137584
137585
137586
137587
137591
137592
137593
137594
137595
137596
137597
137598
137612
137614
137615
137636
137637
137638
137648
137649
137650
137651
137652
137654
137655
137656
137657
137658
137659
137661
138309
138320
138321
138322
138323
138327
138328
138329
138330
138331
138333
138351
138511
138533
138544
138545
138546
138547
138552
138553
138554
138556
138557
138558
138640
138641
138642
138644
138646
138647
138648
138650
138651
138689
138692
138693
138694
138695
138699
138707
138713
138716
138717
138718
138719
138720
138723
138729
138732
138733
138734
138735
138956
138958
138959
138980
138981
138982
138992
138993
138994
138995
138996
138999
139000
139001
139002
139003
139005
142543
142565
142576
142577
142578
142579
142583
142584
142585
142586
142587
142588
142589
142590
142917
142928
142929
142930
142931
142932
142934
142935
142936
142937
142938
142939
142941
142959
143108
143109
143110
143120
143121
143122
143123
143127
143128
143129
143130
143131
143132
143133
143134
143148
143150
143151
143183
143205
143216
143217
143218
143219
143223
143224
143225
143226
143227
143228
143229
143230
143244
143246
143247
143268
143269
143270
143280
143281
143282
143283
143284
143286
143287
143288
143289
143290
143291
143293
217349
217360
217361
217362
217363
217364
217367
217368
217369
217370
217371
217373
217391
217420
217423
217445
217446
217456
217457
217458
217459
217460
217463
217464
217465
217466
217467
217469
217487
217509
217520
217521
217522
217523
217527
217528
217529
217530
217531
217533
217534
218319
218341
218352
218353
218354
218355
218359
218360
218361
218362
218363
218364
218365
218366
218704
218705
218706
218708
218710
218711
218712
218713
218714
218715
218717
218884
218885
218886
218896
218898
218899
218904
218905
218906
218908
218909
218910
218911
218915
218921
218924
218926
218927
219007
219008
219009
219010
219011
219016
219017
219018
219019
219020
219021
219022
219041
219042
219044
219045
219046
219047
219048
219050
219051
219057
219060
219061
219062
219063
219067
219093
219916
219919
219941
219952
219953
219954
219955
219959
219960
219961
219962
219963
219965
220037
220048
220049
220050
220051
220052
220055
220056
220057
220058
220059
220061
220079
220101
220102
220112
220113
220114
220115
220119
220120
220121
220122
220123
220125
220126
220140
220143
294926
295063
295144
295146
295504
295507
295513
295708
295710
295812
295814
295815
295853
295861
295899
297280
297282
297289
297318
297329
297336
297339
298005
298060
298063
298085
298096
298098
298105
298109
298172
298175
298512
298514
298521
298522
298525
298625
298632
298634
298635
298657
298663
298664
298667
298676
298678
298679
298708
298710
298821
298847
298848
298851
298857
298860
298862
298863
304385
304392
304394
304395
304397
304420
304422
304423
304427
304436
304438
304439
304443
304529
304530
304536
304538
304539
304541
304581
304582
304608
304610
304611
304617
304620
304622
304623
304629
307284
307285
307286
307504
307507
307513
307516
307518
307519
307605
307648
307650
307651
307657
307658
307660
307661
307662
307684
307685
307686
307687
307697
307703
307704
307706
307707
307709
307907
307916
307918
307919
307941
307952
307954
307955
307961
307964
307965
307966
307967
309313
309316
309317
309318
309319
309323
309344
309345
309346
309347
309352
309353
309354
309355
309356
309357
309358
309364
309365
309366
309764
309766
309767
309771
309792
309793
309794
309800
309801
309802
309803
309805
309812
309813
309814
309893
309904
309906
309907
309913
309916
309917
309918
309919
309932
309935
309957
309968
309970
309971
309977
309980
309982
309983
309987
309996
309998
309999
310097
310100
310102
310103
310104
310106
310107
310545
310548
310550
310551
310552
310554
310555
310557
310643
310652
310654
310655
310656
310658
310659
310665
310666
310668
310669
310670
310671
310692
310693
310694
310695
310704
310705
310706
310711
310712
310713
310714
310715
310717
310741
