32784
32785
32834
32959
33027
33031
33034
33048
33049
33068
33069
33070
33116
33117
33129
33213
33804
33805
33806
33822
33827
33831
33834
33871
33887
33888
33889
33890
33892
33894
33899
33970
33975
34063
34080
34081
34084
34085
34100
34101
34160
34161
34162
34164
34165
34166
34171
34191
34208
34209
34212
34213
34214
34219
34229
34544
34545
34546
34548
34549
34550
34555
35827
35832
35833
35834
36914
36915
36918
36919
36922
36923
36979
36983
36984
36985
36986
37004
37005
37006
37020
37021
37022
37023
37027
37031
37032
37033
37034
37171
37176
37177
37180
37181
37182
37244
37245
37246
37251
37255
37256
37257
37258
37267
37271
37272
37273
37274
37276
37277
37289
37292
37293
37294
37571
37576
37577
37580
37581
37582
37593
37596
37597
37598
37603
37607
37608
37609
37610
37612
37613
37948
37949
37950
37951
38015
38016
38017
38018
38020
38021
38022
38023
38027
38032
38033
38034
38035
38036
38037
38038
38039
38042
38043
38062
38063
38100
38101
38207
38288
38289
38292
38293
38336
38337
38338
38340
38341
38342
38343
38346
38347
38352
38353
38354
38355
38356
38357
38358
38359
38360
38361
38362
38363
38380
38382
38383
38463
38528
38529
38532
38533
38534
38539
38544
38545
38546
38548
38549
38550
38555
38575
38592
38593
38594
38596
38597
38598
38603
38608
38609
38610
38612
38613
38614
38619
38639
39872
39873
39874
39875
39876
39877
39878
39879
39880
39881
39882
39883
39890
39891
39894
39895
39896
39897
39898
39899
39916
39917
39918
39919
45006
45007
45023
45024
45025
45026
45028
45029
45030
45035
130303
130645
130816
130817
130818
130819
130823
130824
130825
130826
130827
130828
130829
130830
130847
130848
130849
130850
130851
130854
130855
130856
130857
130858
130859
130861
130868
130869
130931
130936
130937
130940
130941
130942
130943
130946
130947
130952
130953
130954
130956
130957
130958
130975
130976
130977
130978
130979
130980
130982
130983
130984
130985
130986
130987
130989
130996
130997
180476
180478
180479
180820
180821
180822
180992
180993
180994
180995
180996
180998
180999
181000
181001
181002
181003
181005
181020
181022
181023
181024
181025
181026
181027
181031
181032
181033
181034
181035
181036
181037
181038
181045
181116
181118
181119
181120
181121
181122
181123
181127
181128
181129
181130
181131
181132
181133
181134
181151
181152
181153
181154
181155
181156
181158
181159
181160
181161
181162
181163
181165
181172
181173
181174
181205
182356
182357
182528
182529
182530
182531
182535
182536
182537
182538
182539
182540
182541
182542
182559
182560
182561
182562
182563
182564
182566
182567
182568
182569
182570
182571
182573
182580
182581
182582
182655
182656
182657
182658
182659
182660
182662
182663
182664
182665
182666
182667
182669
182684
182686
182687
182688
182689
182690
182691
182695
182696
182697
182698
182699
182700
182701
182702
182709
182740
182741
182742
183036
183038
183039
183381
183552
183553
183554
183555
183559
183560
183561
183562
183563
183565
183583
183584
183585
183586
183587
183591
183592
183593
183594
183595
183597
183605
183679
183680
183681
183682
183683
183687
183688
183689
183690
183691
183693
183711
183712
183713
183714
183715
183719
183720
183721
183722
183723
183725
183733
183765
184063
188500
188501
188502
188672
188673
188674
188675
188679
188680
188681
188682
188683
188685
188703
188704
188705
188706
188707
188711
188712
188713
188714
188715
188717
188725
188799
188800
188801
188802
188803
188807
188808
188809
188810
188811
188813
188831
188832
188833
188834
188835
188839
188840
188841
188842
188843
188845
188853
188885
189182
189183
189695
190037
190208
190209
190210
190211
190215
190216
190217
190218
190219
190221
190239
190240
190241
190242
190243
190247
190248
190249
190250
190251
190253
190261
190335
190336
190337
190338
190339
190343
190344
190345
190346
190347
190349
190367
190368
190369
190370
190371
190375
190376
190377
190378
190379
190381
190389
190421
190719
191061
191232
191233
191234
191235
191239
191240
191241
191242
191243
191245
191263
191264
191265
191266
191267
191271
191272
191273
191274
191275
191277
191285
191359
191360
191361
191362
191363
191367
191368
191369
191370
191371
191373
191391
191392
191393
191394
191395
191399
191400
191401
191402
191403
191405
191413
191445
193621
193792
193793
193794
193795
193796
193798
193799
193800
193801
193802
193803
193805
193820
193822
193823
193824
193825
193826
193827
193831
193832
193833
193834
193835
193836
193837
193838
193845
193916
193918
193919
193920
193922
193923
193928
193929
193930
193932
193933
193934
193951
193952
193953
193954
193956
193958
193959
193960
193962
193963
193972
193973
193974
194303
262305
262325
262643
262671
262693
262705
262711
262715
262788
262790
262868
262870
264131
264137
264140
264141
264160
264161
264167
264171
264181
264252
264254
264255
264340
264341
264342
264388
264390
264412
264413
264414
264428
264430
264720
264722
264727
264728
264730
264783
264805
264817
264823
264827
264883
264889
264893
265040
265042
265048
265050
270092
270093
270094
270095
270113
270116
270117
270118
270119
270123
270129
270132
270133
270134
270135
270139
270208
270209
270210
270212
270213
270214
270215
270216
270218
270219
270227
270233
270236
270237
270238
270239
270243
270248
270249
270252
270253
270254
270255
270289
270292
270293
270294
270579
270584
270585
270586
270588
270589
270590
270928
270929
270930
270932
270934
270935
270936
270938
270939
271108
271109
271110
271120
271122
271123
271127
271128
271129
271130
271133
271148
271150
271151
271183
271205
271216
271217
271218
271223
271224
271226
271227
271247
271269
271280
271281
271282
271283
271287
271288
271289
271290
271291
271293
272448
272449
272450
272455
272456
272458
272459
272476
272478
272479
272483
272488
272489
272490
272493
272691
272697
272700
272701
272702
272785
272788
272790
272791
272795
272836
272837
272838
272848
272850
272851
272856
272857
272858
272860
272861
272862
272876
272878
272879
273091
273097
273100
273101
273102
273121
273124
273126
273127
273131
273140
273141
273142
273685
273728
273730
273735
273736
273738
273759
273760
273762
273763
273768
273769
273770
273773
273855
