32805
32968
33015
33361
33368
33370
33568
33570
33577
33589
33692
33695
33744
33747
33753
33756
33758
35140
35142
35143
35178
35181
35189
35857
35864
35867
35969
35976
35978
35981
36004
36006
36007
36027
36053
36373
36419
36428
36431
36453
36464
36466
36467
36473
36476
36478
36540
36543
36672
36674
36675
36681
36684
36686
36687
36709
36710
36721
36722
36728
36730
36733
42257
42258
42264
42266
42267
42269
42369
42375
42376
42378
42379
42401
42404
42407
42408
42410
42411
42420
42422
42423
42452
42454
42455
45124
45125
45126
45152
45154
45155
45161
45164
45165
45166
45167
45173
45572
45573
45574
45575
45600
45601
45602
45603
45608
45609
45610
45612
45613
45614
45621
45622
45712
45714
45715
45721
45724
45726
45727
45743
45765
45776
45778
45779
45785
45788
45790
45791
45795
45804
45807
45905
45912
45914
45915
45917
47189
47360
47362
47363
47369
47372
47373
47374
47375
47396
47397
47398
47408
47409
47410
47411
47416
47417
47418
47419
47420
47421
47422
47508
47509
47510
47511
47553
47559
47560
47562
47563
47565
47585
47588
47590
47591
47592
47594
47595
47601
47604
47606
47607
47608
47611
47868
47871
48213
48384
48386
48387
48393
48396
48398
48399
48421
48422
48432
48433
48434
48435
48440
48441
48442
48444
48445
48446
48447
48532
48533
48534
48535
48576
48577
48578
48580
48583
48584
48585
48586
48587
48589
48609
48610
48612
48614
48615
48616
48618
48619
48621
48625
48628
48629
48630
48631
48632
48635
48847
48880
48883
48889
48892
48894
48895
119124
119125
119126
119808
119810
119811
119816
119817
119818
119820
119821
119822
119840
119841
119842
119844
119846
119847
119848
119850
119851
119860
119861
119862
119936
119937
119938
119940
119941
119942
119943
119944
119946
119947
119955
119964
119966
119967
119968
119970
119971
119976
119977
119978
119980
119981
119982
120017
120020
120021
120022
120023
120027
120325
120336
120337
120338
120339
120344
120345
120346
120348
120349
120350
120364
120366
120367
120435
120441
120444
120445
120446
120447
120448
120450
120451
120457
120458
120460
120461
120462
120463
120481
120484
120485
120486
120487
120491
120497
120498
120500
120501
120502
120503
120504
120506
120507
120645
120656
120657
120658
120659
120664
120665
120666
120667
120668
120669
120670
120671
120684
120687
121852
121854
121855
197632
197633
197634
197636
197638
197639
197640
197642
197643
197660
197662
197663
197664
197666
197667
197672
197673
197674
197676
197677
197678
197747
197753
197756
197757
197758
197759
197760
197762
197763
197768
197769
197770
197772
197773
197774
197792
197793
197794
197796
197797
197798
197799
197800
197802
197803
197812
197813
197814
197819
198131
198137
198140
198141
198142
198143
198144
198146
198147
198152
198153
198154
198156
198157
198158
198159
198176
198177
198178
198180
198181
198182
198183
198184
198186
198187
198193
198196
198197
198198
198199
198203
198272
198273
198274
198276
198277
198278
198279
198280
198282
198283
198291
198297
198300
198301
198302
198303
198304
198306
198307
198312
198313
198314
198316
198317
198318
198319
198353
198356
198357
198358
198359
198363
201715
201721
201724
201725
201726
201727
203089
203092
203093
203094
203095
203099
203777
203780
203781
203782
203783
203787
203795
203801
203804
203805
203806
203807
203808
203811
203817
203818
203820
203821
203822
203823
203891
203897
203900
203901
203902
203903
203904
203906
203907
203912
203913
203914
203916
203917
203918
203919
203936
203937
203938
203940
203941
203942
203943
203944
203946
203947
203953
203956
203957
203958
203959
203963
204287
204288
204289
204290
204291
204295
204296
204297
204298
204299
204301
204319
204320
204321
204322
204323
204327
204328
204329
204330
204331
204333
204340
204341
204342
204416
204417
204418
204420
204422
204423
204424
204426
204427
204444
204446
204447
204448
204449
204450
204451
204456
204457
204458
204460
204461
204462
204469
204500
204501
204502
204628
204629
204630
207875
207881
207884
207885
207886
207887
207905
207908
207909
207910
207911
207915
207921
207924
207925
207926
207927
207931
208001
208004
208005
208006
208007
208011
208019
208025
208028
208029
208030
208031
208035
208041
208044
208045
208046
208047
208081
208084
208085
208086
208087
208091
208384
208385
208386
208388
208389
208390
208391
208392
208395
208403
208409
208412
208413
208414
208415
208419
208425
208426
208428
208429
208430
208431
208499
208505
208508
208509
208510
208511
208515
208521
208524
208525
208526
208527
208545
208548
208549
208550
208551
208555
208561
208564
208565
208566
208567
208571
208721
208724
208725
208726
208727
208731
278567
278661
278686
279060
279062
279119
279141
279160
279162
279219
279367
279395
279401
279405
280656
280658
280664
280666
280892
280894
281025
281031
281035
281056
281058
281066
281069
281292
281294
281295
281317
281329
281335
281336
281339
281861
281875
281881
281885
281886
281903
281983
281984
281986
281987
281993
281997
281998
282020
282022
282023
282036
282038
282039
287041
287044
287046
287047
287048
287050
287051
287071
287072
287074
287075
287080
287081
287082
287085
287086
287093
287948
287950
287951
287973
287984
287985
287986
287992
287994
287995
287997
288337
288343
288344
288346
288347
288516
288517
288518
288531
288537
288540
288542
288543
288556
288558
288559
288640
288642
288648
288649
288650
288653
288673
288679
288680
288683
288692
288693
288694
288725
289584
289586
289587
289593
289596
289597
289598
289684
289685
289686
289687
289729
289732
289734
289735
289739
289759
289760
289762
289763
289768
289769
289770
289772
289773
289774
289781
291860
291861
291862
291863
291916
291918
291919
291940
291941
291942
291952
291953
291954
291959
291960
291961
291962
291963
291965
292016
292018
292019
292025
292028
292029
292030
292031
292348
292350
292351
292352
292354
292355
292360
292361
292362
292364
292365
292366
292385
292388
292389
292390
292391
292392
292394
292395
292401
292404
292405
292406
292407
292411
292484
292485
292486
292496
292498
292499
292505
292506
292508
292509
292510
292511
292515
292524
292526
292527
292560
292561
292562
292567
292568
292569
292570
292571
292573
