16393
16536
16607
16620
16967
17005
17172
17175
17267
17276
17278
17295
17328
17330
17341
18704
18707
18713
18718
18817
18824
18826
18827
18849
18859
18870
19536
19538
19539
19545
19549
19916
19919
19941
19952
19954
19960
19961
19962
19965
20019
20028
20030
20031
20117
20161
20168
20170
20171
20173
20193
20199
20203
20212
20214
25664
25666
25667
25672
25673
25674
25677
25678
25700
25702
25703
25713
25716
25718
25719
25720
25723
26116
26118
26119
26123
26144
26146
26152
26153
26154
26157
26165
26245
26268
26270
26271
26275
26281
26284
26286
26287
26320
26321
26322
26328
26330
26331
26333
26452
26454
26455
28949
28992
28994
28995
29001
29004
29006
29007
29028
29029
29030
29040
29041
29042
29048
29050
29051
29053
29116
29118
29119
30524
30526
30527
30613
30656
30657
30658
30659
30664
30665
30666
30667
30668
30669
30670
30689
30692
30694
30695
30696
30698
30699
30705
30708
30709
30710
30711
30715
30783
30869
30912
30914
30915
30921
30922
30924
30925
30926
30927
30948
30949
30950
30951
30961
30962
30964
30967
30968
30970
30971
30973
31312
31313
31314
31319
31320
31322
31323
31325
31492
31493
31494
31495
31516
31518
31519
31520
31522
31523
31529
31532
31533
31534
31535
31620
31621
31622
31623
31647
31648
31650
31651
31656
31657
31658
31660
31661
31662
31669
31697
31700
31702
31703
31704
31706
31707
99665
99668
99669
99670
99671
99675
102400
102403
102408
102409
102410
102412
102413
102414
102415
102432
102433
102434
102436
102437
102438
102439
102440
102442
102443
102449
102452
102453
102454
102455
102459
102528
102529
102530
102532
102533
102534
102535
102536
102538
102539
102547
102553
102556
102557
102558
102559
102560
102562
102563
102568
102569
102570
102572
102573
102574
102575
102609
102612
102613
102614
102615
102619
102912
102913
102914
102916
102917
102918
102919
102920
102922
102923
102931
102937
102940
102941
102942
102943
102944
102946
102947
102952
102953
102954
102956
102957
102958
102959
103027
103033
103036
103037
103038
103039
103040
103042
103043
103048
103049
103050
103052
103053
103054
103055
103072
103073
103074
103076
103077
103078
103079
103080
103082
103083
103089
103092
103093
103094
103095
103099
103249
103252
103253
103254
103255
103259
104453
104464
104465
104466
104467
104471
104472
104473
104474
104475
104477
104478
104495
104560
104562
104563
104568
104569
104570
104572
104573
104574
104575
104579
104585
104588
104589
104590
104591
104612
104613
104614
104624
104625
104626
104628
104630
104631
104632
104634
104635
104637
104947
104953
104956
104957
104958
104959
104960
104962
104963
104968
104969
104970
104972
104973
104974
104975
104992
104993
104994
104996
104997
104998
104999
105000
105002
105003
105009
105012
105013
105014
105015
105019
105089
105092
105093
105094
105095
105099
105107
105113
105116
105117
105118
105119
105120
105122
105123
105129
105130
105132
105133
105134
105135
105169
105172
105173
105174
105175
105176
105179
105797
105798
105808
105810
105811
105816
105817
105818
105820
105821
105822
105823
105836
105838
105839
110579
110585
110588
110589
110590
110591
184321
184322
184324
184325
184326
184327
184331
184339
184345
184348
184349
184350
184351
184355
184361
184364
184365
184366
184367
184435
184441
184442
184444
184445
184446
184447
184451
184457
184460
184461
184462
184463
184481
184484
184485
184486
184487
184491
184497
184500
184501
184502
184503
184507
184816
184818
184819
184824
184825
184826
184828
184829
184830
184831
184835
184841
184844
184845
184846
184847
184865
184868
184869
184870
184871
184875
184880
184881
184882
184884
184885
184886
184887
184888
184890
184891
184961
184964
184965
184966
184967
184971
184976
184978
184979
184984
184985
184986
184988
184989
184990
184991
184995
185001
185004
185005
185006
185007
185041
185042
185044
185045
185046
185047
185048
185051
186369
186370
186372
186374
186375
186376
186378
186379
186396
186399
186400
186401
186402
186403
186407
186408
186409
186410
186411
186412
186413
186414
186421
186496
186497
186498
186500
186502
186503
186504
186506
186507
186524
186527
186528
186529
186530
186531
186535
186536
186537
186538
186539
186540
186541
186542
186549
186580
186581
186582
186583
186587
186881
186884
186885
186886
186887
186891
186896
186899
186905
186908
186909
186910
186911
186915
186921
186924
186925
186926
186927
186995
187001
187004
187005
187006
187007
187008
187010
187011
187016
187017
187018
187020
187021
187022
187023
187041
187044
187045
187046
187047
187048
187051
187057
187060
187061
187062
187063
187067
187217
187218
187220
187221
187222
187223
187224
187226
187227
187729
187732
187733
187734
187735
187739
262203
262289
262382
262724
262726
262752
262754
263039
263052
263054
263077
263096
263098
264466
264472
264474
264477
264576
264578
264589
264612
264614
264615
264628
264631
264661
265285
265308
265310
265311
265324
265326
265327
265715
265724
265726
265727
265740
265742
265743
265765
265776
265778
265784
265785
265786
265789
265876
265878
265879
265924
265926
265927
265952
265954
265960
265962
265965
265973
271425
271428
271430
271431
271435
271456
271457
271458
271464
271465
271466
271467
271469
271477
271872
271873
271874
271880
271882
271885
271905
271908
271910
271911
271915
271924
271926
271927
272016
272018
272019
272024
272025
272026
272029
272069
272083
272089
272092
272094
272095
272099
272108
272110
272111
272213
274708
274710
274711
274715
274803
274809
274812
274814
274815
274816
274819
274825
274828
274830
274831
274853
274864
274865
274866
274867
274872
274873
274874
274875
274877
276431
276453
276464
276466
276467
276472
276473
276474
276476
276477
276478
276479
276483
276492
276494
276495
276517
276528
276529
276530
276531
276536
276537
276538
276539
276540
276541
276542
276625
276628
276630
276631
276632
276635
276673
276676
276678
276679
276680
276683
276704
276705
276706
276707
276712
276713
276714
276715
276716
276717
276718
276725
276726
277060
277061
277062
277075
277081
277084
277086
277087
277088
277090
277091
277097
277100
277102
277103
277264
277265
277266
277267
277272
277273
277274
277275
277277
277376
277377
277378
277379
277384
277385
277386
277387
277389
277390
277409
277412
277414
277415
277419
277425
277428
277430
277431
277432
277435
277461
