59
145
238
580
582
608
610
895
908
910
933
952
954
2322
2328
2330
2333
2432
2434
2445
2468
2470
2471
2484
2487
2517
3141
3164
3166
3167
3180
3182
3183
3571
3580
3582
3583
3596
3598
3599
3621
3632
3634
3640
3641
3642
3645
3732
3734
3735
3780
3782
3783
3808
3810
3816
3818
3821
3829
9281
9284
9286
9287
9291
9312
9313
9314
9320
9321
9322
9323
9325
9333
9728
9729
9730
9736
9738
9741
9761
9764
9766
9767
9771
9780
9782
9783
9872
9874
9875
9880
9881
9882
9885
9925
9939
9945
9948
9950
9951
9955
9964
9966
9967
10069
12564
12566
12567
12571
12659
12665
12668
12670
12671
12672
12675
12681
12684
12686
12687
12709
12720
12721
12722
12723
12728
12729
12730
12731
12733
14287
14309
14320
14322
14323
14328
14329
14330
14332
14333
14334
14335
14339
14348
14350
14351
14373
14384
14385
14386
14387
14392
14393
14394
14395
14396
14397
14398
14481
14484
14486
14487
14488
14491
14529
14532
14534
14535
14536
14539
14560
14561
14562
14563
14568
14569
14570
14571
14572
14573
14574
14581
14582
14916
14917
14918
14931
14937
14940
14942
14943
14944
14946
14947
14953
14956
14958
14959
15120
15121
15122
15123
15128
15129
15130
15131
15133
15232
15233
15234
15235
15240
15241
15242
15243
15245
15246
15265
15268
15270
15271
15275
15281
15284
15286
15287
15288
15291
15317
86017
86018
86020
86021
86022
86023
86027
86035
86041
86044
86045
86046
86047
86051
86057
86060
86061
86062
86063
86131
86137
86138
86140
86141
86142
86143
86147
86153
86156
86157
86158
86159
86177
86180
86181
86182
86183
86187
86193
86196
86197
86198
86199
86203
86512
86514
86515
86520
86521
86522
86524
86525
86526
86527
86531
86537
86540
86541
86542
86543
86561
86564
86565
86566
86567
86571
86576
86577
86578
86580
86581
86582
86583
86584
86586
86587
86657
86660
86661
86662
86663
86667
86672
86674
86675
86680
86681
86682
86684
86685
86686
86687
86691
86697
86700
86701
86702
86703
86737
86738
86740
86741
86742
86743
86744
86747
88065
88066
88068
88070
88071
88072
88074
88075
88092
88095
88096
88097
88098
88099
88103
88104
88105
88106
88107
88108
88109
88110
88117
88192
88193
88194
88196
88198
88199
88200
88202
88203
88220
88223
88224
88225
88226
88227
88231
88232
88233
88234
88235
88236
88237
88238
88245
88276
88277
88278
88279
88283
88577
88580
88581
88582
88583
88587
88592
88595
88601
88604
88605
88606
88607
88611
88617
88620
88621
88622
88623
88691
88697
88700
88701
88702
88703
88704
88706
88707
88712
88713
88714
88716
88717
88718
88719
88737
88740
88741
88742
88743
88744
88747
88753
88756
88757
88758
88759
88763
88913
88914
88916
88917
88918
88919
88920
88922
88923
89425
89428
89429
89430
89431
89435
165201
165204
165205
165206
165207
165211
167936
167939
167944
167945
167946
167948
167949
167950
167951
167968
167969
167970
167972
167973
167974
167975
167976
167978
167979
167985
167988
167989
167990
167991
167995
168064
168065
168066
168068
168069
168070
168071
168072
168074
168075
168083
168089
168092
168093
168094
168095
168096
168098
168099
168104
168105
168106
168108
168109
168110
168111
168145
168148
168149
168150
168151
168155
168448
168449
168450
168452
168453
168454
168455
168456
168458
168459
168467
168473
168476
168477
168478
168479
168480
168482
168483
168488
168489
168490
168492
168493
168494
168495
168563
168569
168572
168573
168574
168575
168576
168578
168579
168584
168585
168586
168588
168589
168590
168591
168608
168609
168610
168612
168613
168614
168615
168616
168618
168619
168625
168628
168629
168630
168631
168635
168785
168788
168789
168790
168791
168795
169989
170000
170001
170002
170003
170007
170008
170009
170010
170011
170013
170014
170031
170096
170098
170099
170104
170105
170106
170108
170109
170110
170111
170115
170121
170124
170125
170126
170127
170148
170149
170150
170160
170161
170162
170164
170166
170167
170168
170170
170171
170173
170483
170489
170492
170493
170494
170495
170496
170498
170499
170504
170505
170506
170508
170509
170510
170511
170528
170529
170530
170532
170533
170534
170535
170536
170538
170539
170545
170548
170549
170550
170551
170555
170625
170628
170629
170630
170631
170635
170643
170649
170652
170653
170654
170655
170656
170658
170659
170665
170666
170668
170669
170670
170671
170705
170708
170709
170710
170711
170712
170715
171333
171334
171344
171346
171347
171352
171353
171354
171356
171357
171358
171359
171372
171374
171375
176115
176121
176124
176125
176126
176127
245769
245912
245983
245996
246343
246381
246548
246551
246643
246652
246654
246671
246704
246706
246717
248080
248083
248089
248094
248193
248200
248202
248203
248225
248235
248246
248912
248914
248915
248921
248925
249292
249295
249317
249328
249330
249336
249337
249338
249341
249395
249404
249406
249407
249493
249537
249544
249546
249547
249549
249569
249575
249579
249588
249590
255040
255042
255043
255048
255049
255050
255053
255054
255076
255078
255079
255089
255092
255094
255095
255096
255099
255492
255494
255495
255499
255520
255522
255528
255529
255530
255533
255541
255621
255644
255646
255647
255651
255657
255660
255662
255663
255696
255697
255698
255704
255706
255707
255709
255828
255830
255831
258325
258368
258370
258371
258377
258380
258382
258383
258404
258405
258406
258416
258417
258418
258424
258426
258427
258429
258492
258494
258495
259900
259902
259903
259989
260032
260033
260034
260035
260040
260041
260042
260043
260044
260045
260046
260065
260068
260070
260071
260072
260074
260075
260081
260084
260085
260086
260087
260091
260159
260245
260288
260290
260291
260297
260298
260300
260301
260302
260303
260324
260325
260326
260327
260337
260338
260340
260343
260344
260346
260347
260349
260688
260689
260690
260695
260696
260698
260699
260701
260868
260869
260870
260871
260892
260894
260895
260896
260898
260899
260905
260908
260909
260910
260911
260996
260997
260998
260999
261023
261024
261026
261027
261032
261033
261034
261036
261037
261038
261045
261073
261076
261078
261079
261080
261082
261083
