49267
49273
49332
49612
49614
49636
49638
49653
49725
49815
49819
49872
49874
50992
50994
50995
51000
51002
51076
51077
51090
51091
51096
51097
51098
51119
51153
51156
51158
51163
51407
51429
51441
51444
51446
51447
51451
51777
51783
51787
51804
51806
51820
51821
51822
51989
52032
52034
52040
52042
52063
52067
52072
52073
52159
56512
56513
56514
56515
56519
56520
56521
56522
56523
56525
56540
56542
56543
56544
56546
56547
56551
56552
56553
56554
56557
56837
56848
56849
56850
56852
56854
56855
56856
56858
56859
56899
56905
56908
56909
56910
56911
56928
56929
56930
56932
56933
56934
56935
56939
56945
56948
56949
56950
57011
57016
57017
57020
57021
57022
57156
57157
57158
57168
57169
57170
57171
57175
57176
57177
57178
57179
57181
57196
57198
57199
58175
58260
58261
58262
58304
58305
58306
58308
58310
58311
58315
58323
58329
58332
58333
58334
58339
58345
58348
58349
58350
58351
59649
59652
59653
59654
59667
59672
59673
59674
59677
59692
59694
59695
59727
59749
59760
59761
59762
59764
59766
59767
59768
59770
59771
59824
59825
59826
59827
59831
59832
59833
59834
59835
60497
60500
60501
60502
60507
60675
60680
60681
60682
60685
60703
60704
60705
60706
60711
60712
60714
60715
60796
60798
60803
60809
60812
60813
60814
60832
60833
60834
60839
60842
60843
60853
61180
61182
61183
132080
132082
132083
132088
132089
132090
132092
132093
132094
132095
133456
133457
133458
133460
133461
133462
133463
133464
133466
133467
134145
134148
134149
134150
134151
134155
134160
134162
134163
134168
134169
134170
134172
134173
134174
134175
134179
134185
134188
134189
134190
134191
134258
134259
134264
134265
134268
134269
134270
134271
134275
134281
134284
134285
134286
134287
134305
134308
134309
134310
134311
134315
134320
134321
134322
134324
134325
134326
134327
134328
134330
134331
134643
134649
134652
134653
134654
134655
134659
134665
134668
134669
134670
134671
134689
134692
134693
134694
134695
134699
134705
134708
134709
134710
134711
134715
134785
134788
134789
134790
134791
134795
134803
134809
134812
134813
134814
134815
134819
134825
134828
134829
134830
134831
134865
134868
134869
134870
134871
134875
139601
139604
139605
139606
139607
139611
140288
140290
140291
140296
140297
140298
140300
140301
140302
140303
140320
140321
140322
140324
140325
140326
140327
140328
140330
140331
140337
140340
140341
140342
140343
140347
140416
140417
140418
140420
140421
140422
140423
140424
140426
140427
140435
140441
140444
140445
140446
140447
140448
140450
140451
140456
140457
140458
140460
140461
140462
140463
140497
140500
140501
140502
140503
140507
140801
140804
140805
140806
140807
140810
140811
140819
140825
140828
140829
140830
140831
140832
140834
140835
140840
140841
140844
140845
140846
140847
140915
140921
140924
140925
140926
140927
140928
140930
140931
140936
140937
140938
140940
140941
140942
140943
140960
140961
140962
140964
140965
140966
140967
140968
140970
140971
140977
140980
140981
140982
140983
140987
141137
141140
141141
141142
141143
141147
142323
142329
142332
142333
142334
142335
144384
144385
144386
144388
144389
144390
144391
144392
144394
144395
144403
144409
144412
144413
144414
144415
144418
144419
144424
144425
144428
144429
144430
144431
144499
144505
144508
144509
144510
144511
144515
144521
144524
144525
144526
144527
144545
144548
144549
144550
144551
144555
144561
144564
144565
144566
144567
144571
144847
144869
144880
144881
144882
144883
144887
144888
144889
144890
144891
144893
144908
144910
144911
144932
144933
144934
144944
144945
144946
144948
144950
144951
144952
144954
144955
145025
145028
145029
145030
145031
145035
145040
145042
145043
145048
145049
145050
145052
145053
145054
145065
145068
145069
145070
145071
145104
145105
145106
145108
145109
145110
145111
145112
145114
145115
211971
211977
211980
211981
211982
211983
212001
212004
212005
212006
212007
212011
212016
212017
212018
212020
212021
212022
212023
212024
212026
212027
212097
212100
212101
212102
212103
212107
212112
212114
212115
212120
212121
212122
212124
212125
212126
212127
212131
212137
212140
212141
212142
212143
212176
212177
212180
212181
212182
212183
212186
212187
212476
212477
212478
212479
212480
212482
212483
212487
212488
212489
212490
212491
212492
212493
212494
212508
212510
212511
212512
212513
212514
212515
212519
212520
212521
212522
212523
212524
212525
212533
212595
212601
212604
212605
212606
212607
212611
212616
212617
212620
212621
212622
212623
212640
212641
212642
212644
212645
212646
212647
212648
212650
212651
212657
212660
212661
212662
212667
278532
278595
278602
278637
278798
278823
278885
278901
278960
278961
278966
278971
279289
279607
279610
279676
279677
279678
279689
279693
279708
279709
279710
279715
279720
279721
279871
279941
279952
279953
279954
279956
279957
279958
279963
280016
280017
280020
280021
280022
280027
280256
280258
280262
280263
280267
280275
280279
280280
280281
280282
280302
281551
281568
281569
281570
281574
281579
282819
282823
282824
282825
282826
282829
282844
282845
282846
282851
282856
282857
282858
282860
282861
283087
283104
283105
283108
283109
283110
283115
283120
283121
283122
283124
283125
283126
283131
283173
283184
283185
283186
283188
283189
283190
283195
283251
283255
283256
283257
283258
283276
283277
283278
283279
283295
283296
283297
283298
283299
283300
283302
283303
283304
283306
283307
283891
283896
283897
283898
283900
283901
283902
284161
284164
284165
284166
284176
284177
284178
284180
284181
284182
284183
284187
284207
284224
284225
284226
284227
284228
284230
284231
284232
284233
284234
284235
284242
284243
284247
284248
284249
284250
284252
284253
284268
284269
284270
284271
284348
284350
284351
284481
284484
284485
284486
284496
284497
284498
284500
284501
284502
284503
284506
284507
284527
285443
285448
285449
285450
285452
285453
285454
285468
285469
285470
285471
285474
285475
285479
285480
285481
285482
285485
285516
285518
285519
285535
285536
285537
285538
285540
285541
285542
285543
285547
285616
285617
285618
285619
285620
285622
285623
285624
285625
285626
285627
290620
290621
290622
290687
290688
290689
290690
290692
290694
290695
290699
290706
290707
290711
290712
290713
290714
290734
290735
