123
176
449
459
477
492
494
704
706
711
732
749
1279
1621
1793
1796
1798
1803
1811
1817
1821
1836
1838
1871
1892
1893
1905
1908
1909
1910
1915
1968
1970
1975
1976
1978
2816
2818
2823
2824
2826
2844
2846
2857
2861
2928
2930
2935
2993
2998
3003
5116
5117
5118
5119
6469
6480
6481
6482
6484
6485
6486
6487
6491
7172
7173
7184
7185
7186
7187
7188
7190
7191
7192
7194
7195
7215
7235
7241
7244
7245
7246
7263
7264
7265
7266
7268
7270
7271
7272
7274
7275
7285
7347
7352
7353
7356
7357
7358
7475
7481
7484
7485
7486
7487
7557
7568
7569
7570
7572
7574
7575
7576
7578
7579
7599
7620
7621
7622
7632
7633
7634
7635
7636
7638
7639
7640
7641
7642
7643
7663
7875
7881
7884
7885
7886
7903
7904
7905
7906
7908
7910
7911
7912
7914
7915
7925
11267
11272
11273
11274
11276
11277
11278
11295
11296
11298
11299
11303
11304
11305
11306
11307
11379
11384
11385
11386
11389
11404
11406
11407
11425
11428
11429
11430
11435
11444
11445
11446
11712
11714
11715
11719
11720
11721
11722
11740
11742
11743
11747
11752
11753
11754
11757
11839
11924
11925
11926
11969
11972
11973
11974
11986
11987
11991
11992
11993
11994
11997
12014
12015
85244
85246
85247
85588
85589
85590
85760
85761
85762
85763
85764
85766
85767
85768
85769
85770
85771
85773
85788
85790
85791
85792
85793
85794
85795
85799
85800
85801
85802
85803
85804
85805
85806
85813
85887
85888
85889
85890
85891
85895
85896
85897
85898
85899
85901
85919
85920
85921
85922
85923
85926
85927
85928
85929
85930
85931
85933
85940
85941
85973
91221
91392
91393
91394
91395
91398
91399
91400
91401
91402
91403
91405
91423
91424
91425
91426
91427
91431
91432
91433
91434
91435
91436
91437
91445
91519
91520
91521
91522
91523
91527
91528
91529
91530
91531
91533
91551
91552
91553
91554
91555
91559
91560
91561
91562
91563
91565
91573
91605
91903
94292
94293
94294
94464
94465
94466
94467
94471
94472
94473
94474
94475
94476
94477
94478
94495
94496
94497
94498
94499
94500
94502
94503
94504
94505
94506
94507
94509
94516
94517
94518
94591
94592
94593
94594
94595
94596
94598
94599
94600
94601
94602
94603
94605
94620
94622
94623
94624
94625
94626
94627
94631
94632
94633
94634
94635
94636
94637
94638
94645
94676
94677
94678
94972
94974
94975
95484
95486
95487
95828
95829
95830
96000
96001
96002
96003
96004
96006
96007
96008
96010
96011
96025
96028
96029
96030
96031
96032
96034
96035
96040
96041
96042
96044
96045
96046
96112
96114
96115
96120
96121
96122
96124
96125
96126
96137
96140
96141
96142
96143
96160
96161
96164
96165
96166
96167
96171
96177
96180
96181
96182
96183
96187
96511
96853
97024
97025
97026
97027
97031
97032
97033
97034
97035
97036
97037
97038
97055
97056
97057
97058
97059
97062
97063
97064
97065
97066
97067
97069
97077
97148
97150
97151
97152
97153
97154
97155
97159
97160
97161
97162
97163
97164
97165
97183
97184
97185
97186
97187
97190
97191
97192
97193
97194
97195
97197
97205
97237
241919
242261
242432
242433
242434
242435
242439
242440
242441
242442
242443
242444
242445
242446
242463
242464
242465
242466
242467
242468
242470
242471
242472
242473
242474
242475
242477
242484
242485
242486
242559
242560
242561
242562
242563
242564
242566
242567
242568
242569
242570
242571
242573
242588
242590
242591
242592
242593
242594
242595
242599
242600
242601
242602
242603
242604
242605
242606
242613
242644
242645
242646
243796
243797
243968
243969
243970
243971
243974
243975
243976
243977
243978
243979
243981
243996
243998
243999
244000
244001
244002
244003
244007
244008
244009
244010
244011
244012
244013
244014
244021
244092
244094
244095
244096
244097
244098
244099
244103
244104
244105
244106
244107
244108
244109
244110
244127
244128
244129
244130
244131
244132
244134
244135
244136
244137
244138
244139
244141
244148
244149
244150
244181
244479
244821
244992
244993
244994
244995
244996
244998
244999
245000
245001
245002
245003
245005
245017
245020
245021
245022
245023
245024
245026
245027
245031
245032
245033
245034
245036
245037
245038
245104
245106
245107
245111
245112
245113
245114
245115
245116
245117
245118
245132
245133
245134
245135
245152
245153
245156
245157
245158
245159
245163
245168
245169
245172
245173
245174
245175
245179
245503
311322
311373
311600
311601
311611
311676
311677
311678
311715
311720
311722
312052
312054
312512
312513
312514
312518
312523
312531
312536
312537
312538
312558
312816
312817
312818
312820
312822
312823
312827
312847
312868
312869
312881
312884
312885
312886
312947
312953
312957
312972
312973
312974
312991
312992
312994
312999
313002
313003
314261
314305
314308
314309
314310
314322
314327
314330
314351
316160
316161
316162
316164
316165
316166
316167
316171
316178
316179
316183
316184
316185
316186
316204
316206
316207
316227
316232
316233
316236
316237
316238
316252
316254
316255
316256
316258
316259
316263
316264
316265
316266
316267
316339
316344
316345
316348
316349
316350
317247
317329
317332
317333
317334
317376
317377
317378
317380
317381
317382
317383
317386
317387
317392
317394
317395
317399
317400
317401
317402
317403
317404
317405
317406
317420
317421
317422
317423
317503
317588
317589
317632
317633
317634
317636
317637
317638
317639
317640
317642
317643
317648
317650
317651
317655
317656
317657
317658
317661
317676
317677
317678
317679
317903
317925
317936
317937
317938
317940
317941
317942
317943
317947
317967
317985
317988
317989
317990
318000
318001
318002
318004
318005
318006
318011
318067
318071
318072
318073
318074
318076
318077
318078
318089
318092
318093
318094
318110
318111
318112
318113
318114
318115
318118
318119
318120
318121
318122
318123
322815
323156
323157
323328
323329
323330
323332
323333
323334
323339
323344
323346
323347
323351
323352
323354
323355
323375
323395
323400
323401
323404
323405
323420
323422
323427
323431
323432
323433
323434
323516
323517
323518
