49211
49297
49390
49732
49734
49760
49762
50047
50060
50062
50085
50104
50106
51474
51480
51482
51485
51584
51586
51597
51620
51622
51623
51636
51639
51669
52293
52316
52318
52319
52332
52334
52335
52723
52732
52734
52735
52748
52750
52751
52773
52784
52786
52792
52793
52794
52797
52884
52886
52887
52932
52934
52935
52960
52962
52968
52970
52973
52981
58433
58436
58438
58439
58443
58464
58465
58466
58472
58473
58474
58475
58477
58485
58880
58881
58882
58888
58890
58893
58913
58916
58918
58919
58923
58932
58934
58935
59024
59026
59027
59032
59033
59034
59037
59077
59091
59097
59100
59102
59103
59107
59116
59118
59119
59221
61716
61718
61719
61723
61811
61817
61820
61822
61823
61824
61827
61833
61836
61838
61839
61861
61872
61873
61874
61875
61880
61881
61882
61883
61885
63439
63461
63472
63474
63475
63480
63481
63482
63484
63485
63486
63487
63491
63500
63502
63503
63525
63536
63537
63538
63539
63544
63545
63546
63547
63548
63549
63550
63633
63636
63638
63639
63640
63643
63681
63684
63686
63687
63688
63691
63712
63713
63714
63715
63720
63721
63722
63723
63724
63725
63726
63733
63734
64068
64069
64070
64083
64089
64092
64094
64095
64096
64098
64099
64105
64108
64110
64111
64272
64273
64274
64275
64280
64281
64282
64283
64285
64384
64385
64386
64387
64392
64393
64394
64395
64397
64398
64417
64420
64422
64423
64427
64433
64436
64438
64439
64440
64443
64469
135169
135170
135172
135173
135174
135175
135179
135187
135193
135196
135197
135198
135199
135203
135209
135212
135213
135214
135215
135283
135289
135290
135292
135293
135294
135295
135299
135305
135308
135309
135310
135311
135329
135332
135333
135334
135335
135339
135345
135348
135349
135350
135351
135355
135664
135666
135667
135672
135673
135674
135676
135677
135678
135679
135683
135689
135692
135693
135694
135695
135713
135716
135717
135718
135719
135723
135728
135729
135730
135732
135733
135734
135735
135736
135738
135739
135809
135812
135813
135814
135815
135819
135824
135826
135827
135832
135833
135834
135836
135837
135838
135839
135843
135849
135852
135853
135854
135855
135889
135890
135892
135893
135894
135895
135896
135899
137217
137218
137220
137222
137223
137224
137226
137227
137244
137247
137248
137249
137250
137251
137255
137256
137257
137258
137259
137260
137261
137262
137269
137344
137345
137346
137348
137350
137351
137352
137354
137355
137372
137375
137376
137377
137378
137379
137383
137384
137385
137386
137387
137388
137389
137390
137397
137428
137429
137430
137431
137435
137729
137732
137733
137734
137735
137739
137744
137747
137753
137756
137757
137758
137759
137763
137769
137772
137773
137774
137775
137843
137849
137852
137853
137854
137855
137856
137858
137859
137864
137865
137866
137868
137869
137870
137871
137889
137892
137893
137894
137895
137896
137899
137905
137908
137909
137910
137911
137915
138065
138066
138068
138069
138070
138071
138072
138074
138075
138577
138580
138581
138582
138583
138587
214353
214356
214357
214358
214359
214363
217088
217091
217096
217097
217098
217100
217101
217102
217103
217120
217121
217122
217124
217125
217126
217127
217128
217130
217131
217137
217140
217141
217142
217143
217147
217216
217217
217218
217220
217221
217222
217223
217224
217226
217227
217235
217241
217244
217245
217246
217247
217248
217250
217251
217256
217257
217258
217260
217261
217262
217263
217297
217300
217301
217302
217303
217307
217600
217601
217602
217604
217605
217606
217607
217608
217610
217611
217619
217625
217628
217629
217630
217631
217632
217634
217635
217640
217641
217642
217644
217645
217646
217647
217715
217721
217724
217725
217726
217727
217728
217730
217731
217736
217737
217738
217740
217741
217742
217743
217760
217761
217762
217764
217765
217766
217767
217768
217770
217771
217777
217780
217781
217782
217783
217787
217937
217940
217941
217942
217943
217947
219141
219152
219153
219154
219155
219159
219160
219161
219162
219163
219165
219166
219183
219248
219250
219251
219256
219257
219258
219260
219261
219262
219263
219267
219273
219276
219277
219278
219279
219300
219301
219302
219312
219313
219314
219316
219318
219319
219320
219322
219323
219325
219635
219641
219644
219645
219646
219647
219648
219650
219651
219656
219657
219658
219660
219661
219662
219663
219680
219681
219682
219684
219685
219686
219687
219688
219690
219691
219697
219700
219701
219702
219703
219707
219777
219780
219781
219782
219783
219787
219795
219801
219804
219805
219806
219807
219808
219810
219811
219817
219818
219820
219821
219822
219823
219857
219860
219861
219862
219863
219864
219867
220485
220486
220496
220498
220499
220504
220505
220506
220508
220509
220510
220511
220524
220526
220527
225267
225273
225276
225277
225278
225279
294921
295064
295135
295148
295495
295533
295700
295703
295795
295804
295806
295823
295856
295858
295869
297232
297235
297241
297246
297345
297352
297354
297355
297377
297387
297398
298064
298066
298067
298073
298077
298444
298447
298469
298480
298482
298488
298489
298490
298493
298547
298556
298558
298559
298645
298689
298696
298698
298699
298701
298721
298727
298731
298740
298742
304192
304194
304195
304200
304201
304202
304205
304206
304228
304230
304231
304241
304244
304246
304247
304248
304251
304644
304646
304647
304651
304672
304674
304680
304681
304682
304685
304693
304773
304796
304798
304799
304803
304809
304812
304814
304815
304848
304849
304850
304856
304858
304859
304861
304980
304982
304983
307477
307520
307522
307523
307529
307532
307534
307535
307556
307557
307558
307568
307569
307570
307576
307578
307579
307581
307644
307646
307647
309052
309054
309055
309141
309184
309185
309186
309187
309192
309193
309194
309195
309196
309197
309198
309217
309220
309222
309223
309224
309226
309227
309233
309236
309237
309238
309239
309243
309311
309397
309440
309442
309443
309449
309450
309452
309453
309454
309455
309476
309477
309478
309479
309489
309490
309492
309495
309496
309498
309499
309501
309840
309841
309842
309847
309848
309850
309851
309853
310020
310021
310022
310023
310044
310046
310047
310048
310050
310051
310057
310060
310061
310062
310063
310148
310149
310150
310151
310175
310176
310178
310179
310184
310185
310186
310188
310189
310190
310197
310225
310228
310230
310231
310232
310234
310235
