28
114
177
456
458
479
483
489
575
661
708
710
729
1795
1801
1805
1823
1824
1826
1831
1832
1834
1907
1913
1916
1917
1918
1932
1933
1934
1952
1953
1956
1958
1959
1963
1973
2300
2302
2641
2644
2646
2651
2821
2834
2840
2842
2863
2895
2916
2918
2932
2933
2995
3001
7177
7180
7181
7182
7183
7200
7201
7202
7204
7206
7207
7210
7211
7220
7221
7222
7292
7293
7294
7295
7299
7304
7305
7306
7308
7309
7310
7327
7328
7329
7330
7331
7335
7336
7337
7338
7339
7349
7628
7630
7631
7649
7652
7653
7654
7659
7664
7665
7666
7668
7669
7670
7671
7675
7728
7730
7731
7735
7736
7737
7738
7740
7741
7809
7812
7813
7814
7824
7825
7826
7827
7831
7832
7833
7834
7835
7837
7852
7854
7855
7888
7889
7890
7892
7893
7894
7895
7899
9203
9208
9209
9212
9213
9214
10565
10576
10577
10578
10582
10583
10584
10586
10587
10607
11269
11280
11281
11282
11284
11286
11287
11290
11291
11331
11337
11340
11341
11342
11359
11360
11361
11362
11366
11367
11368
11370
11371
11381
11449
11452
11453
11454
11577
11580
11581
11582
11664
11665
11666
11670
11671
11675
11717
11728
11729
11730
11735
11738
11739
11977
11980
11981
11982
12000
12001
12002
12006
12007
12010
12011
12021
85055
85141
85184
85185
85186
85187
85191
85192
85193
85194
85195
85196
85197
85198
85215
85216
85217
85218
85219
85220
85222
85223
85224
85225
85226
85227
85229
85236
85237
85238
85525
85568
85569
85570
85571
85572
85574
85575
85576
85577
85578
85579
85581
85596
85598
85599
85600
85601
85602
85603
85607
85608
85609
85610
85611
85612
85613
85614
85621
85695
85780
85781
85782
85824
85825
85826
85827
85831
85832
85833
85834
85835
85836
85837
85838
85856
85857
85858
85859
85860
85862
85863
85864
85866
85867
85869
85876
85877
85878
85948
85950
85951
91200
91201
91202
91204
91206
91207
91208
91210
91211
91228
91230
91231
91232
91234
91235
91240
91241
91242
91244
91245
91246
91452
91454
91455
91540
91541
91542
91584
91585
91586
91588
91590
91591
91592
91594
91595
91612
91614
91615
91616
91618
91619
91624
91625
91626
91628
91629
91630
91840
91842
91843
91848
91849
91850
91852
91853
91854
91872
91873
91874
91876
91878
91879
91880
91882
91883
91892
91893
91894
94481
94484
94485
94486
94487
94528
94530
94531
94536
94537
94538
94540
94541
94542
94543
94560
94561
94562
94564
94566
94567
94568
94570
94571
94580
94581
94582
94649
94652
94654
94655
95424
95426
95427
95431
95432
95433
95434
95435
95436
95437
95438
95455
95456
95457
95458
95459
95460
95462
95463
95464
95465
95466
95467
95469
95476
95477
95478
95764
95765
95766
95808
95809
95810
95811
95815
95816
95817
95818
95819
95821
95838
95839
95840
95841
95842
95843
95847
95848
95849
95850
95851
95853
95861
95932
95934
95935
96021
96064
96065
96066
96068
96070
96071
96072
96074
96075
96083
96089
96092
96093
96094
96095
96098
96099
96104
96105
96106
96108
96109
96110
96191
97084
97086
97087
97172
97173
97174
97216
97217
97218
97220
97222
97223
97224
97226
97227
97244
97246
97247
97248
97250
97251
97256
97257
97258
97260
97261
97262
242494
242495
242580
242581
242624
242625
242626
242627
242630
242631
242632
242633
242634
242635
242637
242654
242655
242656
242657
242658
242659
242663
242664
242665
242666
242667
242668
242669
242677
243988
243989
243990
244032
244033
244034
244035
244039
244040
244041
244042
244043
244044
244045
244063
244064
244065
244066
244067
244070
244071
244072
244073
244074
244075
244077
244084
244085
244158
244159
244757
244800
244801
244802
244803
244804
244806
244807
244808
244809
244810
244811
244813
244828
244830
244831
244832
244833
244834
244835
244839
244840
244841
244842
244843
244844
244845
244846
244853
244927
245043
245049
245052
245053
245054
245055
245125
245136
245137
245138
245140
245141
245142
245143
245144
245146
245147
245185
245188
245189
245190
245195
245200
245201
245202
245203
245204
245206
245207
245208
245209
245210
245211
245213
245228
245230
245231
245442
245443
245448
245449
245450
245452
245453
245454
245455
245472
245473
245474
245476
245477
245478
245479
245480
245482
245483
245489
245492
245493
245494
311319
311390
311395
311401
311484
311567
311589
311605
311667
311672
311674
311712
311714
311723
312050
312453
312464
312465
312466
312470
312475
312529
312532
312533
312534
312780
312781
312782
312799
312802
312803
312807
312808
312810
312883
312888
312889
312893
312959
312960
312962
312967
312971
312979
312984
312985
312986
313004
313006
314307
314311
314312
314314
314333
314348
314349
315635
315639
315640
315641
315642
315645
315905
315908
315909
315910
315920
315921
315922
315924
315925
315926
315927
315931
315951
315968
315970
315971
315975
315976
315977
315978
315979
315987
315992
315993
315994
315996
315997
316012
316013
316014
316092
316094
316095
316229
316240
316241
316242
316244
316245
316246
316251
317199
317216
317217
317220
317221
317222
317227
317232
317233
317234
317236
317237
317238
317243
317299
317304
317305
317306
317308
317309
317310
317315
317320
317321
317324
317325
317326
317327
317340
317342
317343
317344
317345
317346
317347
317348
317350
317351
317352
317353
317354
317355
317669
317680
317681
317682
317683
317684
317685
317686
317687
317688
317690
317691
317951
317952
317953
317954
317955
317956
317957
317958
317959
317960
317962
317963
317970
317971
317975
317976
317977
317978
317981
317996
317997
317998
317999
318019
318024
318025
318028
318029
318030
318044
318045
318046
318047
318048
318050
318051
318055
318056
318057
318058
318059
318131
318136
318137
318138
318140
318141
318142
323340
323341
323342
323359
323360
323361
323362
323363
323366
323367
323368
323370
323371
323440
323441
323442
323444
323445
323446
323451
323492
323493
323504
323505
323508
323509
323510
323515
