156
209
219
535
624
626
697
701
836
838
863
876
878
2117
2131
2137
2140
2141
2142
2159
2367
2453
2496
2498
2504
2506
2529
2536
2539
2549
2755
2761
2765
2788
2790
2791
2804
2806
3344
3345
3346
3352
3354
3443
3449
3452
3454
3468
3471
3493
3505
3506
3512
3514
3515
8469
8512
8514
8515
8521
8524
8525
8526
8545
8548
8549
8550
8551
8555
8561
8564
8566
8567
8571
8636
8638
8639
9459
9465
9468
9470
9471
9812
9813
9814
9985
9991
9992
9994
9995
10016
10018
10019
10024
10025
10026
10029
10037
10113
10116
10118
10119
10123
10143
10144
10146
10147
10153
10154
10157
10196
10198
11011
11020
11022
11023
11044
11045
11046
11057
11063
11064
11066
11067
11152
11153
11154
11155
11160
11161
11162
11163
11165
11205
11216
11218
11219
11224
11225
11226
11228
11229
11230
11247
13376
13377
13378
13379
13383
13384
13385
13386
13387
13389
13408
13409
13410
13415
13416
13418
13419
13421
13428
13429
13430
13772
13774
13775
13796
13797
13798
13808
13809
13810
13811
13815
13816
13817
13818
13819
13821
13839
13872
13874
13875
13880
13881
13882
13884
13885
13886
13969
13972
13974
13975
13976
13979
14017
14020
14021
14022
14023
14027
14035
14044
14046
14047
14048
14050
14051
14057
14060
14061
14062
14063
82256
82257
82258
82260
82261
82262
82263
82264
82266
82267
82947
82953
82956
82957
82958
82959
82977
82980
82981
82982
82983
82987
82992
82993
82994
82996
82997
82998
82999
83000
83002
83003
83073
83076
83077
83078
83079
83083
83088
83090
83091
83096
83097
83098
83100
83101
83102
83103
83107
83113
83116
83117
83118
83119
83153
83154
83156
83157
83158
83159
83160
83163
83457
83460
83461
83462
83463
83467
83475
83481
83484
83485
83486
83487
83491
83497
83500
83501
83502
83503
83571
83577
83580
83581
83582
83583
83587
83593
83596
83597
83598
83599
83617
83620
83621
83622
83623
83627
83633
83636
83637
83638
83639
83643
83793
83796
83797
83798
83799
83803
84976
84978
84979
84984
84985
84986
84988
84989
84990
84991
89088
89090
89091
89096
89097
89098
89100
89101
89102
89103
89121
89122
89124
89125
89126
89127
89128
89131
89137
89140
89141
89142
89143
89147
89217
89220
89221
89222
89223
89227
89235
89241
89244
89245
89246
89247
89251
89257
89260
89261
89262
89263
89297
89300
89301
89302
89303
89307
89604
89605
89606
89616
89618
89619
89624
89625
89626
89628
89629
89630
89644
89646
89647
89712
89714
89715
89720
89721
89722
89724
89725
89726
89727
89731
89737
89740
89741
89742
89743
89764
89765
89766
89767
89771
89776
89777
89778
89780
89782
89783
89784
89786
89787
89925
89936
89937
89938
89939
89943
89944
89945
89946
89947
89949
89967
91123
91129
91132
91133
91134
91135
92497
92500
92501
92502
92503
92507
93184
93185
93186
93188
93189
93190
93191
93192
93194
93195
93203
93209
93212
93213
93214
93215
93216
93218
93219
93224
93225
93226
93228
93229
93230
93231
93299
93305
93308
93309
93310
93311
93312
93314
93315
93320
93321
93322
93324
93325
93326
93327
93344
93345
93346
93348
93349
93350
93351
93352
93354
93355
93361
93364
93365
93366
93367
93371
93683
93689
93692
93693
93694
93695
93699
93705
93706
93708
93709
93710
93711
93728
93729
93730
93732
93733
93734
93735
93736
93739
93745
93748
93749
93750
93751
93755
93824
93825
93826
93828
93829
93830
93831
93832
93834
93835
93843
93849
93852
93853
93854
93855
93856
93858
93859
93864
93865
93866
93868
93869
93870
93871
93905
93908
93909
93910
93911
93915
168961
168964
168965
168966
168967
168971
168976
168978
168979
168984
168985
168986
168988
168989
168990
168991
168995
169001
169004
169005
169006
169007
169072
169075
169081
169082
169084
169085
169086
169087
169091
169097
169100
169101
169102
169103
169121
169124
169125
169126
169127
169131
169136
169137
169138
169140
169141
169142
169143
169144
169146
169147
169472
169473
169474
169476
169478
169479
169480
169481
169482
169483
169485
169503
169504
169505
169506
169507
169508
169511
169512
169513
169514
169515
169517
169524
169525
169526
169601
169604
169605
169606
169607
169608
169611
169619
169625
169628
169630
169631
169632
169634
169635
169640
169641
169642
169644
169645
169646
169647
169681
169684
169685
169686
169687
169691
169812
169813
169814
169815
245772
245953
245962
245991
246363
246534
246573
246672
246675
246681
246686
246751
246767
248133
248160
248162
248163
248169
248174
248858
248861
248967
248971
248993
249000
249003
249012
249014
249015
249044
249046
249047
249408
249410
249417
249421
249422
249446
249457
249464
249466
249467
249469
249621
249712
249715
249721
249724
249726
249727
249743
249776
249778
249779
249785
249788
249790
249791
255252
255254
255255
255360
255362
255363
255369
255372
255373
255374
255397
255398
255409
255410
255416
255418
255419
255421
255445
258113
258119
258120
258122
258123
258125
258145
258148
258151
258152
258154
258155
258164
258166
258167
258576
258578
258579
258585
258588
258590
258591
258607
258692
258693
258694
258695
258720
258721
258722
258723
258728
258729
258730
258732
258733
258734
258741
258769
258776
258778
258779
258781
258885
258896
258898
258899
258905
258908
258910
258911
258912
258915
258921
258924
258926
258927
260353
260356
260358
260359
260360
260362
260363
260385
260386
260391
260392
260394
260395
260397
260404
260405
260406
260407
260496
260497
260498
260499
260504
260505
260506
260507
260508
260509
260510
260548
260549
260550
260576
260578
260579
260585
260588
260589
260590
260591
260597
261201
261204
261206
261207
261208
261210
261211
261571
261580
261582
261583
261605
261616
261618
261619
261625
261626
261628
261629
261630
261631
261635
261644
261646
261647
261669
261680
261682
261683
261689
261692
261693
261694
261695
261780
261781
261782
261824
261825
261826
261827
261832
261833
261834
261835
261836
261837
261838
261860
261861
261862
261863
261873
261874
261876
261879
261880
261882
261883
261885
