65589
65748
65750
66064
66066
66213
66225
66231
66235
66384
66386
66392
66394
67648
67650
67651
67656
67657
67658
67661
67681
67687
67691
67701
68047
68069
68081
68091
68147
68153
68244
68246
68292
68294
68316
68318
68319
68323
68332
68334
68928
68930
68936
68938
68941
68961
68962
68967
68968
68970
68971
68981
73813
73984
73985
73986
73987
73991
73992
73993
73994
73995
73997
74016
74017
74018
74023
74024
74026
74027
74036
74037
74038
74113
74116
74118
74119
74123
74140
74142
74143
74144
74146
74147
74153
74156
74157
74158
74193
74196
74197
74198
74199
74203
74495
75571
75577
75580
75581
75582
75668
75670
75671
75713
75716
75718
75719
75723
75740
75743
75747
75753
75756
75757
75758
75980
75982
75983
76004
76005
76006
76017
76023
76024
76026
76027
76357
76368
76370
76371
76376
76377
76378
76381
76399
76549
76560
76562
76563
76568
76569
76570
76573
76591
76659
76665
76668
76669
76670
76671
76684
76686
76687
76708
76709
76710
76720
76721
76722
76727
76728
76730
76731
78933
79104
79105
79106
79107
79112
79113
79114
79115
79116
79117
79118
79136
79137
79138
79140
79142
79143
79144
79146
79147
79156
79157
79158
79233
79236
79237
79238
79239
79243
79251
79257
79260
79262
79263
79264
79266
79267
79273
79274
79276
79277
79278
79279
79313
79316
79317
79318
79319
79323
79615
147716
147717
147718
147728
147730
147731
147736
147737
147738
147740
147741
147742
147756
147758
147759
147824
147826
147827
147832
147833
147834
147836
147837
147838
147852
147854
147855
147876
147877
147878
147888
147889
147890
147892
147894
147895
147896
147898
147899
148720
148722
148723
148727
148728
148729
148730
148732
148733
148734
149061
149072
149073
149074
149075
149076
149078
149079
149080
149081
149082
149083
149103
149252
149253
149254
149264
149265
149266
149267
149271
149272
149273
149274
149275
149276
149277
149278
149292
149294
149295
149327
149349
149360
149361
149362
149363
149367
149368
149369
149370
149371
149372
149373
149374
149388
149390
149391
149412
149413
149414
149424
149425
149426
149427
149428
149430
149431
149432
149433
149434
149435
149437
150284
150286
150287
150308
150309
150310
150320
150321
150322
150324
150326
150327
150328
150330
150331
150404
150405
150406
150416
150418
150419
150424
150425
150426
150428
150429
150430
150444
150446
150447
150480
150481
150482
150484
150486
150487
150488
150490
150491
154831
154853
154864
154865
154866
154867
154871
154872
154873
154874
154875
154876
154877
154878
155216
155217
155218
155220
155222
155223
155224
155226
155227
155396
155397
155398
155408
155410
155411
155416
155417
155418
155420
155421
155422
155436
155438
155439
155504
155506
155507
155513
155516
155517
155518
155519
155523
155529
155532
155533
155534
155535
155553
155556
155557
155558
155559
155563
155568
155569
155570
155572
155574
155575
155576
155578
155579
156428
156430
156431
156452
156453
156454
156464
156465
156466
156467
156468
156470
156471
156472
156473
156474
156475
156477
156548
156549
156550
156560
156561
156562
156563
156567
156568
156569
156570
156571
156572
156573
156574
156588
156590
156591
156613
156624
156625
156626
156627
156628
156630
156631
156632
156633
156634
156635
156637
156655
157956
157957
157958
157968
157969
157970
157971
157975
157976
157977
157978
157979
157980
157981
157982
157996
157998
157999
158031
158053
158064
158065
158066
158067
158071
158072
158073
158074
158075
158076
158077
158078
158092
158094
158095
158116
158117
158118
158128
158129
158130
158131
158132
158134
158135
158136
158137
158138
158139
158141
158789
158800
158801
158802
158803
158804
158806
158807
158808
158809
158810
158811
158813
158831
158988
158990
158991
159012
159013
159014
159024
159025
159026
159027
159028
159030
159031
159032
159033
159034
159035
159037
159108
159109
159110
159120
159121
159122
159123
159127
159128
159129
159130
159131
159132
159133
159134
159148
159150
159151
159173
159184
159185
159186
159187
159188
159190
159191
159192
159193
159194
159195
159197
159215
159439
159461
159472
159473
159474
159475
159479
159480
159481
159482
159483
159484
159485
159486
234576
234577
234578
234580
234582
234583
234584
234586
234587
234764
234766
234767
234788
234789
234790
234800
234801
234802
234803
234804
234806
234807
234808
234809
234810
234811
234813
234885
234896
234897
234898
234899
234900
234903
234904
234905
234906
234907
234909
234910
234927
234948
234949
234950
234960
234962
234963
234969
234970
234972
234973
234974
234975
234976
234979
234985
234988
234990
234991
235215
235237
235248
235249
235250
235251
235256
235257
235258
235260
235261
235262
311358
311546
311549
311892
311894
312072
312075
312216
312219
312260
312262
312263
312289
312296
312298
312301
312310
313693
314373
314400
314402
314403
314409
314414
314421
314512
314515
314521
314524
314526
314527
314579
314588
314591
314607
314949
314976
314978
314979
314985
314988
314990
314991
315152
315154
315155
315161
315166
315268
315270
315271
315297
315298
315304
315306
315309
315317
315318
315345
315352
315354
315355
315357
320836
320839
320840
320843
320865
320871
320872
320874
320875
320877
320884
320886
320887
323604
323606
323607
323608
323611
323713
323720
323722
323723
323725
323748
323750
323751
323761
323768
323770
323771
323773
323796
323797
323798
323799
324160
324162
324163
324169
324170
324172
324173
324174
324175
324197
324198
324208
324209
324210
324211
324216
324217
324218
324221
324222
324373
324431
324464
324467
324473
324476
324478
324479
324480
324482
324483
324489
324492
324494
324495
324517
324528
324530
324531
324537
324540
324542
324543
324565
325909
325910
326000
326003
326012
326015
326016
326018
326019
326025
326028
326030
326031
326053
326064
326066
326067
326073
326076
326077
326078
326079
326101
326720
326721
326722
326723
326728
326729
326730
326731
326732
326733
326734
326735
326756
326757
326758
326759
326768
326769
326770
326771
326776
326777
326778
326779
326781
326782
327185
327188
327190
327191
327192
327194
327195
327197
327297
327298
327300
327303
327304
327306
327307
327309
327329
327332
327334
327335
327336
327339
327345
327348
327350
327351
327352
327354
327355
327357
327380
327381
327382
327383
327489
327492
327493
327494
327495
327496
327499
327520
327521
327522
327523
327527
327528
327529
327530
327531
327533
327534
327540
327541
327542
327543
