32831
32960
32963
32972
33010
33017
33022
33365
33538
33545
33766
33777
33786
33789
35156
35158
35841
35848
35850
35851
35853
35876
35878
35879
35889
35896
35898
35899
35901
35988
35990
35991
36040
36043
36068
36071
36088
36091
36436
36439
36440
36443
36612
36615
36641
36648
36651
36660
36662
36663
36753
36760
36762
36763
36765
36804
36806
36807
36833
36840
36842
36843
36845
36852
36854
36855
42321
42328
42330
42331
42333
45060
45062
45063
45089
45090
45096
45098
45099
45101
45108
45109
45110
45111
45201
45202
45208
45209
45210
45213
45214
45253
45254
45280
45281
45282
45283
45289
45290
45292
45293
45294
45295
45301
45302
45648
45649
45650
45651
45657
45658
45660
45661
45662
45663
45829
45856
45858
45859
45865
45868
45870
45871
45877
45968
45970
45971
45977
45980
45982
45983
46021
46035
46044
46047
46048
46050
46051
46057
46060
46062
46063
46069
47429
47440
47442
47443
47449
47452
47454
47455
47456
47459
47468
47471
48133
48144
48146
48147
48153
48156
48158
48159
48160
48162
48163
48169
48172
48174
48175
48181
48261
48272
48274
48275
48281
48284
48286
48287
48288
48290
48291
48297
48300
48302
48303
48309
48325
48336
48338
48339
48345
48348
48350
48351
48352
48355
48361
48364
48366
48367
48709
48720
48723
48732
48735
48736
48738
48739
48745
48748
48750
48751
48757
48912
48913
48914
48915
48921
48922
48924
48925
48926
48927
48940
48943
49028
49029
49030
49031
49056
49057
49058
49059
49064
49065
49066
49067
49068
49069
49070
49071
49077
49078
49104
49105
49106
49107
49112
49113
49114
49115
49116
49117
49118
49119
120084
120085
120086
120128
120129
120130
120131
120136
120137
120138
120140
120141
120142
120161
120162
120164
120165
120166
120167
120168
120170
120171
120177
120180
120181
120182
120183
120184
120187
120252
120254
120255
196629
196672
196673
196674
196675
196676
196678
196679
196680
196681
196682
196683
196685
196700
196702
196703
196704
196705
196706
196707
196711
196712
196713
196714
196715
196716
196717
196718
196725
196799
196924
196926
196927
197012
197013
197014
197056
197057
197058
197059
197060
197062
197063
197064
197065
197066
197067
197069
197084
197086
197087
197088
197089
197090
197091
197095
197096
197097
197098
197099
197100
197101
197102
197109
197183
197269
197312
197313
197314
197315
197319
197320
197321
197322
197323
197324
197325
197326
197343
197344
197345
197346
197347
197348
197350
197351
197352
197353
197354
197355
197357
197364
197365
197366
198460
198462
198463
198548
198549
198550
198592
198593
198594
198596
198598
198599
198600
198602
198603
198620
198622
198623
198624
198626
198627
198632
198633
198634
198636
198637
198638
198848
198850
198851
198856
198857
198858
198860
198861
198862
198879
198880
198881
198882
198884
198886
198887
198888
198889
198890
198891
198900
198901
198902
199189
199232
199233
199234
199235
199236
199238
199239
199240
199241
199242
199243
199245
199260
199262
199263
199264
199265
199266
199267
199271
199272
199273
199274
199275
199276
199277
199278
199285
199359
199444
199445
199446
199488
199489
199490
199491
199495
199496
199497
199498
199499
199500
199501
199502
199519
199520
199521
199522
199523
199524
199526
199527
199528
199529
199530
199531
199533
199540
199541
199542
199612
199614
199615
204604
204606
204607
204692
204693
204694
204736
204737
204738
204739
204740
204742
204743
204744
204745
204746
204747
204749
204767
204768
204769
204770
204771
204775
204776
204777
204778
204779
204781
204782
204789
204863
204949
204992
204993
204994
204995
204999
205000
205001
205002
205003
205004
205005
205006
205023
205024
205025
205026
205027
205028
205030
205031
205032
205033
205034
205035
205037
205044
205045
205046
205376
205377
205378
205380
205382
205383
205384
205386
205387
205404
205406
205407
205408
205410
205411
205416
205417
205418
205420
205421
205422
205429
205588
205589
205590
205632
205634
205635
205640
205641
205642
205644
205645
205646
205664
205665
205666
205668
205670
205671
205672
205674
205675
205684
205685
205686
205756
205758
205759
206912
206913
206914
206916
206918
206919
206920
206922
206923
206940
206942
206943
206944
206946
206947
206952
206953
206954
206956
206957
206958
207164
207166
207167
207252
207253
207254
207296
207297
207298
207300
207302
207303
207304
207306
207307
207324
207326
207327
207328
207330
207331
207336
207337
207338
207340
207341
207342
207552
207554
207555
207560
207561
207562
207564
207565
207566
207584
207585
207586
207588
207590
207591
207592
207594
207595
207604
207605
207606
208148
208149
208150
208192
208194
208195
208200
208201
208202
208204
208205
208206
208224
208225
208226
208228
208230
208231
208232
208234
208235
208244
208245
208246
208316
208318
208319
278657
278667
278741
279044
279046
279084
279086
279167
279171
279177
279181
279380
279382
280592
280594
280595
280600
280601
280602
280605
280691
280697
280701
280719
280741
280752
280753
280754
280759
280760
280762
280763
281084
281086
281100
281102
281124
281126
281140
281142
281143
281221
281235
281241
281245
281263
281297
281303
281307
281936
281938
281944
281946
286741
286784
286785
286786
286787
286791
286792
286793
286794
286795
286797
286816
286817
286818
286823
286824
286826
286827
286829
286836
286837
286838
286911
287168
287170
287171
287177
287180
287181
287182
287201
287204
287206
287207
287211
287220
287221
287222
287292
287294
287295
287380
287381
287382
287424
287425
287426
287428
287430
287431
287432
287434
287435
287452
287454
287455
287456
287458
287459
287464
287465
287466
287468
287469
287470
288719
288741
288752
288753
288754
288760
288762
288763
288816
288818
288819
288824
288825
288826
288829
288912
288913
288914
288919
288920
288922
288923
288965
288976
288978
288979
288985
288988
288989
288990
289007
289297
289300
289302
289303
289307
289356
289358
289359
289380
289381
289382
289393
289396
289398
289399
289403
289459
289465
289468
289469
289470
289601
289604
289605
289606
289607
289611
289619
289625
289628
289629
289630
289631
289635
289641
289644
289645
289646
289647
292117
292160
292161
292162
292163
292167
292168
292169
292170
292171
292173
292191
292192
292193
292194
292195
292199
292200
292201
292202
292203
292205
292213
292287
