33044
33045
33088
33089
33092
33093
33104
33105
33108
33109
33792
33793
33796
33797
33808
33809
33812
33813
33814
33819
33856
33857
33858
33860
33861
33862
33867
33872
33873
33874
33876
33877
33878
33883
33903
33983
34048
34049
34050
34052
34053
34054
34059
34064
34065
34066
34068
34069
34070
34075
34095
34112
34113
34114
34116
34117
34118
34123
34128
34129
34130
34132
34133
34134
34139
34159
34239
34559
36864
36865
36866
36868
36869
36870
36875
36880
36881
36882
36884
36885
36886
36891
36911
36928
36929
36930
36932
36933
36934
36939
36944
36945
36946
36948
36949
36950
36955
36975
37055
37120
37121
37122
37124
37125
37126
37131
37136
37137
37138
37140
37141
37142
37143
37146
37147
37167
37184
37185
37186
37187
37188
37189
37190
37191
37194
37195
37200
37201
37202
37203
37204
37205
37206
37207
37210
37211
37230
37231
37310
37311
37631
37888
37889
37890
37891
37892
37893
37894
37895
37898
37899
37904
37905
37906
37907
37908
37909
37910
37911
37914
37915
37934
37935
37952
37953
37954
37955
37956
37957
37958
37959
37960
37961
37962
37963
37968
37969
37970
37971
37972
37973
37974
37975
37976
37977
37978
37979
37996
37997
37998
37999
38076
38078
38079
38144
38145
38146
38147
38148
38149
38150
38151
38152
38153
38154
38155
38160
38161
38162
38163
38164
38165
38166
38167
38168
38169
38170
38171
38188
38189
38190
38191
38208
38209
38210
38211
38212
38213
38214
38215
38216
38217
38218
38219
38224
38225
38226
38227
38228
38229
38230
38231
38232
38233
38234
38235
38252
38253
38254
38255
38332
38333
38334
38335
38652
38653
38654
38655
39934
39935
45055
131059
131064
131065
131068
131069
131070
131071
180227
180232
180233
180234
180236
180237
180238
180239
180257
180260
180261
180262
180263
180264
180266
180267
180273
180276
180277
180278
180279
180283
180353
180356
180357
180358
180359
180360
180362
180363
180371
180377
180380
180381
180382
180383
180387
180392
180393
180394
180396
180397
180398
180399
180433
180436
180437
180438
180439
180443
180736
180737
180738
180740
180741
180742
180743
180744
180746
180747
180755
180761
180764
180765
180766
180767
180768
180770
180771
180777
180780
180781
180782
180783
180851
180857
180860
180861
180862
180863
180864
180866
180867
180872
180873
180874
180876
180877
180878
180879
180896
180897
180898
180900
180901
180902
180903
180904
180906
180907
180913
180916
180917
180918
180919
180923
181073
181076
181077
181078
181079
181083
182272
182273
182274
182276
182277
182278
182279
182283
182291
182297
182300
182301
182302
182303
182304
182306
182307
182313
182316
182317
182318
182319
182387
182393
182396
182397
182398
182399
182403
182408
182409
182410
182412
182413
182414
182415
182432
182433
182434
182436
182437
182438
182439
182440
182442
182443
182449
182452
182453
182454
182455
182459
182771
182777
182780
182781
182782
182783
182787
182792
182793
182794
182796
182797
182798
182799
182817
182820
182821
182822
182823
182824
182826
182827
182833
182836
182837
182838
182839
182843
182913
182916
182917
182918
182919
182920
182922
182923
182931
182937
182940
182941
182942
182943
182944
182946
182947
182952
182953
182954
182956
182957
182958
182959
182993
182996
182997
182998
182999
183003
183633
183636
183637
183638
183639
183643
188417
188420
188421
188422
188423
188424
188426
188427
188435
188441
188444
188445
188446
188447
188451
188457
188460
188461
188462
188463
188531
188537
188540
188541
188542
188543
188547
188553
188556
188557
188558
188559
188577
188578
188580
188581
188582
188583
188586
188587
188593
188596
188597
188598
188599
188603
188915
188921
188924
188925
188926
188927
188928
188930
188931
188936
188937
188938
188940
188941
188942
188943
188961
188964
188965
188966
188967
188971
188977
188980
188981
188982
188983
188987
189056
189057
189058
189060
189061
189062
189063
189067
189075
189081
189084
189085
189086
189087
189091
189097
189100
189101
189102
189103
189137
189140
189141
189142
189143
189147
190451
190457
190460
190461
190462
190463
190467
190473
190476
190477
190478
190479
190496
190497
190498
190500
190501
190502
190503
190507
190513
190516
190517
190518
190519
190523
190593
190596
190597
190598
190599
190603
190611
190617
190620
190621
190622
190623
190624
190626
190627
190632
190633
190634
190636
190637
190638
190639
190673
190676
190677
190678
190679
190683
190977
190980
190981
190982
190983
190984
190986
190987
190995
191001
191004
191005
191006
191007
191011
191016
191017
191018
191020
191021
191022
191023
191091
191097
191100
191101
191102
191103
191106
191107
191112
191113
191114
191116
191117
191118
191119
191137
191140
191141
191142
191143
191147
191153
191156
191157
191158
191159
191163
191313
191316
191317
191318
191319
191323
193873
193876
193877
193878
193879
193883
262144
262146
262152
262154
262176
262178
262280
262282
262656
262658
262664
262666
262688
262690
262784
262786
262792
262794
264191
264195
264200
264201
264202
264205
264225
264231
264235
264245
264320
264321
264322
264327
264331
264351
264355
264360
264361
264362
264365
264405
264704
264706
264712
264714
264735
264736
264738
264831
264832
264834
264835
264840
264841
264842
264845
264865
264871
264875
264885
270323
270329
270332
270333
270334
270335
270336
270338
270339
270345
270348
270349
270350
270351
270369
270372
270373
270374
270375
270379
270385
270388
270389
270390
270391
270395
270465
270468
270469
270470
270471
270472
270474
270475
270483
270489
270492
270493
270494
270495
270499
270505
270508
270509
270510
270511
270548
270549
270550
270848
270849
270850
270852
270854
270855
270856
270858
270859
270876
270878
270879
270880
270882
270883
270888
270889
270892
270893
270894
270972
270974
270975
270979
270984
270985
270986
270988
270989
270990
271008
271009
271010
271012
271014
271015
271019
271028
271029
271030
271188
271189
271190
272384
272385
272386
272391
272395
272415
272419
272424
272425
272426
272429
272508
272510
272511
272515
272520
272521
272522
272525
272545
272551
272552
272554
272555
272565
272892
272894
272895
272896
272898
272899
272905
272908
272909
272910
272928
272929
272930
272932
272934
272935
272936
272938
272939
272948
272949
272950
273025
273028
273030
273031
273032
273034
273035
273052
273054
273055
273056
273058
273059
273065
273068
273069
273070
273108
273109
273110
273749
