58
199
604
606
784
787
793
929
936
938
980
982
983
2371
2380
2382
2383
2405
2418
2426
2429
2495
3136
3138
3139
3145
3150
3174
3185
3192
3194
3195
3589
3603
3612
3614
3615
3628
3631
3716
3718
3719
3744
3746
3753
3754
3757
3765
3793
3799
3803
3920
3922
3923
3929
3932
3933
3934
9301
9472
9474
9475
9481
9484
9486
9487
9509
9520
9521
9522
9528
9529
9530
9533
9620
9622
9623
9665
9668
9671
9672
9675
9697
9704
9706
9707
9709
9716
9718
9980
9983
12544
12546
12547
12553
12556
12557
12558
12559
12580
12581
12582
12593
12594
12600
12602
12603
12605
12689
12692
12694
12695
12696
12699
12737
12740
12742
12743
12744
12747
12768
12769
12770
12776
12777
12778
12779
12781
12788
12789
12790
14357
14400
14402
14403
14408
14409
14410
14412
14413
14414
14415
14436
14437
14438
14439
14448
14449
14450
14455
14456
14458
14459
14461
14524
14527
14853
14864
14866
14867
14873
14876
14878
14879
14883
14892
14894
14895
14980
14982
14983
14987
15008
15009
15010
15011
15016
15017
15018
15019
15021
15022
15029
15030
15057
15060
15062
15063
15064
15066
15067
15069
15173
15184
15186
15187
15193
15196
15197
15198
15199
15215
15637
15680
15682
15683
15689
15690
15692
15693
15694
15695
15716
15717
15718
15719
15728
15729
15730
15732
15734
15735
15736
15737
15738
15739
15741
15795
15804
15806
15807
86101
86272
86273
86274
86275
86276
86278
86279
86280
86281
86282
86283
86285
86300
86302
86303
86304
86305
86306
86307
86311
86312
86313
86314
86315
86316
86317
86318
86325
86396
86398
86399
86400
86401
86402
86403
86407
86408
86409
86410
86411
86412
86413
86414
86431
86432
86433
86434
86435
86436
86438
86439
86440
86441
86442
86443
86445
86452
86453
86454
86485
86783
87295
87637
87808
87809
87810
87811
87815
87816
87817
87818
87819
87820
87821
87822
87840
87841
87842
87844
87846
87847
87848
87850
87851
87853
87860
87861
87862
87863
87867
87940
87941
87942
87943
87952
87955
87961
87964
87965
87966
87967
87968
87971
87977
87980
87981
87982
87983
88016
88017
88018
88020
88022
88023
88024
88025
88026
88027
88029
88316
88319
88661
88832
88833
88834
88835
88839
88840
88841
88842
88843
88845
88846
88863
88864
88865
88866
88867
88868
88870
88871
88872
88873
88874
88875
88877
88884
88885
88886
88959
88960
88961
88962
88963
88964
88966
88967
88968
88969
88970
88971
88973
88988
88990
88991
88992
88993
88994
88995
88999
89000
89001
89002
89003
89004
89005
89006
89013
89044
89045
89046
164948
164949
164950
165120
165121
165122
165123
165127
165128
165129
165130
165131
165132
165133
165134
165151
165152
165153
165154
165155
165156
165158
165159
165160
165161
165162
165163
165165
165172
165173
165174
165247
165248
165249
165250
165251
165255
165256
165257
165258
165259
165261
165276
165279
165280
165281
165282
165283
165287
165288
165289
165290
165291
165293
165294
165301
165333
165628
165630
165631
168188
168190
168191
168532
168533
168534
168704
168705
168706
168707
168708
168710
168711
168712
168713
168714
168715
168717
168732
168734
168735
168736
168737
168738
168739
168743
168744
168745
168746
168747
168748
168749
168750
168757
168828
168830
168831
168832
168833
168834
168835
168839
168840
168841
168842
168843
168844
168845
168846
168863
168864
168865
168866
168867
168868
168870
168871
168872
168873
168874
168875
168877
168884
168885
168886
168917
170069
170240
170241
170242
170243
170244
170246
170247
170248
170249
170250
170251
170253
170271
170272
170273
170274
170275
170279
170280
170281
170282
170283
170285
170286
170293
170367
170368
170369
170370
170371
170372
170375
170376
170377
170378
170379
170381
170399
170400
170401
170402
170403
170407
170408
170409
170410
170411
170413
170414
170421
170452
170453
170454
170751
171092
171093
171094
171264
171265
171266
171267
171272
171273
171274
171276
171277
171278
171296
171297
171298
171300
171302
171303
171304
171306
171307
171316
171317
171318
171319
171323
171396
171397
171398
171399
171403
171411
171417
171420
171421
171422
171423
171424
171427
171433
171436
171437
171438
171439
171472
171473
171474
171476
171478
171479
171480
171482
171483
171772
171774
171775
175359
175701
175872
175873
175874
175875
175879
175880
175881
175882
175883
175885
175886
175903
175904
175905
175906
175907
175908
175911
175912
175913
175914
175915
175917
175925
175999
176000
176001
176002
176003
176007
176008
176009
176010
176011
176013
176031
176032
176033
176034
176035
176039
176040
176041
176042
176043
176045
176053
176085
245904
245977
246336
246338
246349
246375
246388
246595
246601
246628
246630
246647
248064
248066
248072
248074
248077
248103
248107
248116
248118
248211
248217
248222
248272
248274
248285
248917
249091
249097
249100
249102
249124
249126
249137
249143
249147
249232
249234
249240
249242
249245
249285
249299
249305
249308
249310
249311
249324
249327
249599
254977
254980
254982
254983
254984
254986
254987
255008
255009
255010
255016
255017
255018
255019
255021
255029
255108
255109
255110
255132
255134
255135
255139
255145
255148
255150
255151
255185
255191
255192
255194
255195
255509
255555
255564
255566
255567
255589
255590
255601
255602
255607
255608
255610
255611
255613
255676
255678
255679
255808
255809
255810
255816
255818
255819
255821
255841
255847
255848
255850
255851
255860
255861
255862
258388
258389
258390
258391
259084
259087
259109
259120
259121
259122
259123
259128
259129
259130
259132
259133
259134
259217
259220
259222
259223
259224
259227
259265
259268
259270
259271
259275
259295
259296
259298
259299
259304
259305
259306
259308
259309
259310
259317
259649
259652
259654
259655
259659
259679
259680
259682
259683
259688
259689
259690
259692
259693
259694
259701
259857
259860
259861
259862
259863
259867
259916
259918
259919
259941
259952
259953
259954
259955
259960
259961
259962
259963
259964
259965
259966
259983
260005
260016
260018
260019
260024
260025
260026
260028
260029
260030
261071
261104
261106
261107
261113
261116
261117
261118
261119
