65541
65563
65619
65624
65646
65820
65821
65833
65887
65890
65971
65975
65978
66301
66596
66597
66613
66672
66674
66678
66683
66703
66720
66721
66724
66725
66726
66731
66867
66871
66872
66873
66874
66940
66941
66942
66947
66951
66952
66953
66954
66972
66973
66985
66988
66989
67276
67277
67278
67294
67295
67299
67303
67304
67306
68592
68593
68594
68596
68598
68603
69695
69760
69761
69762
69764
69765
69766
69771
69776
69777
69778
69780
69781
69782
69787
69807
69841
69844
69845
70080
70081
70082
70083
70084
70086
70087
70088
70089
70090
70091
70098
70099
70103
70104
70105
70106
70124
70125
70126
70127
70206
70207
70271
70272
70273
70274
70276
70277
70278
70283
70288
70289
70290
70292
70293
70294
70295
70299
70319
70356
70357
70860
70861
70862
70876
70877
70878
70879
70880
70882
70883
70886
70887
70888
70889
70890
70891
71140
71141
71152
71153
71154
71155
71156
71157
71158
71159
71160
71161
71162
71163
71182
71183
71199
71200
71201
71202
71204
71205
71206
71211
71216
71217
71218
71220
71221
71222
71227
71280
71281
71282
71283
71284
71285
71286
71287
71288
71289
71290
71291
71310
71311
71327
71328
71329
71330
71332
71333
71334
71335
71338
71339
71345
71348
71349
72499
72503
72504
72505
72506
72508
72509
72569
72572
72573
72574
72579
72583
72584
72585
72586
72588
72589
72595
72600
72601
72602
72604
72605
72606
72611
72616
72617
72618
72620
72621
72622
77760
77761
77762
77763
77766
77767
77770
77771
77779
77783
77784
77785
77786
77804
77806
77807
163008
163010
163011
163016
163017
163018
163020
163021
163022
163023
163040
163041
163042
163044
163045
163046
163047
163048
163050
163051
163057
163060
163061
163062
163063
163067
163349
163392
163393
163394
163395
163396
163398
163399
163400
163402
163403
163417
163420
163421
163422
163423
163424
163426
163427
163432
163433
163434
163436
163437
163438
163519
163604
163605
163606
163648
163649
163650
163651
163654
163655
163656
163657
163658
163659
163661
163667
163673
163676
163677
163678
163679
163682
163683
163687
163688
163689
163690
163692
163693
163694
163774
163775
213811
213817
213820
213821
213822
213823
213905
213908
213909
213910
213911
213915
213952
213953
213954
213956
213957
213958
213959
213960
213962
213963
213971
213977
213980
213981
213982
213983
213984
213986
213987
213992
213993
213994
213996
213997
213998
213999
215313
215316
215317
215318
215319
215323
215360
215362
215363
215368
215369
215370
215372
215373
215374
215375
215392
215393
215394
215396
215397
215398
215399
215400
215402
215403
215409
215412
215413
215414
215415
215419
215475
215481
215484
215485
215486
215487
216128
216129
216130
216132
216133
216134
216135
216136
216138
216139
216147
216153
216156
216158
216159
216160
216162
216163
216168
216169
216170
216172
216173
216174
216175
216380
216382
216383
216468
216469
216470
216512
216513
216514
216516
216518
216519
216520
216522
216523
216540
216542
216543
216544
216546
216547
216552
216553
216554
216556
216557
216558
216768
216770
216771
216776
216777
216778
216780
216781
216782
216800
216801
216802
216804
216806
216807
216808
216810
216811
216820
216821
216822
216823
221460
221461
221462
221504
221506
221507
221512
221513
221514
221516
221517
221518
221536
221537
221538
221540
221542
221543
221544
221546
221547
221556
221557
221558
221628
221630
221631
222271
222357
222400
222401
222402
222403
222407
222408
222409
222410
222411
222412
222413
222414
222432
222433
222434
222435
222436
222438
222439
222440
222441
222442
222443
222445
222452
222453
222454
222784
222785
222786
222788
222790
222791
222792
222794
222795
222797
222812
222814
222815
222816
222818
222819
222824
222825
222826
222827
222828
222829
222830
222837
222996
222997
222998
223040
223042
223043
223048
223049
223050
223052
223053
223054
223072
223073
223074
223076
223078
223079
223080
223082
223083
223092
223093
223094
223164
223166
223167
224060
224062
224063
224148
224149
224150
224192
224193
224194
224195
224196
224198
224199
224200
224201
224202
224203
224205
224220
224222
224223
224224
224226
224227
224232
224233
224234
224235
224236
224237
224238
224245
226368
226369
226370
226372
226374
226375
226376
226378
226379
226396
226398
226399
226400
226402
226403
226408
226409
226410
226412
226413
226414
226611
226617
226620
226621
226622
226623
226705
226708
226709
226710
226711
226715
226753
226756
226757
226758
226759
226763
226771
226776
226777
226778
226780
226781
226782
226783
226787
226793
226796
226797
226798
226799
227010
227011
227016
227017
227018
227020
227021
227022
227023
227040
227041
227042
227044
227045
227046
227047
227048
227050
227051
227057
227060
227061
227062
227063
227067
294947
294953
295052
295054
295409
295415
295419
295480
295482
295557
295576
295578
295633
295643
296767
296852
296853
296854
296897
296900
296902
296907
296915
296921
296924
296925
296926
296940
296942
297155
297161
297165
297184
297186
297191
297192
297194
297492
297493
297494
297539
297545
297549
297568
297570
297575
297578
297579
297663
297796
297798
297821
297836
297838
302320
302322
302323
302328
302329
302330
302332
302333
302334
302661
302672
302673
302674
302675
302676
302678
302679
302680
302682
302683
302703
302853
302864
302865
302866
302867
302871
302872
302873
302874
302875
302877
302895
302924
302926
302927
302948
302949
302950
302960
302961
302962
302964
302965
302966
302967
302968
302970
302971
303024
303026
303027
303031
303032
303033
303034
303036
303037
303038
303884
303886
303887
303905
303908
303909
303910
303911
303915
303921
303924
303925
303926
303927
303931
304000
304001
304002
304004
304006
304007
304008
304010
304011
304028
304029
304030
304031
304035
304040
304041
304042
304044
304045
304046
304085
305232
305233
305234
305236
305238
305239
305243
305420
305421
305422
305441
305444
305446
305447
305451
305460
305461
305462
305535
305536
305537
305538
305539
305543
305544
305545
305546
305547
305564
305566
305567
305568
305570
305571
305576
305577
305578
305581
305907
305913
305916
305917
305918
306437
306448
306450
306451
306456
306457
306458
306479
306511
306533
306544
306545
306550
306551
306555
306608
306610
306611
306616
306617
306618
