16384
16386
16416
16418
16424
16426
16544
16546
16904
16906
16928
16930
17064
18431
18432
18434
18435
18441
18445
18465
18471
18475
18485
18560
18561
18562
18567
18568
18571
18591
18592
18594
18595
18600
18601
18602
18605
18645
18975
18984
18986
19071
19075
19081
19085
19104
19105
19106
19111
19112
19114
19115
19125
24563
24569
24572
24573
24574
24575
24579
24584
24585
24586
24588
24589
24590
24591
24609
24612
24613
24614
24615
24616
24618
24619
24625
24628
24629
24630
24631
24635
24705
24708
24709
24710
24711
24715
24723
24729
24732
24733
24734
24735
24739
24744
24745
24746
24748
24749
24750
24751
24788
24789
24790
25089
25092
25094
25095
25096
25098
25099
25116
25118
25119
25123
25128
25129
25130
25132
25133
25134
25212
25214
25215
25219
25225
25228
25229
25230
25248
25249
25250
25252
25254
25255
25259
25268
25269
25270
25428
25429
25430
26624
26625
26631
26635
26655
26659
26664
26665
26666
26669
26748
26750
26751
26755
26761
26765
26785
26791
26792
26794
26795
26805
27132
27134
27135
27139
27144
27145
27146
27148
27149
27150
27169
27172
27174
27175
27179
27188
27189
27190
27264
27265
27266
27268
27270
27271
27275
27292
27294
27295
27296
27298
27299
27304
27305
27306
27308
27309
27310
27348
27349
27350
27989
98307
98313
98316
98317
98318
98319
98336
98337
98338
98340
98341
98342
98343
98347
98353
98356
98357
98358
98359
98363
98432
98433
98434
98436
98437
98438
98439
98443
98451
98457
98460
98461
98462
98463
98467
98472
98473
98474
98476
98477
98478
98479
98513
98516
98517
98518
98519
98523
98816
98817
98818
98820
98821
98822
98823
98827
98835
98841
98844
98845
98846
98847
98850
98851
98857
98860
98861
98862
98863
98931
98937
98940
98941
98942
98943
98947
98953
98956
98957
98958
98959
98976
98977
98978
98980
98981
98982
98983
98984
98986
98987
98993
98996
98997
98998
98999
99003
99153
99156
99157
99158
99159
99163
100353
100356
100357
100358
100359
100360
100362
100363
100371
100377
100380
100381
100382
100383
100384
100386
100387
100392
100393
100394
100396
100397
100398
100399
100467
100473
100476
100477
100478
100479
100480
100482
100483
100488
100489
100490
100492
100493
100494
100495
100512
100513
100514
100516
100517
100518
100519
100520
100522
100523
100529
100532
100533
100534
100535
100539
100851
100857
100860
100861
100862
100863
100867
100873
100876
100877
100878
100879
100896
100897
100898
100900
100901
100902
100903
100904
100906
100907
100913
100916
100917
100918
100919
100923
100992
100993
100994
100996
100997
100998
100999
101000
101002
101003
101011
101017
101020
101021
101022
101023
101024
101026
101027
101032
101033
101034
101036
101037
101038
101039
101073
101076
101077
101078
101079
101083
101713
101716
101717
101718
101719
101723
106496
106497
106498
106500
106501
106502
106503
106504
106506
106507
106515
106521
106524
106525
106526
106527
106528
106530
106531
106536
106537
106538
106540
106541
106542
106543
106611
106617
106620
106621
106622
106623
106627
106632
106633
106634
106636
106637
106638
106639
106657
106660
106661
106662
106663
106664
106666
106667
106673
106676
106677
106678
106679
106683
106995
107001
107004
107005
107006
107007
107008
107010
107011
107017
107020
107021
107022
107023
107040
107041
107042
107044
107045
107046
107047
107048
107050
107051
107057
107060
107061
107062
107063
107067
107137
107140
107141
107142
107143
107144
107146
107147
107155
107161
107164
107165
107166
107167
107171
107176
107177
107178
107180
107181
107182
107183
107217
107220
107221
107222
107223
107227
108531
108537
108540
108541
108542
108543
108544
108546
108547
108553
108556
108557
108558
108559
108577
108580
108581
108582
108583
108587
108593
108596
108597
108598
108599
108603
108672
108673
108674
108676
108677
108678
108679
108683
108691
108697
108700
108701
108702
108703
108704
108706
108707
108712
108713
108714
108716
108717
108718
108719
108753
108756
108757
108758
108759
108763
109056
109057
109058
109060
109061
109062
109063
109064
109066
109067
109075
109081
109084
109085
109086
109087
109090
109091
109096
109097
109098
109100
109101
109102
109103
109171
109177
109180
109181
109182
109183
109184
109186
109187
109193
109196
109197
109198
109199
109216
109217
109218
109220
109221
109222
109223
109224
109227
109233
109236
109237
109238
109239
109243
109393
109396
109397
109398
109399
109403
111953
111956
111957
111958
111959
111963
180211
180216
180217
180220
180221
180222
180223
246036
246037
246080
246081
246084
246085
246096
246097
246100
246101
246784
246785
246788
246789
246800
246801
246804
246805
246806
246811
246848
246849
246850
246852
246853
246854
246859
246864
246865
246866
246868
246869
246870
246875
246895
246975
247040
247041
247042
247044
247045
247046
247051
247056
247057
247058
247060
247061
247062
247067
247087
247104
247105
247106
247108
247109
247110
247115
247120
247121
247122
247124
247125
247126
247131
247151
247231
247551
249856
249857
249858
249860
249861
249862
249867
249872
249873
249874
249876
249877
249878
249883
249903
249920
249921
249922
249924
249925
249926
249931
249936
249937
249938
249940
249941
249942
249947
249967
250047
250112
250113
250114
250116
250117
250118
250123
250128
250129
250130
250132
250133
250134
250135
250138
250139
250159
250176
250177
250178
250179
250180
250181
250182
250183
250186
250187
250192
250193
250194
250195
250196
250197
250198
250199
250202
250203
250222
250223
250302
250303
250623
250880
250881
250882
250883
250884
250885
250886
250887
250890
250891
250896
250897
250898
250899
250900
250901
250902
250903
250906
250907
250926
250927
250944
250945
250946
250947
250948
250949
250950
250951
250952
250953
250954
250955
250960
250961
250962
250963
250964
250965
250966
250967
250968
250969
250970
250971
250988
250989
250990
250991
251068
251070
251071
251136
251137
251138
251139
251140
251141
251142
251143
251144
251145
251146
251147
251152
251153
251154
251155
251156
251157
251158
251159
251160
251161
251162
251163
251180
251181
251182
251183
251200
251201
251202
251203
251204
251205
251206
251207
251208
251209
251210
251211
251216
251217
251218
251219
251220
251221
251222
251223
251224
251225
251226
251227
251244
251245
251246
251247
251324
251325
251326
251327
251644
251645
251646
251647
252926
252927
258047
