49155
49208
49348
49389
49397
49759
49775
49938
49949
50049
50056
50058
50059
50091
50100
50102
51477
51568
51571
51577
51582
51635
51641
51644
51646
52289
52296
52298
52301
52324
52327
52340
52342
52343
52740
52742
52768
52770
52771
52777
52781
52782
52789
52869
52895
52899
52908
52910
52911
52946
52952
52954
52957
53073
53080
53082
53083
58452
58454
58455
58675
58684
58686
58687
58773
58816
58818
58819
58825
58826
58829
58830
58852
58854
58855
58865
58871
58872
58874
58875
59075
59084
59086
59087
59109
59120
59122
59123
59128
59129
59130
59133
59134
61697
61700
61703
61704
61706
61707
61729
61735
61736
61738
61739
61741
61748
61749
61750
61751
61840
61842
61843
61849
61850
61852
61853
61854
61893
61904
61907
61913
61916
61918
61919
61923
61932
61934
61935
63505
63508
63510
63511
63512
63514
63515
63603
63609
63612
63614
63615
63616
63618
63619
63625
63628
63629
63630
63631
63652
63653
63654
63664
63665
63666
63667
63672
63673
63674
63675
63677
63678
64017
64020
64022
64023
64024
64026
64027
64029
64127
64128
64129
64130
64131
64136
64137
64138
64140
64141
64142
64143
64164
64165
64166
64167
64177
64178
64180
64183
64184
64186
64187
64189
64213
64324
64326
64327
64352
64353
64354
64355
64360
64361
64362
64364
64365
64366
64373
64833
64836
64837
64838
64839
64840
64843
64863
64864
64865
64866
64867
64872
64873
64874
64875
64876
64877
64878
64885
135248
135249
135250
135252
135254
135255
135256
135258
135259
135279
135436
135438
135439
135460
135461
135462
135472
135473
135474
135476
135478
135479
135480
135482
135483
135556
135557
135558
135568
135570
135571
135576
135577
135578
135580
135581
135582
135596
135598
135599
135632
135633
135634
135636
135638
135639
135640
135642
135643
135920
135922
135923
135928
135929
135930
135932
135933
135934
136975
136997
137008
137009
137010
137011
137016
137017
137018
137020
137021
137022
137105
137106
137108
137109
137110
137111
137112
137114
137115
137153
137156
137157
137158
137159
137163
137171
137180
137182
137183
137184
137186
137187
137192
137193
137194
137196
137197
137198
137199
137205
137420
137422
137423
137445
137446
137456
137457
137458
137459
137463
137464
137465
137466
137467
137469
137470
137797
137808
137809
137810
137811
137812
137814
137815
137816
137817
137818
137819
137821
137839
137988
137989
137990
138000
138001
138002
138003
138007
138008
138009
138010
138012
138013
138014
138028
138030
138031
138096
138098
138099
138104
138105
138106
138108
138109
138110
138124
138126
138127
138148
138149
138150
138160
138161
138162
138164
138166
138167
138168
138170
138171
214276
214277
214278
214288
214289
214290
214291
214295
214296
214297
214298
214300
214301
214302
214316
214318
214319
214351
214373
214384
214385
214386
214387
214391
214392
214393
214394
214395
214396
214397
214398
214412
214414
214415
214436
214437
214438
214448
214449
214450
214451
214452
214454
214455
214456
214457
214458
214459
214461
217295
217317
217328
217329
217330
217331
217335
217336
217337
217338
217339
217341
217669
217680
217681
217682
217683
217687
217688
217689
217690
217691
217693
217711
217861
217872
217873
217874
217875
217879
217880
217881
217882
217883
217885
217903
217935
217957
217968
217969
217970
217971
217975
217976
217977
217978
217979
217981
217999
218021
218032
218033
218034
218035
218039
218040
218041
218042
218043
218045
219216
219217
219218
219220
219222
219223
219224
219226
219227
219404
219406
219407
219428
219429
219430
219440
219441
219442
219443
219444
219446
219447
219448
219449
219450
219451
219453
219525
219526
219536
219537
219538
219539
219543
219544
219545
219546
219547
219548
219549
219550
219564
219567
219589
219600
219601
219602
219603
219607
219608
219609
219610
219611
219613
219631
219855
219877
219888
219889
219890
219891
219896
219897
219898
219900
219901
219902
220420
220421
220422
220423
220427
220432
220434
220435
220441
220444
220445
220446
220447
220451
220457
220460
220461
220462
220463
220540
220542
220543
220544
220545
220546
220547
220552
220553
220554
220556
220557
220558
220577
220578
220580
220582
220583
220584
220586
220587
220593
220596
220597
220598
220599
220603
220629
225036
225039
225061
225062
225072
225073
225074
225075
225076
225078
225079
225080
225081
225082
225083
225085
225156
225157
225158
225168
225169
225170
225171
225175
225176
225177
225178
225179
225180
225181
225182
225196
225198
225199
225221
225232
225233
225234
225235
225236
225238
225239
225240
225241
225242
225243
225245
225263
295058
295069
295123
295498
295542
295701
295756
295758
295793
295803
295871
297217
297223
297227
297249
297256
297258
297269
297349
297372
297375
297388
297390
297391
297425
297432
297434
298070
298255
298277
298288
298290
298296
298298
298301
298385
298388
298391
298395
298436
298438
298439
298464
298466
298467
298473
298477
298478
298739
298745
298748
298750
304133
304147
304153
304156
304158
304159
304163
304172
304174
304175
304257
304263
304264
304266
304267
304288
304289
304290
304295
304296
304298
304299
304301
304308
304309
304310
304340
304341
304342
304657
304660
304662
304663
304667
304752
304755
304761
304764
304766
304767
304780
304783
304805
304816
304818
304819
304824
304825
304826
304829
304964
304966
304967
304992
304994
304995
305001
305005
305006
307536
307537
307538
307539
307544
307545
307546
307547
307549
308287
308373
308416
308418
308419
308424
308425
308426
308428
308429
308430
308449
308452
308453
308454
308455
308459
308465
308468
308470
308471
308472
308474
308475
308805
308816
308817
308818
308819
308824
308825
308826
308827
308828
308829
308830
308847
308997
309008
309010
309011
309016
309017
309018
309020
309021
309022
309023
309036
309038
309039
309119
309120
309121
309122
309123
309128
309129
309130
309131
309132
309133
309134
309153
309156
309158
309159
309160
309162
309163
309169
309172
309173
309174
309175
309179
309205
310079
310165
310208
310210
310211
310217
310218
310220
310221
310222
310244
310245
310246
310247
310257
310260
310262
310263
310264
310266
310267
