16422
16538
16581
16971
17000
17002
17013
17174
17264
17266
17273
17331
17337
18693
18716
18719
18732
18734
18735
18823
18850
18856
18858
18861
18869
18900
18902
19537
19544
19546
19904
19906
19907
19913
19917
19918
19940
19942
19943
19953
19956
19959
19963
20160
20162
20163
20169
20172
20174
20196
20198
20209
20215
20219
25620
25621
25622
25676
25679
25701
25712
25714
25715
25721
25722
25725
25726
25776
25778
25779
25785
25788
25789
25790
25791
26117
26131
26140
26142
26143
26147
26156
26158
26159
26241
26244
26246
26247
26251
26272
26273
26274
26280
26282
26283
26285
26293
26324
26326
26327
26448
26449
26450
26456
26458
26459
26461
28993
28999
29000
29002
29003
29005
29025
29031
29032
29034
29035
29037
29044
29045
29046
29047
30464
30467
30473
30476
30478
30479
30500
30501
30502
30512
30513
30514
30515
30519
30520
30521
30522
30523
30525
30608
30609
30610
30612
30614
30615
30616
30618
30619
30621
30660
30661
30662
30663
30675
30681
30684
30686
30687
30688
30690
30691
30697
30700
30701
30702
30703
30960
30963
30969
30972
30974
30975
31316
31317
31318
31488
31489
31490
31491
31496
31497
31498
31499
31501
31521
31524
31526
31527
31528
31530
31531
31540
31541
31542
31543
31547
31632
31634
31635
31640
31641
31642
31644
31645
31646
31663
31685
31696
31698
31699
31705
31708
31709
31710
31711
31724
31727
99649
99652
99653
99654
99655
99659
99664
99666
99667
99672
99673
99674
99676
99677
99678
99679
99683
99689
99692
99693
99694
99695
102448
102450
102451
102456
102457
102458
102460
102461
102462
102544
102545
102546
102548
102550
102551
102552
102554
102555
102596
102597
102598
102608
102610
102611
102616
102617
102618
102620
102621
102622
102636
102638
102639
102928
102929
102930
102932
102934
102935
102936
102938
102939
102988
102990
102991
103012
103013
103014
103024
103025
103026
103028
103030
103031
103032
103034
103035
103088
103090
103091
103096
103097
103098
103100
103101
103102
103236
103237
103238
103248
103250
103251
103256
103257
103258
103260
103261
103262
103276
103278
103279
104468
104469
104470
104512
104514
104515
104520
104521
104522
104524
104525
104526
104527
104545
104548
104549
104550
104551
104552
104555
104561
104564
104565
104566
104567
104571
104627
104633
104636
104638
104639
104908
104910
104911
104932
104933
104934
104944
104945
104946
104948
104950
104951
104952
104954
104955
105008
105010
105011
105016
105017
105018
105020
105021
105022
105104
105105
105106
105108
105109
105110
105111
105112
105114
105115
105153
105156
105157
105158
105159
105163
105168
105170
105171
105177
105178
105180
105181
105182
105183
105187
105193
105196
105197
105198
105199
105792
105793
105794
105795
105796
105799
105800
105801
105802
105803
105805
105824
105825
105826
105827
105831
105832
105833
105834
105835
105837
105844
105845
105846
110531
110540
110541
110542
110543
110561
110564
110565
110566
110571
110576
110577
110578
110580
110581
110582
110583
110584
110586
110587
184336
184337
184338
184340
184341
184342
184343
184344
184346
184347
184387
184393
184396
184397
184398
184399
184417
184420
184421
184422
184423
184427
184432
184433
184434
184436
184437
184438
184439
184440
184443
184496
184498
184499
184504
184505
184506
184508
184509
184510
184511
184771
184777
184780
184781
184782
184783
184801
184804
184805
184806
184807
184811
184817
184820
184821
184822
184823
184827
184883
184889
184892
184893
184894
184895
184977
184980
184981
184982
184983
184987
185025
185028
185029
185030
185031
185035
185040
185043
185049
185050
185052
185053
185054
185055
185059
185065
185068
185069
185070
185071
186352
186354
186355
186361
186364
186365
186366
186367
186368
186371
186377
186380
186381
186382
186383
186404
186405
186406
186416
186417
186418
186420
186422
186423
186424
186425
186426
186427
186429
186501
186512
186513
186514
186515
186519
186520
186521
186522
186523
186525
186526
186543
186565
186566
186576
186577
186578
186579
186584
186585
186586
186588
186589
186590
186604
186606
186607
186897
186898
186900
186901
186902
186903
186904
186906
186907
186947
186953
186956
186957
186958
186959
186980
186981
186982
186983
186987
186992
186993
186994
186996
186998
186999
187000
187002
187003
187056
187058
187059
187064
187065
187066
187068
187069
187070
187071
187201
187204
187205
187206
187207
187211
187216
187219
187225
187228
187229
187230
187231
187235
187241
187244
187245
187246
187247
262299
262371
262377
262755
262761
262929
262936
262939
263040
263043
263049
263078
263089
263099
264465
264475
264579
264585
264588
264590
264625
264632
264634
264635
265284
265286
265312
265314
265315
265321
265728
265730
265731
265737
265741
265764
265766
265767
265777
265783
265787
265873
265880
265882
265883
265885
265925
265951
265955
265961
265964
265966
266069
271429
271443
271449
271452
271454
271455
271459
271468
271470
271471
271868
271871
271875
271881
271884
271886
271887
271909
271920
271921
271922
271928
271930
271931
271933
272017
272020
272022
272023
272027
272068
272070
272071
272075
272096
272097
272098
272104
272105
272106
272109
272117
274704
274705
274706
274707
274712
274713
274714
274717
274718
274817
274818
274824
274826
274827
274829
274849
274852
274854
274855
274856
274858
274859
274868
274870
274871
274900
274901
274902
276480
276481
276482
276484
276487
276488
276489
276490
276491
276493
276512
276513
276514
276516
276518
276519
276520
276522
276523
276525
276532
276533
276534
276535
276613
276624
276626
276627
276633
276634
276636
276637
276638
276639
276643
276652
276654
276655
276677
276688
276690
276691
276696
276697
276698
276700
276701
276702
276703
276719
277057
277058
277063
277064
277066
277067
277069
277089
277092
277094
277095
277096
277098
277099
277101
277108
277109
277110
277111
277268
277269
277270
277271
277327
277349
277360
277362
277363
277369
277372
277373
277374
277375
277388
277391
277413
277424
277426
277427
277433
277434
277436
277437
277438
277439
277844
277845
277846
277847
