65549
65590
65711
65752
65754
66161
66236
66238
66369
66379
66400
66402
66408
66410
67665
67671
67675
67888
67891
67897
67901
67988
67990
67991
68036
68038
68067
68073
68336
68338
68346
68349
68868
68870
68892
68895
68899
68905
68908
68910
68993
69000
69002
69003
69025
69026
69032
69034
69035
69045
69077
74053
74064
74066
74067
74073
74074
74076
74077
74078
74092
74095
74815
74901
74944
74946
74947
74952
74953
74954
74957
74977
74980
74982
74983
74987
74996
74998
74999
75333
75344
75346
75347
75353
75356
75357
75358
75372
75375
75536
75537
75538
75544
75546
75549
75644
75646
75647
75651
75660
75662
75663
75684
75685
75686
75697
75703
75704
75706
75707
76607
76736
76738
76739
76744
76745
76746
76748
76749
76750
76769
76772
76774
76775
76779
76785
76788
76790
76791
76795
78864
78865
78866
78867
78872
78873
78874
78875
78877
78895
78963
78972
78974
78975
78976
78978
78979
78985
78988
78989
78990
78991
79012
79013
79014
79015
79025
79028
79030
79031
79032
79034
79035
79361
79364
79365
79366
79367
79371
79379
79385
79388
79390
79391
79392
79394
79395
79401
79404
79405
79406
79407
79488
79489
79490
79495
79496
79497
79498
79499
79501
79520
79521
79522
79527
79528
79529
79530
79531
79533
79540
79541
79542
79572
79573
79574
79697
79700
79701
79702
79703
79704
79706
79707
148485
148496
148497
148498
148499
148500
148502
148503
148504
148505
148506
148507
148509
148527
148556
148558
148559
148580
148581
148582
148592
148593
148594
148596
148598
148599
148600
148602
148603
148623
148656
148657
148658
148659
148663
148664
148665
148666
148668
148669
148670
148940
148942
148943
148964
148965
148966
148971
148976
148977
148978
148980
148981
148982
148983
148984
148986
148987
149040
149042
149043
149048
149049
149050
149052
149053
149054
149136
149137
149138
149140
149142
149143
149144
149146
149147
149188
149189
149190
149200
149202
149203
149208
149209
149210
149212
149213
149214
149228
149230
149231
152515
152521
152524
152525
152526
152527
152545
152548
152549
152550
152551
152555
152560
152561
152562
152564
152565
152566
152567
152568
152570
152571
153921
153924
153925
153926
153927
153931
153936
153938
153939
153944
153945
153946
153948
153949
153950
153951
153955
153961
153964
153965
153966
153967
154640
154641
154642
154644
154645
154646
154647
154648
154650
154651
154691
154700
154702
154703
154724
154725
154726
154736
154737
154738
154740
154742
154743
154744
154746
154747
154800
154802
154803
154808
154809
154810
154812
154813
154814
154815
155087
155109
155120
155122
155123
155128
155129
155130
155132
155133
155134
155148
155150
155151
155172
155173
155174
155184
155185
155186
155187
155191
155192
155193
155194
155195
155197
155269
155280
155281
155282
155283
155287
155288
155289
155290
155291
155293
155311
155332
155333
155334
155344
155345
155346
155347
155351
155352
155353
155354
155355
155356
155357
155358
155372
155374
155375
158768
158770
158771
158776
158777
158778
158780
158781
158782
158783
158864
158865
158866
158868
158869
158870
158871
158872
158874
158875
158913
158916
158917
158918
158919
158923
158928
158930
158931
158936
158937
158938
158940
158941
158942
158943
158947
158953
158956
158957
158958
158959
159248
159249
159250
159252
159253
159254
159255
159256
159258
159259
159299
159305
159308
159309
159310
159311
159329
159332
159333
159334
159335
159339
159344
159345
159346
159348
159349
159350
159351
159352
159354
159355
159408
159410
159411
159416
159417
159418
159420
159421
159422
159423
159553
159556
159557
159558
159559
159563
159568
159570
159571
159576
159577
159578
159580
159581
159582
159583
159587
159593
159596
159597
159598
159599
233796
233797
233798
233808
233809
233810
233811
233815
233816
233817
233818
233819
233820
233821
233822
233836
233838
233839
234511
234533
234544
234545
234546
234547
234551
234552
234553
234554
234555
234556
234557
234558
234640
234641
234642
234644
234646
234647
234648
234649
234650
234651
234653
234671
234692
234693
234694
234704
234706
234707
234712
234713
234714
234716
234717
234718
234732
234734
234735
235028
235029
235030
235031
235035
235072
235075
235081
235084
235085
235086
235087
235105
235108
235109
235110
235111
235115
235120
235121
235122
235124
235125
235126
235127
235128
235130
235131
235184
235187
235193
235196
235197
235198
235199
235328
235329
235330
235332
235334
235335
235336
235338
235339
235341
235360
235361
235362
235363
235367
235368
235369
235370
235371
235373
235374
235380
235381
235382
236492
236494
236495
236516
236517
236518
236528
236529
236530
236531
236532
236534
236535
236536
236537
236538
236539
236541
311446
311499
311540
311901
312099
312108
312110
312197
312227
312236
312238
312239
312274
312285
313675
313697
313704
313707
313716
313718
314388
314390
314391
314496
314498
314499
314505
314508
314510
314533
314545
314552
314554
314557
314900
314902
315007
315011
315020
315022
315023
315045
315056
315058
315059
315065
315069
315070
315201
315208
315210
315211
315213
315236
315239
315243
315252
315254
315255
315259
320773
320784
320787
320793
320796
320798
320799
320812
320815
320900
320901
320902
320928
320930
320931
320937
320941
320942
320949
320977
320984
320986
320987
320989
323664
323666
323667
323673
323676
323678
323679
324096
324097
324098
324104
324105
324106
324107
324109
324132
324134
324135
324139
324145
324148
324151
324152
324154
324155
324241
324247
324248
324250
324251
324253
324292
324294
324295
324320
324321
324322
324328
324329
324330
324331
324333
324334
324341
324342
324436
324437
324438
324439
325716
325718
325719
325723
325951
326080
326082
326083
326089
326092
326094
326095
326117
326128
326130
326131
326137
326138
326140
326141
326142
326143
326192
326195
326201
326204
326206
326207
326293
326336
326338
326339
326345
326346
326348
326349
326350
326351
326372
326373
326374
326375
326384
326385
326386
326387
326392
326393
326394
326395
326397
326398
326913
326916
326918
326919
326920
326922
326923
326925
326945
326946
326948
326951
326952
326954
326955
326957
326964
326965
326966
326967
326971
327056
327057
327058
327059
327064
327065
327066
327067
327068
327069
327070
327071
327087
327109
327110
327120
327122
327123
327129
327132
327133
327134
327135
327136
327139
327145
327148
327150
327151
