65812
65813
65856
65857
65860
65861
65872
65873
65876
65877
66560
66561
66564
66565
66576
66577
66580
66581
66582
66587
66624
66625
66626
66628
66629
66630
66635
66640
66641
66642
66644
66645
66646
66651
66671
66751
66816
66817
66818
66820
66821
66822
66827
66832
66833
66834
66836
66837
66838
66843
66863
66880
66881
66882
66884
66885
66886
66891
66896
66897
66898
66900
66901
66902
66907
66927
67007
67327
69632
69633
69634
69636
69637
69638
69643
69648
69649
69650
69652
69653
69654
69659
69679
69696
69697
69698
69700
69701
69702
69707
69712
69713
69714
69716
69717
69718
69723
69743
69823
69888
69889
69890
69892
69893
69894
69899
69904
69905
69906
69908
69909
69910
69911
69914
69915
69935
69952
69953
69954
69955
69956
69957
69958
69959
69962
69963
69968
69969
69970
69971
69972
69973
69974
69975
69978
69979
69998
69999
70078
70079
70399
70656
70657
70658
70659
70660
70661
70662
70663
70666
70667
70672
70673
70674
70675
70676
70677
70678
70679
70682
70683
70702
70703
70720
70721
70722
70723
70724
70725
70726
70727
70728
70729
70730
70731
70736
70737
70738
70739
70740
70741
70742
70743
70744
70745
70746
70747
70764
70765
70766
70767
70844
70846
70847
70912
70913
70914
70915
70916
70917
70918
70919
70920
70921
70922
70923
70928
70929
70930
70931
70932
70933
70934
70935
70936
70937
70938
70939
70956
70957
70958
70959
70976
70977
70978
70979
70980
70981
70982
70983
70984
70985
70986
70987
70992
70993
70994
70995
70996
70997
70998
70999
71000
71001
71002
71003
71020
71021
71022
71023
71100
71101
71102
71103
71420
71421
71422
71423
72702
72703
77823
163827
163832
163833
163836
163837
163838
163839
212992
212994
212995
213001
213004
213005
213006
213007
213024
213025
213026
213028
213029
213030
213031
213035
213041
213044
213045
213046
213047
213051
213121
213124
213125
213126
213127
213131
213139
213145
213148
213149
213150
213151
213152
213154
213155
213161
213164
213165
213166
213167
213201
213204
213205
213206
213207
213211
213505
213508
213509
213510
213511
213515
213523
213529
213532
213533
213534
213535
213536
213538
213539
213545
213548
213549
213550
213551
213619
213625
213628
213629
213630
213631
213635
213641
213644
213645
213646
213647
213664
213665
213666
213668
213669
213670
213671
213675
213681
213684
213685
213686
213687
213691
213841
213844
213845
213846
213847
213851
215041
215044
215045
215046
215047
215051
215059
215065
215068
215069
215070
215071
215075
215081
215084
215085
215086
215087
215155
215161
215164
215165
215166
215167
215168
215170
215171
215177
215180
215181
215182
215183
215201
215204
215205
215206
215207
215211
215217
215220
215221
215222
215223
215227
215539
215545
215548
215549
215550
215551
215552
215554
215555
215561
215564
215565
215566
215567
215585
215588
215589
215590
215591
215595
215601
215604
215605
215606
215607
215611
215680
215681
215682
215684
215685
215686
215687
215688
215690
215691
215699
215705
215708
215709
215710
215711
215712
215714
215715
215721
215724
215725
215726
215727
215761
215764
215765
215766
215767
215771
216401
216404
216405
216406
216407
216411
221185
221188
221189
221190
221191
221192
221194
221195
221203
221209
221212
221213
221214
221215
221216
221218
221219
221224
221225
221226
221228
221229
221230
221231
221299
221305
221308
221309
221310
221311
221315
221320
221321
221322
221324
221325
221326
221327
221344
221345
221346
221348
221349
221350
221351
221355
221361
221364
221365
221366
221367
221371
221683
221689
221692
221693
221694
221695
221699
221705
221708
221709
221710
221711
221729
221732
221733
221734
221735
221739
221745
221748
221749
221750
221751
221755
221825
221828
221829
221830
221831
221835
221843
221849
221852
221853
221854
221855
221859
221864
221865
221866
221868
221869
221870
221871
221905
221908
221909
221910
221911
221915
223219
223225
223228
223229
223230
223231
223235
223240
223241
223242
223244
223245
223246
223247
223265
223268
223269
223270
223271
223272
223274
223275
223281
223284
223285
223286
223287
223291
223361
223364
223365
223366
223367
223371
223379
223385
223388
223389
223390
223391
223395
223401
223404
223405
223406
223407
223441
223444
223445
223446
223447
223451
223745
223748
223749
223750
223751
223755
223763
223769
223772
223773
223774
223775
223779
223785
223788
223789
223790
223791
223859
223865
223868
223869
223870
223871
223875
223881
223884
223885
223886
223887
223905
223908
223909
223910
223911
223915
223921
223924
223925
223926
223927
223931
224081
224084
224085
224086
224087
224091
226641
226644
226645
226646
226647
226651
294912
294914
294920
294922
294944
294946
294952
294954
295072
295074
295080
295082
295432
295434
295456
295458
295464
295466
295592
295594
296959
296963
296969
296973
296992
296993
296994
296999
297000
297002
297003
297013
297088
297089
297090
297095
297099
297119
297120
297122
297123
297128
297129
297130
297133
297173
297474
297480
297482
297503
297512
297514
297599
297600
297602
297603
297609
297613
297633
297639
297643
297653
303091
303097
303100
303101
303102
303103
303107
303112
303113
303114
303116
303117
303118
303119
303136
303137
303138
303140
303141
303142
303143
303144
303146
303147
303153
303156
303157
303158
303159
303163
303233
303234
303236
303237
303238
303239
303240
303242
303243
303251
303257
303260
303261
303262
303263
303264
303266
303267
303272
303273
303274
303276
303277
303278
303279
303316
303317
303318
303617
303620
303622
303623
303624
303626
303627
303644
303646
303647
303651
303656
303657
303658
303660
303661
303662
303740
303742
303743
303744
303746
303747
303752
303753
303754
303756
303757
303758
303776
303777
303778
303780
303782
303783
303787
303796
303797
303798
303956
303957
303958
305153
305159
305163
305183
305187
305193
305197
305276
305278
305279
305283
305289
305293
305312
305313
305314
305319
305320
305322
305323
305333
305660
305662
305663
305664
305666
305667
305673
305676
305677
305678
305697
305700
305702
305703
305707
305716
305717
305718
305793
305796
305798
305799
305803
305820
305822
305823
305827
305833
305836
305837
305838
305876
305877
305878
306517
