16436
16531
16594
16917
16972
16974
17019
17087
17224
17226
17249
17259
17269
18516
18518
18703
18725
18738
18744
18746
18833
18843
18885
18908
18911
18924
18926
19187
19193
19196
19198
19713
19719
19723
19744
19746
19752
19754
19757
19765
19844
19846
19847
19871
19872
19875
19881
19884
19885
19886
19921
19924
19926
19927
19931
24913
24916
24918
24919
24920
24923
25615
25648
25650
25651
25657
25658
25660
25661
25662
25748
25750
25751
25755
25793
25796
25798
25799
25803
25823
25824
25826
25827
25832
25833
25834
25837
25838
25845
26180
26182
26183
26187
26207
26208
26210
26211
26217
26218
26221
26222
26388
26390
26391
26395
26447
26480
26482
26483
26489
26490
26493
26544
26546
26547
26553
26557
26558
27599
27621
27632
27634
27635
27640
27641
27642
27645
27646
29700
29701
29702
29703
29707
29724
29726
29727
29728
29730
29731
29737
29738
29740
29741
29742
29825
29828
29830
29831
29832
29834
29835
29855
29856
29857
29858
29859
29864
29865
29866
29867
29869
29877
29908
29909
29910
29911
30224
30225
30226
30228
30231
30232
30234
30235
30237
30320
30322
30323
30329
30332
30333
30334
30335
30339
30348
30350
30351
30372
30373
30374
30384
30385
30386
30387
30391
30392
30393
30394
30395
30397
30532
30533
30534
30544
30546
30547
30553
30556
30557
30558
30559
30563
30569
30572
30574
30575
99349
99392
99393
99394
99395
99396
99398
99399
99400
99401
99402
99403
99405
99420
99422
99423
99424
99425
99426
99427
99431
99432
99433
99434
99435
99436
99437
99438
99445
99519
99644
99646
99647
99732
99733
99734
99776
99777
99778
99779
99780
99782
99783
99784
99785
99786
99787
99789
99804
99806
99807
99808
99809
99810
99811
99815
99816
99817
99818
99820
99821
99822
99903
99989
100032
100033
100034
100035
100039
100040
100041
100042
100043
100044
100045
100046
100063
100064
100065
100066
100067
100068
100070
100071
100072
100073
100074
100075
100077
100084
100085
100086
103219
103228
103229
103230
103231
103316
103317
103318
103323
103360
103361
103362
103364
103365
103366
103367
103368
103370
103371
103388
103390
103391
103392
103394
103395
103400
103401
103402
103404
103405
103406
104724
104725
104726
104768
104770
104771
104776
104777
104778
104780
104781
104782
104800
104801
104802
104804
104806
104807
104808
104810
104811
104820
104821
104822
104892
104894
104895
105536
105537
105538
105540
105542
105543
105544
105545
105546
105547
105549
105564
105566
105567
105568
105569
105570
105571
105575
105576
105577
105578
105579
105580
105581
105582
105589
105791
105877
105920
105922
105923
105928
105929
105930
105932
105933
105934
105953
105954
105956
105958
105959
105960
105962
105963
105969
105972
105973
105974
105975
105979
106044
106046
106047
106132
106133
106134
106176
106177
106178
106179
106183
106184
106185
106186
106187
106189
106207
106208
106209
106210
106211
106215
106216
106217
106218
106219
106221
106229
106230
109760
109762
109763
109768
109769
109770
109772
109773
109774
109792
109793
109794
109796
109798
109799
109800
109802
109803
109812
109813
109814
110144
110145
110146
110148
110150
110151
110152
110154
110155
110172
110174
110175
110176
110178
110179
110184
110185
110186
110188
110189
110190
110356
110357
110358
110400
110402
110403
110408
110409
110410
110412
110413
110414
110432
110433
110434
110436
110438
110439
110440
110442
110443
110452
110453
110454
110524
110526
110527
184597
184598
184640
184641
184642
184643
184647
184648
184649
184650
184651
184653
184654
184671
184672
184673
184674
184675
184676
184679
184680
184681
184682
184683
184685
184693
184694
184764
184767
185407
185493
185536
185537
185538
185539
185543
185544
185545
185546
185547
185548
185549
185550
185567
185568
185569
185570
185571
185572
185574
185575
185576
185577
185578
185579
185581
185588
185589
185590
185921
185922
185924
185925
185926
185927
185928
185930
185931
185939
185948
185950
185951
185952
185954
185955
185960
185961
185962
185964
185965
185966
185967
186129
186132
186133
186134
186135
186139
186179
186185
186188
186190
186191
186212
186213
186214
186224
186225
186226
186227
186231
186232
186233
186234
186235
186236
186237
186238
186255
186288
186290
186291
186296
186297
186298
186300
186301
186302
186303
187196
187198
187199
187285
187286
187328
187329
187330
187331
187332
187335
187336
187337
187338
187339
187341
187356
187359
187360
187361
187362
187363
187367
187368
187369
187370
187371
187373
187374
187381
262205
262292
262369
262379
262390
262738
262917
262943
262959
263072
263074
263081
263121
263128
263130
264513
264520
264522
264525
264548
264551
264567
265331
265340
265342
265343
265359
265392
265394
265395
265401
265406
265745
265751
265752
265755
265856
265858
265865
265869
265892
265894
265905
265912
265914
265915
265941
266052
266054
266055
266081
266082
266088
266090
266093
266101
271620
271622
271623
271648
271649
271650
271651
271656
271657
271658
271661
271662
271669
271760
271763
271769
271772
271774
271775
271788
271791
271824
271826
271827
271833
271836
271838
271839
274513
274519
274520
274522
274523
274525
274895
274928
274930
274931
274937
274940
274942
274943
274947
274956
274958
274959
274981
274992
274994
274995
275001
275004
275005
275006
275007
275092
275093
275094
275136
275137
275138
275144
275145
275146
275147
275149
275172
275174
275175
275185
275188
275191
275192
275194
275195
276560
276561
276562
276563
276568
276569
276570
276572
276573
276574
276575
276591
276992
276993
276994
276995
277000
277001
277002
277004
277005
277006
277007
277028
277029
277030
277031
277041
277042
277047
277048
277050
277051
277053
277137
277140
277142
277143
277144
277146
277147
277185
277188
277190
277191
277192
277195
277216
277217
277218
277224
277225
277226
277227
277229
277236
277237
277238
277239
277333
277765
277776
277778
277779
277785
277788
277790
277791
277792
277795
277801
277804
277806
277807
277889
277892
277893
277894
277895
277896
277899
277920
277921
277922
277923
277928
277929
277930
277931
277932
277933
277934
277940
277941
277942
277969
277972
277974
277975
277976
277978
277979
