32773
32795
32851
32856
32878
33052
33053
33065
33119
33122
33203
33207
33210
33533
33828
33829
33845
33904
33906
33910
33915
33935
33952
33953
33956
33957
33958
33963
34099
34103
34104
34105
34106
34172
34173
34174
34179
34183
34184
34185
34186
34204
34205
34217
34220
34221
34508
34509
34510
34526
34527
34531
34535
34536
34538
35824
35825
35826
35828
35830
35835
36927
36992
36993
36994
36996
36997
36998
37003
37008
37009
37010
37012
37013
37014
37019
37039
37073
37076
37077
37312
37313
37314
37315
37316
37318
37319
37320
37321
37322
37323
37330
37331
37335
37336
37337
37338
37356
37357
37358
37359
37438
37439
37503
37504
37505
37506
37508
37509
37510
37515
37520
37521
37522
37524
37525
37526
37527
37531
37551
37588
37589
38092
38093
38094
38108
38109
38110
38111
38112
38114
38115
38118
38119
38120
38121
38122
38123
38372
38373
38384
38385
38386
38387
38388
38389
38390
38391
38392
38393
38394
38395
38414
38415
38431
38432
38433
38434
38436
38437
38438
38443
38448
38449
38450
38452
38453
38454
38459
38512
38513
38514
38515
38516
38517
38518
38519
38520
38521
38522
38523
38542
38543
38559
38560
38561
38562
38564
38565
38566
38567
38570
38571
38577
38580
38581
39731
39735
39736
39737
39738
39740
39741
39801
39804
39805
39806
39811
39815
39816
39817
39818
39820
39821
39827
39832
39833
39834
39836
39837
39838
39843
39848
39849
39850
39852
39853
39854
44992
44993
44994
44995
44998
44999
45002
45003
45011
45015
45016
45017
45018
45036
45038
45039
130240
130242
130243
130248
130249
130250
130252
130253
130254
130255
130272
130273
130274
130276
130277
130278
130279
130280
130282
130283
130289
130292
130293
130294
130295
130299
130581
130624
130625
130626
130627
130628
130630
130631
130632
130634
130635
130649
130652
130653
130654
130655
130656
130658
130659
130664
130665
130666
130668
130669
130670
130751
130836
130837
130838
130880
130881
130882
130883
130886
130887
130888
130889
130890
130891
130893
130899
130905
130908
130909
130910
130911
130914
130915
130919
130920
130921
130922
130924
130925
130926
131006
131007
181043
181049
181052
181053
181054
181055
181137
181140
181141
181142
181143
181147
181184
181185
181186
181188
181189
181190
181191
181192
181194
181195
181203
181209
181212
181213
181214
181215
181216
181218
181219
181224
181225
181226
181228
181229
181230
181231
182545
182548
182549
182550
182551
182555
182592
182594
182595
182600
182601
182602
182604
182605
182606
182607
182624
182625
182626
182628
182629
182630
182631
182632
182634
182635
182641
182644
182645
182646
182647
182651
182707
182713
182716
182717
182718
182719
183360
183361
183362
183364
183365
183366
183367
183368
183370
183371
183379
183385
183388
183390
183391
183392
183394
183395
183400
183401
183402
183404
183405
183406
183407
183612
183614
183615
183700
183701
183702
183744
183745
183746
183748
183750
183751
183752
183754
183755
183772
183774
183775
183776
183778
183779
183784
183785
183786
183788
183789
183790
184000
184002
184003
184008
184009
184010
184012
184013
184014
184032
184033
184034
184036
184038
184039
184040
184042
184043
184052
184053
184054
184055
188692
188693
188694
188736
188738
188739
188744
188745
188746
188748
188749
188750
188768
188769
188770
188772
188774
188775
188776
188778
188779
188788
188789
188790
188860
188862
188863
189503
189589
189632
189633
189634
189635
189639
189640
189641
189642
189643
189644
189645
189646
189664
189665
189666
189667
189668
189670
189671
189672
189673
189674
189675
189677
189684
189685
189686
190016
190017
190018
190020
190022
190023
190024
190026
190027
190029
190044
190046
190047
190048
190050
190051
190056
190057
190058
190059
190060
190061
190062
190069
190228
190229
190230
190272
190274
190275
190280
190281
190282
190284
190285
190286
190304
190305
190306
190308
190310
190311
190312
190314
190315
190324
190325
190326
190396
190398
190399
191292
191294
191295
191380
191381
191382
191424
191425
191426
191427
191428
191430
191431
191432
191433
191434
191435
191437
191452
191454
191455
191456
191458
191459
191464
191465
191466
191467
191468
191469
191470
191477
193600
193601
193602
193604
193606
193607
193608
193610
193611
193628
193630
193631
193632
193634
193635
193640
193641
193642
193644
193645
193646
193843
193849
193852
193853
193854
193855
193937
193940
193941
193942
193943
193947
193985
193988
193989
193990
193991
193995
194003
194008
194009
194010
194012
194013
194014
194015
194019
194025
194028
194029
194030
194031
194242
194243
194248
194249
194250
194252
194253
194254
194255
194272
194273
194274
194276
194277
194278
194279
194280
194282
194283
194289
194292
194293
194294
194295
194299
262179
262185
262284
262286
262641
262647
262651
262712
262714
262789
262808
262810
262865
262875
263999
264084
264085
264086
264129
264132
264134
264139
264147
264153
264156
264157
264158
264172
264174
264387
264393
264397
264416
264418
264423
264424
264426
264724
264725
264726
264771
264777
264781
264800
264802
264807
264810
264811
264895
265028
265030
265053
265068
265070
269552
269554
269555
269560
269561
269562
269564
269565
269566
269893
269904
269905
269906
269907
269908
269910
269911
269912
269914
269915
269935
270085
270096
270097
270098
270099
270103
270104
270105
270106
270107
270109
270127
270156
270158
270159
270180
270181
270182
270192
270193
270194
270196
270197
270198
270199
270200
270202
270203
270256
270258
270259
270263
270264
270265
270266
270268
270269
270270
271116
271118
271119
271137
271140
271141
271142
271143
271147
271153
271156
271157
271158
271159
271163
271232
271233
271234
271236
271238
271239
271240
271242
271243
271260
271261
271262
271263
271267
271272
271273
271274
271276
271277
271278
271317
272464
272465
272466
272468
272470
272471
272475
272652
272653
272654
272673
272676
272678
272679
272683
272692
272693
272694
272767
272768
272769
272770
272771
272775
272776
272777
272778
272779
272796
272798
272799
272800
272802
272803
272808
272809
272810
272813
273139
273145
273148
273149
273150
273669
273680
273682
273683
273688
273689
273690
273711
273743
273765
273776
273777
273782
273783
273787
273840
273842
273843
273848
273849
273850
