16445
16532
16609
16619
16630
16978
17157
17183
17199
17312
17314
17321
17361
17368
17370
18753
18760
18762
18765
18788
18791
18807
19571
19580
19582
19583
19599
19632
19634
19635
19641
19646
19985
19991
19992
19995
20096
20098
20105
20109
20132
20134
20145
20152
20154
20155
20181
20292
20294
20295
20321
20322
20328
20330
20333
20341
25860
25862
25863
25888
25889
25890
25891
25896
25897
25898
25901
25902
25909
26000
26003
26009
26012
26014
26015
26028
26031
26064
26066
26067
26073
26076
26078
26079
28753
28759
28760
28762
28763
28765
29135
29168
29170
29171
29177
29180
29182
29183
29187
29196
29198
29199
29221
29232
29234
29235
29241
29244
29245
29246
29247
29332
29333
29334
29376
29377
29378
29384
29385
29386
29387
29389
29412
29414
29415
29425
29428
29431
29432
29434
29435
30800
30801
30802
30803
30808
30809
30810
30812
30813
30814
30815
30831
31232
31233
31234
31235
31240
31241
31242
31244
31245
31246
31247
31268
31269
31270
31271
31281
31282
31287
31288
31290
31291
31293
31377
31380
31382
31383
31384
31386
31387
31425
31428
31430
31431
31432
31435
31456
31457
31458
31464
31465
31466
31467
31469
31476
31477
31478
31479
31573
32005
32016
32018
32019
32025
32028
32030
32031
32032
32035
32041
32044
32046
32047
32129
32132
32133
32134
32135
32136
32139
32160
32161
32162
32163
32168
32169
32170
32171
32172
32173
32174
32180
32181
32182
32209
32212
32214
32215
32216
32218
32219
102677
102678
102720
102721
102722
102723
102727
102728
102729
102730
102731
102733
102734
102751
102752
102753
102754
102755
102756
102759
102760
102761
102762
102763
102765
102773
102774
102844
102847
103487
103573
103616
103617
103618
103619
103623
103624
103625
103626
103627
103628
103629
103630
103647
103648
103649
103650
103651
103652
103654
103655
103656
103657
103658
103659
103661
103668
103669
103670
104001
104002
104004
104005
104006
104007
104008
104010
104011
104019
104028
104030
104031
104032
104034
104035
104040
104041
104042
104044
104045
104046
104047
104209
104212
104213
104214
104215
104219
104259
104265
104268
104270
104271
104292
104293
104294
104304
104305
104306
104307
104311
104312
104313
104314
104315
104316
104317
104318
104335
104368
104370
104371
104376
104377
104378
104380
104381
104382
104383
105276
105278
105279
105365
105366
105408
105409
105410
105411
105412
105415
105416
105417
105418
105419
105421
105436
105439
105440
105441
105442
105443
105447
105448
105449
105450
105451
105453
105454
105461
181269
181312
181313
181314
181315
181316
181318
181319
181320
181321
181322
181323
181325
181340
181342
181343
181344
181345
181346
181347
181351
181352
181353
181354
181355
181356
181357
181358
181365
181439
181564
181566
181567
181652
181653
181654
181696
181697
181698
181699
181700
181702
181703
181704
181705
181706
181707
181709
181724
181726
181727
181728
181729
181730
181731
181735
181736
181737
181738
181740
181741
181742
181823
181909
181952
181953
181954
181955
181959
181960
181961
181962
181963
181964
181965
181966
181983
181984
181985
181986
181987
181988
181990
181991
181992
181993
181994
181995
181997
182004
182005
182006
185139
185148
185149
185150
185151
185236
185237
185238
185243
185280
185281
185282
185284
185285
185286
185287
185288
185290
185291
185308
185310
185311
185312
185314
185315
185320
185321
185322
185324
185325
185326
186644
186645
186646
186688
186690
186691
186696
186697
186698
186700
186701
186702
186720
186721
186722
186724
186726
186727
186728
186730
186731
186740
186741
186742
186812
186814
186815
187456
187457
187458
187460
187462
187463
187464
187465
187466
187467
187469
187484
187486
187487
187488
187489
187490
187491
187495
187496
187497
187498
187499
187500
187501
187502
187509
187711
187797
187840
187842
187843
187848
187849
187850
187852
187853
187854
187873
187874
187876
187878
187879
187880
187882
187883
187889
187892
187893
187894
187895
187899
187964
187966
187967
188052
188053
188054
188096
188097
188098
188099
188103
188104
188105
188106
188107
188109
188127
188128
188129
188130
188131
188135
188136
188137
188138
188139
188141
188149
188150
191680
191682
191683
191688
191689
191690
191692
191693
191694
191712
191713
191714
191716
191718
191719
191720
191722
191723
191732
191733
191734
192064
192065
192066
192068
192070
192071
192072
192074
192075
192092
192094
192095
192096
192098
192099
192104
192105
192106
192108
192109
192110
192276
192277
192278
192320
192322
192323
192328
192329
192330
192332
192333
192334
192352
192353
192354
192356
192358
192359
192360
192362
192363
192372
192373
192374
192444
192446
192447
262196
262291
262354
262677
262732
262734
262779
262847
262984
262986
263009
263019
263029
264276
264278
264463
264485
264498
264504
264506
264593
264603
264645
264668
264671
264684
264686
264947
264953
264956
264958
265473
265479
265483
265504
265506
265512
265514
265517
265525
265604
265606
265607
265631
265632
265635
265641
265644
265645
265646
265681
265684
265686
265687
265691
270673
270676
270678
270679
270680
270683
271375
271408
271410
271411
271417
271418
271420
271421
271422
271508
271510
271511
271515
271553
271556
271558
271559
271563
271583
271584
271586
271587
271592
271593
271594
271597
271598
271605
271940
271942
271943
271947
271967
271968
271970
271971
271977
271978
271981
271982
272148
272150
272151
272155
272207
272240
272242
272243
272249
272250
272253
272304
272306
272307
272313
272317
272318
273359
273381
273392
273394
273395
273400
273401
273402
273405
273406
275460
275461
275462
275463
275467
275484
275486
275487
275488
275490
275491
275497
275498
275500
275501
275502
275585
275588
275590
275591
275592
275594
275595
275615
275616
275617
275618
275619
275624
275625
275626
275627
275629
275637
275668
275669
275670
275671
275984
275985
275986
275988
275991
275992
275994
275995
275997
276080
276082
276083
276089
276092
276093
276094
276095
276099
276108
276110
276111
276132
276133
276134
276144
276145
276146
276147
276151
276152
276153
276154
276155
276157
276292
276293
276294
276304
276306
276307
276313
276316
276317
276318
276319
276323
276329
276332
276334
276335
