49158
49256
49258
49341
49460
49462
49529
49548
49549
49550
49567
49575
49904
49905
49915
50239
50324
50325
50372
50373
50384
50386
50391
50395
50415
50639
50656
50657
50660
50661
50662
50667
50677
50736
50738
50743
50746
50747
50812
50814
50819
50824
50825
50826
50844
50845
50846
50851
50856
50857
50861
52160
52162
52171
52179
52184
52185
52206
53500
53502
53503
53825
53828
53829
53830
53840
53841
53842
53844
53845
53846
53847
53851
53871
54032
54033
54036
54037
54038
54043
54080
54081
54082
54084
54086
54087
54090
54091
54099
54103
54104
54105
54106
54109
54124
54125
54126
54127
54207
55091
55095
55096
55097
55098
55100
55101
55102
55167
55168
55169
55170
55172
55173
55174
55175
55178
55179
55184
55186
55187
55191
55192
55193
55194
55195
55197
55212
55213
55214
55215
55249
55252
55253
55254
55491
55497
55500
55501
55502
55503
55516
55518
55519
55520
55521
55522
55523
55524
55526
55527
55528
55529
55530
55531
55795
55800
55801
55802
55804
55805
55806
55817
55820
55821
55822
55836
55838
55839
55840
55842
55843
55847
55848
55849
55850
55851
55887
55905
55908
55909
55910
55920
55921
55922
55924
55925
55926
55931
55951
55972
55973
55984
55985
55986
55988
55989
55990
55991
55995
61187
61191
61192
61193
61194
61209
61212
61213
61214
61225
61228
61229
61230
61262
61263
61279
61280
61281
61282
61284
61285
61286
61291
61362
61363
61367
61368
61369
61370
144143
144165
144176
144177
144178
144179
144183
144184
144185
144186
144187
144188
144189
144261
144272
144273
144274
144275
144278
144279
144280
144281
144282
144283
144285
144303
144324
144325
144336
144337
144338
144339
144343
144344
144345
144346
144347
144348
144349
144366
144367
145668
145669
145680
145681
145682
145683
145687
145688
145689
145690
145691
145693
145711
145742
145743
145764
145765
145776
145777
145778
145779
145782
145783
145784
145785
145786
145787
145789
145807
145829
145840
145841
145842
145843
145847
145848
145849
145850
145851
145852
145853
146501
146512
146513
146514
146515
146516
146518
146519
146520
146521
146522
146523
146525
146543
146700
146702
146703
146721
146724
146725
146726
146731
146736
146737
146738
146740
146741
146742
146743
146744
146746
146747
146815
146816
146817
146818
146819
146820
146822
146823
146824
146825
146826
146827
146835
146841
146844
146845
146846
146847
146850
146851
146856
146857
146858
146860
146861
146862
146863
146901
147184
147186
147187
147191
147192
147193
147194
147195
147196
147197
147198
199887
199909
199920
199921
199922
199923
199927
199928
199929
199930
199931
199933
200261
200272
200273
200274
200275
200279
200280
200281
200282
200283
200285
200303
200453
200464
200465
200466
200467
200471
200472
200473
200474
200475
200477
200495
200527
200549
200560
200561
200562
200563
200567
200568
200569
200570
200571
200572
200573
200574
200588
200590
200591
200612
200613
200624
200625
200626
200627
200630
200631
200632
200633
200634
200635
200637
205893
205904
205905
205906
205907
205908
205910
205911
205912
205913
205914
205915
205917
205935
206092
206094
206095
206116
206117
206118
206128
206129
206130
206131
206132
206134
206135
206136
206137
206138
206139
206141
206212
206213
206214
206224
206225
206226
206227
206231
206232
206233
206234
206235
206236
206237
206238
206252
206254
206255
206277
206288
206289
206290
206291
206292
206294
206295
206296
206297
206298
206299
206301
206319
206543
206565
206576
206577
206578
206579
206583
206584
206585
206586
206587
206588
206589
206590
209156
209157
209158
209168
209170
209171
209176
209177
209178
209179
209180
209181
209182
209196
209198
209199
209253
209264
209265
209266
209267
209271
209272
209273
209274
209275
209276
209277
209278
209292
209294
209295
209316
209317
209318
209328
209329
209330
209331
209332
209334
209335
209336
209338
209339
209341
210127
210149
210160
210161
210162
210163
210167
210168
210169
210170
210171
210173
210500
210501
210502
210512
210513
210514
210515
210519
210520
210521
210522
210523
210524
210525
210540
210542
210543
210693
210704
210705
210706
210707
210708
210710
210711
210712
210714
210715
210735
210755
210761
210764
210765
210766
210767
210784
210785
210788
210789
210790
210791
210795
210801
210804
210805
210806
210807
210811
210864
210866
210867
210872
210873
210874
210876
210877
210878
211727
211748
211749
211760
211761
211762
211763
211764
211766
211767
211768
211769
211770
211771
211773
211844
211845
211846
211856
211857
211858
211859
211863
211864
211865
211866
211867
211868
211869
211870
211884
211886
211887
211909
211920
211921
211922
211923
211924
211926
211927
211928
211929
211930
211931
211933
211951
278640
278647
278715
278976
278978
278983
279004
279006
279021
279233
279243
279261
279276
279278
280320
280322
280327
280328
280330
280348
280350
280355
280361
280365
280432
280434
280439
280440
280442
280463
280485
280497
280500
280502
280507
280831
281173
281345
281348
281350
281355
281363
281369
281373
281388
281390
281445
281457
281462
281467
281520
281522
281527
281528
281530
285696
285697
285698
285699
285702
285703
285704
285706
285707
285721
285724
285725
285726
285727
285731
285736
285737
285740
285741
285742
285775
285797
285808
285809
285810
285811
285812
285814
285815
285816
285817
285818
285819
285839
285860
285861
285862
285872
285873
285874
285876
285878
285879
285882
285883
286101
286144
286145
286146
286147
286151
286152
286153
286154
286155
286157
286172
286173
286174
286175
286176
286178
286179
286183
286184
286185
286186
286188
286189
286190
286270
286271
286356
286357
286358
286400
286401
286402
286404
286405
286406
286407
286408
286410
286411
286419
286424
286425
286426
286428
286429
286430
286435
286441
286444
286445
286446
286447
287743
289108
289109
289792
289793
289794
289796
289798
289799
289803
289811
289816
289817
289820
289821
289822
289836
289837
289838
289839
289871
289892
289893
289904
289905
289906
289908
289910
289911
289915
289968
289969
289970
289971
289975
289976
289978
289979
290111
290196
290197
290241
290244
290246
290251
290259
290264
290265
290269
290284
290286
290287
290496
290498
290499
290503
290504
290506
290507
290524
290526
290527
290531
290536
290537
290540
290541
