65548
65729
65738
65767
66139
66310
66349
66448
66451
66457
66462
66527
66543
67909
67936
67938
67939
67945
67950
68634
68637
68743
68747
68769
68776
68779
68788
68790
68791
68820
68822
68823
69184
69186
69193
69197
69198
69222
69233
69240
69242
69243
69245
69397
69488
69491
69497
69500
69502
69503
69519
69552
69554
69555
69561
69564
69566
69567
75028
75030
75031
75136
75138
75139
75145
75148
75149
75150
75173
75174
75185
75186
75192
75194
75195
75197
75221
77889
77895
77896
77898
77899
77901
77921
77924
77927
77928
77930
77931
77940
77942
77943
78352
78354
78355
78361
78364
78366
78367
78383
78468
78469
78470
78471
78496
78497
78498
78499
78504
78505
78506
78508
78509
78510
78517
78545
78552
78554
78555
78557
78661
78672
78674
78675
78681
78684
78686
78687
78688
78691
78697
78700
78702
78703
80129
80132
80134
80135
80136
80138
80139
80161
80162
80167
80168
80170
80171
80173
80180
80181
80182
80183
80272
80273
80274
80275
80280
80281
80282
80283
80284
80285
80286
80324
80325
80326
80352
80354
80355
80361
80364
80365
80366
80367
80373
80977
80980
80982
80983
80984
80986
80987
81347
81356
81358
81359
81381
81392
81394
81395
81401
81402
81404
81405
81406
81407
81411
81420
81422
81423
81445
81456
81458
81459
81465
81468
81469
81470
81471
81556
81557
81558
81600
81601
81602
81603
81608
81609
81610
81611
81612
81613
81614
81636
81637
81638
81639
81649
81650
81652
81655
81656
81658
81659
81661
152577
152580
152581
152582
152583
152587
152592
152594
152595
152600
152601
152602
152604
152605
152606
152607
152611
152617
152620
152621
152622
152623
152688
152691
152697
152698
152700
152701
152702
152703
152707
152713
152716
152717
152718
152719
152737
152740
152741
152742
152743
152747
152752
152753
152754
152756
152757
152758
152759
152760
152762
152763
153088
153089
153090
153092
153094
153095
153096
153097
153098
153099
153101
153119
153120
153121
153122
153123
153124
153127
153128
153129
153130
153131
153133
153140
153141
153142
153217
153220
153221
153222
153223
153224
153227
153235
153241
153244
153246
153247
153248
153250
153251
153256
153257
153258
153260
153261
153262
153263
153297
153300
153301
153302
153303
153307
153428
153429
153430
153431
229712
229713
229714
229716
229717
229718
229719
229720
229722
229723
230403
230409
230412
230413
230414
230415
230433
230436
230437
230438
230439
230443
230448
230449
230450
230452
230453
230454
230455
230456
230458
230459
230529
230532
230533
230534
230535
230539
230544
230546
230547
230552
230553
230554
230556
230557
230558
230559
230563
230569
230572
230573
230574
230575
230609
230610
230612
230613
230614
230615
230616
230619
230913
230916
230917
230918
230919
230923
230931
230937
230940
230941
230942
230943
230947
230953
230956
230957
230958
230959
231027
231033
231036
231037
231038
231039
231043
231049
231052
231053
231054
231055
231073
231076
231077
231078
231079
231083
231089
231092
231093
231094
231095
231099
231249
231252
231253
231254
231255
231259
232432
232434
232435
232440
232441
232442
232444
232445
232446
232447
236544
236546
236547
236552
236553
236554
236556
236557
236558
236559
236577
236578
236580
236581
236582
236583
236584
236587
236593
236596
236597
236598
236599
236603
236673
236676
236677
236678
236679
236683
236691
236697
236700
236701
236702
236703
236707
236713
236716
236717
236718
236719
236753
236756
236757
236758
236759
236763
237060
237061
237062
237072
237074
237075
237080
237081
237082
237084
237085
237086
237100
237102
237103
237168
237170
237171
237176
237177
237178
237180
237181
237182
237183
237187
237193
237196
237197
237198
237199
237220
237221
237222
237223
237227
237232
237233
237234
237236
237238
237239
237240
237242
237243
237381
237392
237393
237394
237395
237399
237400
237401
237402
237403
237405
237423
238579
238585
238588
238589
238590
238591
239953
239956
239957
239958
239959
239963
240640
240641
240642
240644
240645
240646
240647
240648
240650
240651
240659
240665
240668
240669
240670
240671
240672
240674
240675
240680
240681
240682
240684
240685
240686
240687
240755
240761
240764
240765
240766
240767
240768
240770
240771
240776
240777
240778
240780
240781
240782
240783
240800
240801
240802
240804
240805
240806
240807
240808
240810
240811
240817
240820
240821
240822
240823
240827
241139
241145
241148
241149
241150
241151
241155
241161
241162
241164
241165
241166
241167
241184
241185
241186
241188
241189
241190
241191
241192
241195
241201
241204
241205
241206
241207
241211
241280
241281
241282
241284
241285
241286
241287
241288
241290
241291
241299
241305
241308
241309
241310
241311
241312
241314
241315
241320
241321
241322
241324
241325
241326
241327
241361
241364
241365
241366
241367
241371
311452
311505
311515
311831
311920
311922
311993
311997
312132
312134
312159
312172
312174
313413
313427
313433
313436
313437
313438
313455
313663
313749
313792
313794
313800
313802
313825
313832
313835
313845
314051
314057
314061
314084
314086
314087
314100
314102
314640
314641
314642
314648
314650
314739
314745
314748
314750
314764
314767
314789
314801
314802
314808
314810
314811
319765
319808
319810
319811
319817
319820
319821
319822
319841
319844
319845
319846
319847
319851
319857
319860
319862
319863
319867
319932
319934
319935
320755
320761
320764
320766
320767
321108
321109
321110
321281
321287
321288
321290
321291
321312
321314
321315
321320
321321
321322
321325
321333
321409
321412
321414
321415
321419
321439
321440
321442
321443
321449
321450
321453
321492
321494
322307
322316
322318
322319
322340
322341
322342
322353
322359
322360
322362
322363
322448
322449
322450
322451
322456
322457
322458
322459
322461
322501
322512
322514
322515
322520
322521
322522
322524
322525
322526
322543
324672
324673
324674
324675
324679
324680
324681
324682
324683
324685
324704
324705
324706
324711
324712
324714
324715
324717
324724
324725
324726
325068
325070
325071
325092
325093
325094
325104
325105
325106
325107
325111
325112
325113
325114
325115
325117
325135
325168
325170
325171
325176
325177
325178
325180
325181
325182
325265
325268
325270
325271
325272
325275
325313
325316
325317
325318
325319
325323
325331
325340
325342
325343
325344
325346
325347
325353
325356
325357
325358
325359
