16429
16527
16566
16845
16865
16871
16875
16956
16958
17041
17093
17112
17114
17135
18191
18213
18225
18230
18231
18235
18304
18305
18306
18310
18311
18315
18332
18333
18334
18348
18349
18350
18389
18672
18674
18680
18682
19012
19013
19014
19027
19032
19033
19037
19055
19220
19222
19267
19273
19277
19296
19298
19303
19306
23612
23613
23614
23615
23696
23697
23698
23700
23701
23702
23703
23707
23748
23749
23750
23760
23762
23763
23767
23768
23769
23770
23771
23773
23788
23790
23791
24064
24065
24066
24068
24070
24071
24072
24074
24075
24083
24089
24092
24093
24094
24095
24099
24104
24105
24106
24108
24109
24110
24111
24176
24178
24179
24183
24184
24185
24186
24187
24189
24204
24206
24207
24225
24228
24229
24230
24240
24241
24242
24244
24245
24246
24247
24250
24251
24404
24405
24406
25539
25544
25545
25546
25548
25549
25550
25567
25568
25569
25570
25574
25575
25576
25578
25579
25589
26896
26897
26898
26900
26902
26903
26907
26947
26953
26956
26957
26958
26975
26976
26977
26978
26980
26982
26983
26984
26986
26987
26997
27068
27069
27070
27071
27716
27717
27718
27728
27730
27731
27735
27736
27737
27738
27759
27916
27918
27919
27940
27941
27942
27953
27956
27957
27958
27963
28031
28032
28034
28039
28040
28042
28043
28060
28062
28063
28067
28072
28073
28077
28403
28408
28409
28410
28413
101376
101378
101379
101384
101385
101386
101388
101389
101390
101408
101409
101410
101412
101414
101415
101416
101418
101419
101428
101429
101430
101504
101505
101506
101508
101510
101511
101512
101514
101515
101529
101532
101534
101535
101536
101538
101539
101544
101545
101546
101548
101549
101550
101551
101585
101588
101589
101590
101591
101595
101888
101889
101890
101892
101893
101894
101895
101896
101898
101899
101907
101913
101916
101917
101918
101919
101920
101922
101923
101928
101929
101930
101932
101933
101934
101935
102003
102009
102012
102013
102014
102015
102016
102018
102019
102024
102025
102026
102028
102029
102030
102031
102048
102049
102050
102052
102053
102054
102055
102056
102058
102059
102065
102068
102069
102070
102071
102075
102225
102228
102229
102230
102231
102235
107521
107524
107525
107526
107527
107531
107539
107545
107548
107549
107550
107551
107555
107561
107564
107565
107566
107567
107635
107641
107644
107645
107646
107647
107651
107657
107660
107661
107662
107663
107681
107684
107685
107686
107687
107691
107697
107700
107701
107702
107703
107707
108019
108025
108028
108029
108030
108031
108032
108034
108035
108040
108041
108044
108045
108046
108047
108065
108068
108069
108070
108071
108074
108075
108081
108084
108085
108086
108087
108091
108161
108164
108165
108166
108167
108171
108179
108185
108188
108189
108190
108191
108195
108201
108204
108205
108206
108207
108241
108244
108245
108246
108247
108251
110929
110932
110933
110934
110935
110939
111619
111625
111628
111629
111630
111631
111648
111649
111652
111653
111654
111655
111658
111659
111665
111668
111669
111670
111671
111675
111744
111745
111746
111748
111749
111750
111751
111752
111754
111755
111763
111769
111772
111773
111774
111775
111776
111778
111779
111784
111785
111786
111788
111789
111790
111791
111825
111828
111829
111830
111831
111835
112124
112126
112127
112128
112129
112130
112131
112135
112136
112137
112138
112139
112141
112156
112158
112159
112160
112161
112162
112163
112167
112168
112169
112170
112171
112173
112181
112252
112254
112255
112256
112258
112259
112264
112265
112266
112268
112269
112270
112287
112288
112289
112290
112291
112292
112294
112295
112296
112298
112299
112308
112309
112310
112469
113651
113657
113660
113661
113662
113663
177148
177150
177151
178516
178517
178518
179200
179201
179202
179204
179206
179207
179208
179210
179211
179228
179230
179231
179232
179234
179235
179240
179241
179242
179244
179245
179246
179315
179321
179324
179325
179326
179327
179328
179330
179331
179336
179337
179338
179340
179341
179342
179343
179360
179361
179362
179364
179366
179367
179368
179370
179371
179377
179380
179381
179382
179663
179684
179685
179696
179697
179698
179699
179700
179701
179702
179703
179704
179705
179706
179707
179727
179748
179749
179750
179760
179761
179762
179763
179764
179766
179767
179768
179770
179771
179840
179841
179842
179844
179845
179846
179847
179850
179851
179858
179859
179864
179865
179866
179868
179869
179870
179871
179875
179881
179884
179885
179886
179887
179921
179924
179925
179926
179927
179931
245807
245832
245853
246047
246048
246050
246059
246128
246129
246132
246134
246139
246196
246197
246515
246520
246522
246835
246840
246841
246911
246915
246919
246920
246922
246937
246956
246957
246958
247232
247233
247234
247236
247237
247238
247243
247250
247251
247255
247256
247258
247278
247279
247359
247444
247445
247489
247492
247493
247504
247505
247506
247508
247510
247515
247535
248780
248781
248782
248799
248807
248810
250060
250062
250063
250079
250080
250081
250082
250084
250085
250086
250087
250091
250355
250359
250360
250361
250362
250380
250381
250382
250383
250398
250399
250400
250401
250402
250403
250404
250406
250407
250408
250410
250411
250447
250465
250468
250469
250480
250481
250482
250484
250485
250486
250491
250533
250544
250545
250546
250548
250549
250550
250555
251135
251461
251472
251473
251476
251477
251478
251483
251648
251649
251650
251652
251653
251654
251659
251664
251665
251666
251667
251668
251669
251670
251671
251672
251674
251675
251694
251695
251712
251714
251715
251719
251720
251721
251722
251723
251724
251725
251731
251736
251737
251740
251741
251742
251743
251746
251747
251751
251752
251753
251754
251756
251757
251758
251836
251837
251838
251839
252159
252500
252501
252672
252673
252674
252676
252677
252678
252679
252683
252688
252689
252690
252691
252692
252694
252695
252696
252697
252698
252699
252716
252718
252719
252739
252743
252744
252745
252746
252749
252755
252760
252761
252764
252765
252766
252771
252776
252777
252778
252780
252781
252782
252860
252861
252862
252863
257842
257843
257847
257848
257849
257850
257916
257917
257918
257923
257928
257929
257930
257933
257948
257949
257950
257955
257960
257961
257962
257964
257965
