49359
49392
49395
49404
49407
49920
49923
49932
49934
49935
49957
49968
49970
49971
49977
49982
50069
50114
50121
50126
50149
50162
50169
50174
51541
52226
52233
52238
52261
52274
52417
52426
52429
52454
52465
52474
52477
52822
52993
53000
53002
53003
53005
53028
53030
53031
53041
53048
53050
53051
53053
53140
53142
53143
53185
53192
53194
53195
53197
53220
53222
53223
53233
53240
53242
53243
53245
58708
58710
58711
61441
61448
61450
61451
61453
61476
61478
61479
61489
61496
61498
61499
61501
61588
61590
61591
61595
61633
61636
61639
61640
61642
61643
61645
61668
61670
61671
61672
61675
61681
61684
61687
61688
61690
61691
61693
62036
62038
62039
62040
62043
62209
62212
62214
62215
62216
62218
62219
62221
62241
62244
62246
62247
62248
62250
62251
62253
62257
62260
62262
62263
62264
62267
62353
62356
62359
62360
62362
62363
62365
62404
62406
62407
62408
62411
62433
62436
62439
62440
62442
62443
62445
62452
62454
62455
62456
62459
63825
63828
63831
63832
63834
63835
63837
64516
64518
64519
64520
64523
64545
64548
64551
64552
64554
64555
64557
64564
64566
64567
64568
64571
64657
64663
64664
64666
64667
64669
64708
64710
64711
64737
64738
64744
64746
64747
64749
64756
64757
64758
64759
65105
65106
65112
65113
65114
65115
65117
65118
65284
65285
65286
65287
65312
65313
65314
65315
65320
65321
65322
65323
65325
65326
65332
65333
65334
65335
65424
65425
65426
65427
65432
65433
65434
65435
65436
65437
65438
65439
65476
65477
65478
65479
65504
65505
65506
65507
65512
65513
65514
65515
65516
65517
65518
65519
65524
65525
65526
65527
136516
136517
136518
136519
136523
136528
136530
136531
136537
136538
136540
136541
136542
136543
136544
136547
136553
136556
136557
136558
136559
213008
213009
213010
213012
213014
213015
213016
213018
213019
213068
213070
213071
213092
213093
213094
213104
213105
213106
213108
213110
213111
213112
213114
213115
213168
213170
213171
213176
213177
213178
213180
213181
213182
213452
213454
213455
213476
213477
213478
213488
213489
213490
213492
213494
213495
213496
213498
213499
213552
213554
213555
213560
213561
213562
213564
213565
213566
213648
213649
213650
213652
213654
213655
213656
213658
213659
213700
213701
213702
213712
213714
213715
213720
213721
213722
213724
213725
213726
213740
213742
213743
214979
214985
214988
214989
214990
214991
215009
215012
215013
215014
215015
215019
215024
215025
215026
215028
215029
215030
215031
215032
215034
215035
215088
215090
215091
215096
215097
215098
215100
215101
215102
215103
215184
215185
215186
215188
215189
215190
215191
215192
215194
215195
215233
215236
215237
215238
215239
215243
215248
215250
215251
215256
215257
215258
215260
215261
215262
215267
215276
215277
215278
215279
215568
215569
215570
215572
215574
215575
215576
215578
215579
215628
215630
215631
215652
215653
215654
215664
215665
215666
215668
215670
215671
215672
215674
215675
215728
215730
215731
215736
215737
215738
215740
215741
215742
215876
215877
215878
215888
215890
215891
215896
215897
215898
215900
215901
215902
215916
215918
215919
221132
221134
221135
221156
221157
221158
221168
221169
221170
221172
221174
221175
221176
221178
221179
221232
221234
221235
221240
221241
221242
221244
221245
221246
221328
221329
221330
221332
221334
221335
221336
221338
221339
221380
221381
221382
221392
221394
221395
221400
221401
221402
221404
221405
221406
221420
221422
221423
221712
221713
221714
221716
221717
221718
221719
221720
221722
221723
221763
221769
221772
221773
221774
221775
221793
221796
221797
221798
221799
221803
221808
221809
221810
221812
221814
221815
221816
221818
221819
221872
221874
221875
221880
221881
221882
221884
221885
221886
221887
222017
222020
222021
222022
222023
222027
222032
222034
222035
222040
222041
222042
222044
222045
222046
222047
222051
222057
222060
222061
222062
222063
223248
223249
223250
223252
223253
223254
223255
223256
223258
223259
223299
223305
223308
223309
223310
223311
223329
223332
223333
223334
223335
223339
223344
223345
223346
223348
223349
223350
223351
223352
223354
223355
223408
223410
223411
223416
223417
223418
223420
223421
223422
223423
223683
223689
223692
223693
223694
223695
223713
223716
223717
223718
223719
223723
223728
223729
223730
223732
223733
223734
223735
223736
223738
223739
223792
223794
223795
223800
223801
223802
223804
223805
223806
223807
223888
223889
223890
223892
223893
223894
223895
223896
223898
223899
223937
223940
223941
223942
223943
223947
223952
223954
223955
223960
223961
223962
223964
223965
223966
223967
223971
223977
223980
223981
223982
223983
224577
224580
224581
224582
224583
224587
224592
224594
224595
224600
224601
224602
224604
224605
224606
224607
224611
224617
224620
224621
224622
224623
295425
295431
295435
295455
295459
295465
295469
295585
295591
295595
295605
295765
296964
296965
296966
296988
296990
297004
297006
297007
297084
297086
297100
297102
297124
297126
297140
297142
297471
297475
297481
297485
297505
297511
297515
297604
297606
297628
297630
297644
297646
297684
297686
298321
298324
298326
298327
298331
303120
303121
303122
303124
303126
303127
303128
303130
303131
303180
303182
303183
303204
303205
303206
303216
303217
303218
303219
303223
303224
303225
303226
303227
303229
303280
303282
303283
303288
303289
303290
303292
303293
303294
303567
303589
303600
303601
303602
303603
303607
303608
303609
303610
303611
303613
303631
303653
303664
303665
303666
303667
303671
303672
303673
303674
303675
303677
303749
303760
303761
303762
303763
303767
303768
303769
303770
303771
303773
303791
303813
303824
303825
303826
303827
303831
303832
303833
303834
303835
303837
303855
305139
305145
305148
305149
305150
305164
305166
305167
305188
305189
305190
305201
305204
305206
305207
305211
305284
305285
305286
305299
305305
305308
305309
305310
305324
305326
305327
305361
305367
305368
305370
305371
305669
305680
305682
305683
305688
305689
305690
305693
305711
305776
305778
305779
305784
305785
305786
305789
305807
305829
305840
305841
305842
305847
305848
305850
305851
306000
306001
306002
306007
306008
306010
306011
308548
308549
308550
308560
308562
308563
308568
308569
308570
308572
308573
308574
308588
308590
308591
