16481
16491
16569
16691
16696
16697
16768
16769
16779
16787
16793
16814
17121
17131
17612
17614
17632
17633
17634
17643
17919
17920
17921
17922
17927
17931
17939
17945
17949
17964
17965
17966
17999
18017
18020
18022
18027
18037
18099
18103
18104
18105
18106
19251
19257
19329
19332
19334
19339
19347
19352
19353
19354
21296
21297
21298
21299
21302
21303
21304
21306
21307
21372
21374
21375
21378
21379
21383
21384
21385
21386
21404
21405
21406
21411
21416
21417
21418
21420
21421
21422
22524
22525
22526
22527
22528
22530
22531
22535
22536
22537
22538
22539
22540
22541
22556
22557
22558
22559
22560
22562
22563
22567
22568
22569
22570
22572
22573
22574
22607
22629
22640
22641
22642
22644
22645
22646
22647
22648
22650
22651
22671
22689
22692
22693
22694
22704
22705
22706
22708
22709
22710
22711
22714
22715
22844
22845
22846
22847
22916
22917
22928
22929
22930
22932
22933
22934
22935
22938
22939
22959
22981
22992
22993
22994
22996
22997
22998
22999
23003
23023
23234
23235
23239
23240
23241
23242
23245
23260
23261
23262
23263
23267
23271
23272
23273
23274
23276
23277
23278
27855
27873
27876
27877
27878
27889
27892
27893
27894
27899
28161
28164
28165
28166
28171
28176
28178
28179
28183
28184
28185
28186
28207
28233
28236
28237
28238
28255
28256
28258
28259
28263
28264
28266
28267
28339
28345
28348
28349
28350
28500
28501
110640
110642
110643
110648
110649
110650
110652
110653
110654
110655
110736
110737
110738
110740
110741
110742
110743
110744
110746
110747
110785
110788
110789
110790
110791
110795
110800
110802
110803
110808
110809
110812
110813
110814
110815
110819
110825
110828
110829
110830
110831
111121
111124
111125
111126
111127
111131
111171
111177
111180
111181
111182
111183
111201
111204
111205
111206
111207
111211
111216
111217
111220
111221
111222
111223
111226
111227
111283
111289
111292
111293
111294
111295
111425
111428
111429
111430
111431
111435
111443
111449
111452
111453
111454
111455
111459
111465
111468
111469
111470
111471
112640
112641
112644
112645
112646
112647
112651
112656
112658
112659
112663
112664
112665
112666
112667
112668
112669
112670
112684
112686
112687
112718
112719
112740
112741
112742
112752
112753
112754
112755
112756
112758
112759
112760
112762
112763
112783
112805
112816
112817
112818
112819
112822
112823
112824
112825
112826
112827
112829
113091
113097
113100
113101
113102
113103
113121
113124
113125
113126
113127
113131
113136
113137
113140
113141
113142
113143
113147
113202
113203
113208
113209
113210
113212
113213
113214
113215
113296
113297
113298
113300
113301
113302
113303
113304
113306
113307
113345
113348
113349
113350
113351
113355
113360
113362
113363
113368
113369
113370
113372
113373
113374
113385
113388
113389
113390
113391
114000
114001
114002
114004
114005
114006
114007
114011
167875
167881
167884
167885
167886
167887
167905
167908
167909
167910
167911
167915
167920
167921
167922
167924
167925
167926
167927
167928
167930
167931
173377
173380
173381
173382
173383
173392
173394
173395
173400
173401
173402
173404
173405
173406
173407
173411
173417
173420
173422
173423
176144
176145
176146
176148
176150
176151
176152
176154
176155
176204
176206
176207
176228
176229
176230
176240
176241
176242
176244
176246
176247
176248
176250
176251
176304
176306
176307
176312
176313
176314
176316
176317
176318
176588
176590
176591
176612
176613
176614
176624
176625
176626
176628
176630
176631
176632
176634
176635
176688
176690
176691
176696
176697
176698
176700
176701
176702
176784
176785
176786
176788
176790
176791
176792
176794
176795
176836
176837
176838
176848
176850
176851
176856
176857
176858
176860
176861
176862
176876
176878
176879
178112
178113
178114
178115
178119
178120
178121
178122
178123
178124
178125
178140
178142
178143
178144
178145
178146
178147
178151
178152
178153
178154
178155
178157
178236
178238
178239
178321
178324
178325
178326
178331
178368
178369
178370
178372
178373
178374
178375
178376
178378
178379
178387
178393
178396
178397
178398
178399
178403
178408
178409
178412
178413
178414
178415
178704
178705
178706
178708
178710
178711
178712
178714
178715
178755
178761
178764
178765
178766
178767
178785
178788
178789
178790
178791
178795
178800
178801
178802
178804
178805
178806
178807
178810
178811
178864
178866
178867
178872
178873
178874
178876
178877
178878
178879
179012
179013
179014
179024
179026
179027
179032
179033
179034
179036
179037
179038
179052
179054
179055
245806
245839
245946
246078
246161
246171
246224
246226
246235
246473
246495
246504
246506
247027
247032
247034
247360
247361
247362
247364
247366
247371
247379
247385
247389
247404
247406
247616
247617
247618
247622
247623
247627
247635
247641
247644
247645
247660
247661
247662
248591
248612
248613
248614
248628
248629
248700
248702
248717
248735
248738
248743
248744
248746
250819
250823
250824
250825
250826
250829
250844
250845
250846
250847
250851
250855
250856
250857
250858
250861
251984
251985
251988
251989
251990
251995
252160
252161
252162
252163
252167
252168
252169
252170
252171
252185
252188
252189
252190
252191
252195
252200
252201
252202
252204
252205
252206
252239
252260
252261
252272
252273
252274
252276
252277
252278
252279
252283
252325
252336
252337
252338
252340
252342
252343
252344
252346
252347
252668
252670
252671
253184
253185
253188
253189
253190
253195
253200
253201
253202
253203
253207
253208
253209
253210
253211
253213
253228
253230
253231
253260
253261
253262
253263
253280
253281
253282
253284
253285
253286
253287
253291
253297
253300
253301
253302
253307
253360
253362
253363
253367
253368
253369
253370
253372
253373
253374
257084
257086
257087
257168
257169
257170
257172
257173
257174
257175
257179
257220
257221
257232
257233
257234
257238
257239
257242
257243
257263
257520
257522
257523
257527
257528
257529
257530
257551
257569
257572
257573
257574
257585
257588
257589
257590
257660
257661
257662
257667
257673
257676
257677
257678
257695
257696
257698
257699
257703
257704
257705
257706
