16545
16565
16883
16911
16933
16945
16951
16955
17028
17030
17108
17110
18371
18377
18380
18381
18400
18401
18407
18411
18421
18492
18494
18495
18580
18581
18582
18628
18630
18652
18653
18654
18668
18670
18960
18962
18967
18968
18970
19023
19045
19057
19063
19067
19123
19129
19133
19280
19282
19288
19290
24332
24333
24334
24335
24353
24356
24357
24358
24359
24363
24369
24372
24373
24374
24375
24379
24448
24449
24450
24452
24453
24454
24455
24456
24458
24459
24467
24473
24476
24477
24478
24479
24483
24488
24489
24492
24493
24494
24495
24529
24532
24533
24534
24819
24824
24825
24826
24828
24829
24830
25168
25169
25170
25172
25174
25175
25176
25178
25179
25348
25349
25350
25360
25362
25363
25367
25368
25369
25370
25373
25388
25390
25391
25423
25445
25456
25457
25458
25463
25464
25466
25467
25487
25509
25520
25521
25522
25523
25527
25528
25529
25530
25531
25533
26688
26689
26690
26695
26696
26698
26699
26716
26718
26719
26723
26728
26729
26730
26733
26931
26937
26940
26941
26942
27025
27028
27030
27031
27035
27076
27077
27078
27088
27090
27091
27096
27097
27098
27100
27101
27102
27116
27118
27119
27331
27337
27340
27341
27342
27361
27364
27366
27367
27371
27380
27381
27382
27925
27968
27970
27975
27976
27978
27999
28000
28002
28003
28008
28009
28010
28013
28095
98556
98558
98559
98900
98901
98902
99072
99073
99074
99075
99076
99078
99079
99080
99081
99082
99083
99085
99100
99102
99103
99104
99105
99106
99107
99111
99112
99113
99114
99115
99116
99117
99118
99125
99196
99198
99199
99200
99201
99202
99203
99207
99208
99209
99210
99211
99212
99213
99214
99231
99232
99233
99234
99235
99236
99238
99239
99240
99241
99242
99243
99245
99252
99253
99254
99285
100436
100437
100608
100609
100610
100611
100615
100616
100617
100618
100619
100620
100621
100622
100639
100640
100641
100642
100643
100644
100646
100647
100648
100649
100650
100651
100653
100660
100661
100662
100735
100736
100737
100738
100739
100740
100742
100743
100744
100745
100746
100747
100749
100764
100766
100767
100768
100769
100770
100771
100775
100776
100777
100778
100779
100780
100781
100782
100789
100820
100821
100822
101116
101118
101119
101461
101632
101633
101634
101635
101639
101640
101641
101642
101643
101645
101663
101664
101665
101666
101667
101671
101672
101673
101674
101675
101677
101685
101759
101760
101761
101762
101763
101767
101768
101769
101770
101771
101773
101791
101792
101793
101794
101795
101799
101800
101801
101802
101803
101805
101813
101845
102143
106580
106581
106582
106752
106753
106754
106755
106759
106760
106761
106762
106763
106765
106783
106784
106785
106786
106787
106791
106792
106793
106794
106795
106797
106805
106879
106880
106881
106882
106883
106887
106888
106889
106890
106891
106893
106911
106912
106913
106914
106915
106919
106920
106921
106922
106923
106925
106933
106965
107262
107263
107775
108117
108288
108289
108290
108291
108295
108296
108297
108298
108299
108301
108319
108320
108321
108322
108323
108327
108328
108329
108330
108331
108333
108341
108415
108416
108417
108418
108419
108423
108424
108425
108426
108427
108429
108447
108448
108449
108450
108451
108455
108456
108457
108458
108459
108461
108469
108501
108799
109141
109312
109313
109314
109315
109319
109320
109321
109322
109323
109325
109343
109344
109345
109346
109347
109351
109352
109353
109354
109355
109357
109365
109439
109440
109441
109442
109443
109447
109448
109449
109450
109451
109453
109471
109472
109473
109474
109475
109479
109480
109481
109482
109483
109485
109493
109525
111701
111872
111873
111874
111875
111876
111878
111879
111880
111881
111882
111883
111885
111900
111902
111903
111904
111905
111906
111907
111911
111912
111913
111914
111915
111916
111917
111918
111925
111996
111998
111999
112000
112002
112003
112008
112009
112010
112012
112013
112014
112031
112032
112033
112034
112036
112038
112039
112040
112042
112043
112052
112053
112054
112383
179455
179797
179968
179969
179970
179971
179975
179976
179977
179978
179979
179980
179981
179982
179999
180000
180001
180002
180003
180006
180007
180008
180009
180010
180011
180013
180020
180021
180083
180088
180089
180092
180093
180094
180095
180098
180099
180104
180105
180106
180108
180109
180110
180127
180128
180129
180130
180131
180132
180134
180135
180136
180137
180138
180139
180141
180148
180149
245776
245777
245826
245951
246019
246023
246026
246040
246041
246060
246061
246062
246108
246109
246121
246205
246796
246797
246798
246814
246819
246823
246826
246863
246879
246880
246881
246882
246884
246886
246891
246962
246967
247055
247072
247073
247076
247077
247092
247093
247152
247153
247154
247156
247157
247158
247163
247183
247200
247201
247204
247205
247206
247211
247221
247536
247537
247538
247540
247541
247542
247547
248819
248824
248825
248826
249906
249907
249910
249911
249914
249915
249971
249975
249976
249977
249978
249996
249997
249998
250012
250013
250014
250015
250019
250023
250024
250025
250026
250163
250168
250169
250172
250173
250174
250236
250237
250238
250243
250247
250248
250249
250250
250259
250263
250264
250265
250266
250268
250269
250281
250284
250285
250286
250563
250568
250569
250572
250573
250574
250585
250588
250589
250590
250595
250599
250600
250601
250602
250604
250605
250940
250941
250942
250943
251007
251008
251009
251010
251012
251013
251014
251015
251019
251024
251025
251026
251027
251028
251029
251030
251031
251034
251035
251054
251055
251092
251093
251199
251280
251281
251284
251285
251328
251329
251330
251332
251333
251334
251335
251338
251339
251344
251345
251346
251347
251348
251349
251350
251351
251352
251353
251354
251355
251372
251374
251375
251455
251520
251521
251524
251525
251526
251531
251536
251537
251538
251540
251541
251542
251547
251567
251584
251585
251586
251588
251589
251590
251595
251600
251601
251602
251604
251605
251606
251611
251631
252864
252865
252866
252867
252868
252869
252870
252871
252872
252873
252874
252875
252882
252883
252886
252887
252888
252889
252890
252891
252908
252909
252910
252911
257998
257999
258015
258016
258017
258018
258020
258021
258022
258027
