32800
32802
32896
32898
32928
32930
32936
32938
33312
33314
33408
33410
33416
33418
33448
33450
34815
34816
34818
34819
34825
34829
34849
34855
34856
34858
34859
34869
34945
34951
34952
34954
34955
34975
34979
34985
34989
35029
35328
35330
35359
35368
35370
35455
35456
35458
35459
35465
35469
35488
35489
35490
35495
35499
35509
40947
40953
40956
40957
40958
40959
40960
40962
40963
40969
40972
40973
40974
40975
40993
40994
40996
40997
40998
40999
41000
41002
41003
41009
41012
41013
41014
41015
41019
41089
41092
41093
41094
41095
41099
41107
41113
41116
41117
41118
41119
41123
41129
41132
41133
41134
41135
41172
41173
41174
41472
41473
41474
41476
41478
41479
41480
41482
41483
41500
41502
41503
41504
41506
41507
41512
41513
41514
41516
41517
41518
41596
41598
41599
41603
41608
41609
41610
41612
41613
41614
41633
41636
41638
41639
41640
41642
41643
41652
41653
41654
41812
41813
41814
43009
43015
43019
43039
43040
43042
43043
43049
43053
43132
43134
43135
43136
43138
43139
43145
43146
43149
43168
43169
43170
43175
43176
43178
43179
43189
43516
43518
43519
43523
43528
43529
43530
43532
43533
43534
43552
43553
43554
43556
43558
43559
43560
43562
43563
43572
43573
43574
43648
43649
43650
43652
43654
43655
43656
43658
43659
43676
43678
43679
43683
43688
43689
43690
43692
43693
43694
43732
43733
43734
44373
114688
114690
114691
114696
114697
114698
114700
114701
114702
114703
114721
114724
114725
114726
114727
114728
114730
114731
114737
114740
114741
114742
114743
114747
114816
114817
114818
114820
114821
114822
114823
114827
114835
114841
114844
114845
114846
114847
114851
114856
114857
114858
114860
114861
114862
114863
114897
114900
114901
114902
114903
114907
115201
115204
115205
115206
115207
115208
115211
115219
115225
115228
115229
115230
115231
115235
115241
115244
115245
115246
115247
115315
115321
115324
115325
115326
115327
115331
115337
115340
115341
115342
115343
115361
115364
115365
115366
115367
115371
115377
115380
115381
115382
115383
115387
115537
115540
115541
115542
115543
115547
116737
116740
116741
116742
116743
116747
116755
116761
116764
116765
116766
116767
116768
116770
116771
116777
116780
116781
116782
116783
116851
116857
116860
116861
116862
116863
116867
116873
116876
116877
116878
116879
116897
116900
116901
116902
116903
116907
116913
116916
116917
116918
116919
116923
117235
117241
117244
117245
117246
117247
117251
117257
117260
117261
117262
117263
117280
117281
117282
117284
117285
117286
117287
117291
117297
117300
117301
117302
117303
117307
117377
117380
117381
117382
117383
117384
117386
117387
117395
117401
117404
117405
117406
117407
117411
117417
117420
117421
117422
117423
117457
117460
117461
117462
117463
117467
118097
118100
118101
118102
118103
118107
122880
122881
122882
122884
122885
122886
122887
122891
122899
122905
122908
122909
122910
122911
122912
122914
122915
122921
122924
122925
122926
122927
122995
123001
123004
123005
123006
123007
123011
123017
123020
123021
123022
123023
123040
123041
123042
123044
123045
123046
123047
123048
123050
123051
123057
123060
123061
123062
123063
123067
123379
123385
123388
123389
123390
123391
123392
123394
123395
123401
123404
123405
123406
123407
123425
123428
123429
123430
123431
123435
123441
123444
123445
123446
123447
123451
123521
123524
123525
123526
123527
123531
123539
123545
123548
123549
123550
123551
123555
123561
123564
123565
123566
123567
123601
123604
123605
123606
123607
123611
124915
124921
124924
124925
124926
124927
124931
124937
124940
124941
124942
124943
124961
124964
124965
124966
124967
124968
124970
124971
124977
124980
124981
124982
124983
124987
125056
125057
125058
125060
125061
125062
125063
125064
125066
125067
125075
125081
125084
125085
125086
125087
125091
125097
125100
125101
125102
125103
125137
125140
125141
125142
125143
125147
125441
125444
125445
125446
125447
125448
125450
125451
125459
125465
125468
125469
125470
125471
125475
125480
125481
125482
125484
125485
125486
125487
125555
125561
125564
125565
125566
125567
125571
125577
125580
125581
125582
125583
125600
125601
125602
125604
125605
125606
125607
125608
125610
125611
125617
125620
125621
125622
125623
125627
125777
125780
125781
125782
125783
125787
128337
128340
128341
128342
128343
128347
196595
196600
196601
196604
196605
196606
196607
262420
262421
262464
262465
262468
262469
262480
262481
262484
262485
263168
263169
263172
263173
263184
263185
263188
263189
263190
263195
263232
263233
263234
263236
263237
263238
263243
263248
263249
263250
263252
263253
263254
263259
263279
263359
263424
263425
263426
263428
263429
263430
263435
263440
263441
263442
263444
263445
263446
263451
263471
263488
263489
263490
263492
263493
263494
263499
263504
263505
263506
263508
263509
263510
263515
263535
263615
263935
266240
266241
266242
266244
266245
266246
266251
266256
266257
266258
266260
266261
266262
266267
266287
266304
266305
266306
266308
266309
266310
266315
266320
266321
266322
266324
266325
266326
266331
266351
266431
266496
266497
266498
266500
266501
266502
266507
266512
266513
266514
266516
266517
266518
266519
266522
266523
266543
266560
266561
266562
266563
266564
266565
266566
266567
266570
266571
266576
266577
266578
266579
266580
266581
266582
266583
266586
266587
266606
266607
266686
266687
267007
267264
267265
267266
267267
267268
267269
267270
267271
267274
267275
267280
267281
267282
267283
267284
267285
267286
267287
267290
267291
267310
267311
267328
267329
267330
267331
267332
267333
267334
267335
267336
267337
267338
267339
267344
267345
267346
267347
267348
267349
267350
267351
267352
267353
267354
267355
267372
267373
267374
267375
267452
267454
267455
267520
267521
267522
267523
267524
267525
267526
267527
267528
267529
267530
267531
267536
267537
267538
267539
267540
267541
267542
267543
267544
267545
267546
267547
267564
267565
267566
267567
267584
267585
267586
267587
267588
267589
267590
267591
267592
267593
267594
267595
267600
267601
267602
267603
267604
267605
267606
267607
267608
267609
267610
267611
267628
267629
267630
267631
267708
267709
267710
267711
268028
268029
268030
268031
269310
269311
274431
