16
17
66
191
259
263
266
280
281
300
301
302
348
349
361
445
1036
1037
1038
1054
1059
1063
1066
1103
1119
1120
1121
1122
1124
1126
1131
1202
1207
1295
1312
1313
1316
1317
1332
1333
1392
1393
1394
1396
1397
1398
1403
1423
1440
1441
1444
1445
1446
1451
1461
1776
1777
1778
1780
1781
1782
1787
3059
3064
3065
3066
4146
4147
4150
4151
4154
4155
4211
4215
4216
4217
4218
4236
4237
4238
4252
4253
4254
4255
4259
4263
4264
4265
4266
4403
4408
4409
4412
4413
4414
4476
4477
4478
4483
4487
4488
4489
4490
4499
4503
4504
4505
4506
4508
4509
4521
4524
4525
4526
4803
4808
4809
4812
4813
4814
4825
4828
4829
4830
4835
4839
4840
4841
4842
4844
4845
5180
5181
5182
5183
5247
5248
5249
5250
5252
5253
5254
5255
5259
5264
5265
5266
5267
5268
5269
5270
5271
5274
5275
5294
5295
5332
5333
5439
5520
5521
5524
5525
5568
5569
5570
5572
5573
5574
5575
5578
5579
5584
5585
5586
5587
5588
5589
5590
5591
5592
5593
5594
5595
5612
5614
5615
5695
5760
5761
5764
5765
5766
5771
5776
5777
5778
5780
5781
5782
5787
5807
5824
5825
5826
5828
5829
5830
5835
5840
5841
5842
5844
5845
5846
5851
5871
7104
7105
7106
7107
7108
7109
7110
7111
7112
7113
7114
7115
7122
7123
7126
7127
7128
7129
7130
7131
7148
7149
7150
7151
12238
12239
12255
12256
12257
12258
12260
12261
12262
12267
97535
97877
98048
98049
98050
98051
98055
98056
98057
98058
98059
98060
98061
98062
98079
98080
98081
98082
98083
98086
98087
98088
98089
98090
98091
98093
98100
98101
98163
98168
98169
98172
98173
98174
98175
98178
98179
98184
98185
98186
98188
98189
98190
98207
98208
98209
98210
98211
98212
98214
98215
98216
98217
98218
98219
98221
98228
98229
229628
229630
229631
229972
229973
229974
230144
230145
230146
230147
230148
230150
230151
230152
230153
230154
230155
230157
230172
230174
230175
230176
230177
230178
230179
230183
230184
230185
230186
230187
230188
230189
230190
230197
230268
230270
230271
230272
230273
230274
230275
230279
230280
230281
230282
230283
230284
230285
230286
230303
230304
230305
230306
230307
230308
230310
230311
230312
230313
230314
230315
230317
230324
230325
230326
230357
231508
231509
231680
231681
231682
231683
231687
231688
231689
231690
231691
231692
231693
231694
231711
231712
231713
231714
231715
231716
231718
231719
231720
231721
231722
231723
231725
231732
231733
231734
231807
231808
231809
231810
231811
231812
231814
231815
231816
231817
231818
231819
231821
231836
231838
231839
231840
231841
231842
231843
231847
231848
231849
231850
231851
231852
231853
231854
231861
231892
231893
231894
232188
232190
232191
232533
232704
232705
232706
232707
232711
232712
232713
232714
232715
232717
232735
232736
232737
232738
232739
232743
232744
232745
232746
232747
232749
232757
232831
232832
232833
232834
232835
232839
232840
232841
232842
232843
232845
232863
232864
232865
232866
232867
232871
232872
232873
232874
232875
232877
232885
232917
233215
237652
237653
237654
237824
237825
237826
237827
237831
237832
237833
237834
237835
237837
237855
237856
237857
237858
237859
237863
237864
237865
237866
237867
237869
237877
237951
237952
237953
237954
237955
237959
237960
237961
237962
237963
237965
237983
237984
237985
237986
237987
237991
237992
237993
237994
237995
237997
238005
238037
238334
238335
238847
239189
239360
239361
239362
239363
239367
239368
239369
239370
239371
239373
239391
239392
239393
239394
239395
239399
239400
239401
239402
239403
239405
239413
239487
239488
239489
239490
239491
239495
239496
239497
239498
239499
239501
239519
239520
239521
239522
239523
239527
239528
239529
239530
239531
239533
239541
239573
239871
240213
240384
240385
240386
240387
240391
240392
240393
240394
240395
240397
240415
240416
240417
240418
240419
240423
240424
240425
240426
240427
240429
240437
240511
240512
240513
240514
240515
240519
240520
240521
240522
240523
240525
240543
240544
240545
240546
240547
240551
240552
240553
240554
240555
240557
240565
240597
242773
242944
242945
242946
242947
242948
242950
242951
242952
242953
242954
242955
242957
242972
242974
242975
242976
242977
242978
242979
242983
242984
242985
242986
242987
242988
242989
242990
242997
243068
243070
243071
243072
243074
243075
243080
243081
243082
243084
243085
243086
243103
243104
243105
243106
243108
243110
243111
243112
243114
243115
243124
243125
243126
243455
311457
311477
311795
311823
311845
311857
311863
311867
311940
311942
312020
312022
313283
313289
313292
313293
313312
313313
313319
313323
313333
313404
313406
313407
313492
313493
313494
313540
313542
313564
313565
313566
313580
313582
313872
313874
313879
313880
313882
313935
313957
313969
313975
313979
314035
314041
314045
314192
314194
314200
314202
319244
319245
319246
319247
319265
319268
319269
319270
319271
319275
319281
319284
319285
319286
319287
319291
319360
319361
319362
319364
319365
319366
319367
319368
319370
319371
319379
319385
319388
319389
319390
319391
319395
319400
319401
319404
319405
319406
319407
319441
319444
319445
319446
319731
319736
319737
319738
319740
319741
319742
320080
320081
320082
320084
320086
320087
320088
320090
320091
320260
320261
320262
320272
320274
320275
320279
320280
320281
320282
320285
320300
320302
320303
320335
320357
320368
320369
320370
320375
320376
320378
320379
320399
320421
320432
320433
320434
320435
320439
320440
320441
320442
320443
320445
321600
321601
321602
321607
321608
321610
321611
321628
321630
321631
321635
321640
321641
321642
321645
321843
321849
321852
321853
321854
321937
321940
321942
321943
321947
321988
321989
321990
322000
322002
322003
322008
322009
322010
322012
322013
322014
322028
322030
322031
322243
322249
322252
322253
322254
322273
322276
322278
322279
322283
322292
322293
322294
322837
322880
322882
322887
322888
322890
322911
322912
322914
322915
322920
322921
322922
322925
323007
