49264
49271
49339
49600
49602
49607
49628
49630
49645
49857
49867
49885
49900
49902
50944
50946
50951
50952
50954
50972
50974
50979
50985
50989
51056
51058
51063
51064
51066
51087
51109
51121
51124
51126
51131
51455
51797
51969
51972
51974
51979
51987
51993
51997
52012
52014
52069
52081
52086
52091
52144
52146
52151
52152
52154
56320
56321
56322
56323
56326
56327
56328
56330
56331
56345
56348
56349
56350
56351
56355
56360
56361
56364
56365
56366
56399
56421
56432
56433
56434
56435
56436
56438
56439
56440
56441
56442
56443
56463
56484
56485
56486
56496
56497
56498
56500
56502
56503
56506
56507
56725
56768
56769
56770
56771
56775
56776
56777
56778
56779
56781
56796
56797
56798
56799
56800
56802
56803
56807
56808
56809
56810
56812
56813
56814
56894
56895
56980
56981
56982
57024
57025
57026
57028
57029
57030
57031
57032
57034
57035
57043
57048
57049
57050
57052
57053
57054
57059
57065
57068
57069
57070
57071
58367
59732
59733
60416
60417
60418
60420
60422
60423
60427
60435
60440
60441
60444
60445
60446
60460
60461
60462
60463
60495
60516
60517
60528
60529
60530
60532
60534
60535
60539
60592
60593
60594
60595
60599
60600
60602
60603
60735
60820
60821
60865
60868
60870
60875
60883
60888
60889
60893
60908
60910
60911
61120
61122
61123
61127
61128
61130
61131
61148
61150
61151
61155
61160
61161
61164
61165
134351
134373
134384
134385
134386
134387
134391
134392
134393
134394
134395
134397
134725
134736
134737
134738
134739
134743
134744
134745
134746
134747
134749
134767
134917
134928
134929
134930
134931
134935
134936
134937
134938
134939
134941
134959
134991
135013
135024
135025
135026
135027
135031
135032
135033
135034
135035
135036
135037
135038
135052
135054
135055
135076
135077
135088
135089
135090
135091
135094
135095
135096
135097
135098
135099
135101
140357
140368
140369
140370
140371
140372
140374
140375
140376
140377
140378
140379
140381
140399
140556
140558
140559
140580
140581
140582
140592
140593
140594
140595
140596
140598
140599
140600
140601
140602
140603
140605
140676
140677
140678
140688
140689
140690
140691
140695
140696
140697
140698
140699
140700
140701
140702
140716
140718
140719
140741
140752
140753
140754
140755
140756
140758
140759
140760
140761
140762
140763
140765
140783
141007
141029
141040
141041
141042
141043
141047
141048
141049
141050
141051
141052
141053
141054
143620
143621
143622
143632
143634
143635
143640
143641
143642
143643
143644
143645
143646
143660
143662
143663
143717
143728
143729
143730
143731
143735
143736
143737
143738
143739
143740
143741
143742
143756
143758
143759
143780
143781
143782
143792
143793
143794
143795
143796
143798
143799
143800
143802
143803
143805
144591
144613
144624
144625
144626
144627
144631
144632
144633
144634
144635
144637
144964
144965
144966
144976
144977
144978
144979
144983
144984
144985
144986
144987
144988
144989
145004
145006
145007
145157
145168
145169
145170
145171
145172
145174
145175
145176
145178
145179
145199
145219
145225
145228
145229
145230
145231
145248
145249
145252
145253
145254
145255
145259
145265
145268
145269
145270
145271
145275
145328
145330
145331
145336
145337
145338
145340
145341
145342
146191
146212
146213
146224
146225
146226
146227
146228
146230
146231
146232
146233
146234
146235
146237
146308
146309
146310
146320
146321
146322
146323
146327
146328
146329
146330
146331
146332
146333
146334
146348
146350
146351
146373
146384
146385
146386
146387
146388
146390
146391
146392
146393
146394
146395
146397
146415
209679
209701
209712
209713
209714
209715
209719
209720
209721
209722
209723
209724
209725
209797
209808
209809
209810
209811
209814
209815
209816
209817
209818
209819
209821
209839
209860
209861
209872
209873
209874
209875
209879
209880
209881
209882
209883
209884
209885
209902
209903
211204
211205
211216
211217
211218
211219
211223
211224
211225
211226
211227
211229
211247
211278
211279
211300
211301
211312
211313
211314
211315
211318
211319
211320
211321
211322
211323
211325
211343
211365
211376
211377
211378
211379
211383
211384
211385
211386
211387
211388
211389
212037
212048
212049
212050
212051
212052
212054
212055
212056
212057
212058
212059
212061
212079
212236
212238
212239
212257
212260
212261
212262
212267
212272
212273
212274
212276
212277
212278
212279
212280
212282
212283
212351
212352
212353
212354
212355
212356
212358
212359
212360
212361
212362
212363
212371
212377
212380
212381
212382
212383
212386
212387
212392
212393
212394
212396
212397
212398
212399
212437
212720
212722
212723
212727
212728
212729
212730
212731
212732
212733
212734
278534
278632
278634
278717
278836
278838
278905
278924
278925
278926
278943
278951
279280
279281
279291
279615
279700
279701
279748
279749
279760
279762
279767
279771
279791
280015
280032
280033
280036
280037
280038
280043
280053
280112
280114
280119
280122
280123
280188
280190
280195
280200
280201
280202
280220
280221
280222
280227
280232
280233
280237
281536
281538
281547
281555
281560
281561
281582
282876
282878
282879
283201
283204
283205
283206
283216
283217
283218
283220
283221
283222
283223
283227
283247
283408
283409
283412
283413
283414
283419
283456
283457
283458
283460
283462
283463
283466
283467
283475
283479
283480
283481
283482
283485
283500
283501
283502
283503
283583
284467
284471
284472
284473
284474
284476
284477
284478
284543
284544
284545
284546
284548
284549
284550
284551
284554
284555
284560
284562
284563
284567
284568
284569
284570
284571
284573
284588
284589
284590
284591
284625
284628
284629
284630
284867
284873
284876
284877
284878
284879
284892
284894
284895
284896
284897
284898
284899
284900
284902
284903
284904
284905
284906
284907
285171
285176
285177
285178
285180
285181
285182
285193
285196
285197
285198
285212
285214
285215
285216
285218
285219
285223
285224
285225
285226
285227
285263
285281
285284
285285
285286
285296
285297
285298
285300
285301
285302
285307
285327
285348
285349
285360
285361
285362
285364
285365
285366
285367
285371
290563
290567
290568
290569
290570
290585
290588
290589
290590
290601
290604
290605
290606
290638
290639
290655
290656
290657
290658
290660
290661
290662
290667
290738
290739
290743
290744
290745
290746
