49188
49207
49372
49374
49391
49729
49736
49761
49771
49999
50021
50040
50042
50045
50108
50110
51460
51462
51488
51490
51491
51497
51501
51588
51590
51616
51619
51625
51671
51675
52308
52311
52315
52531
52537
52540
52542
52543
52629
52630
52673
52680
52682
52683
52705
52712
52714
52715
52725
52726
52943
52965
52976
52978
52984
52986
52989
58384
58385
58386
58391
58392
58394
58395
58397
58492
58495
58496
58498
58499
58505
58508
58509
58510
58511
58532
58533
58534
58545
58551
58552
58554
58555
58896
58898
58904
58905
58906
58909
59008
59010
59011
59016
59017
59018
59021
59022
59044
59046
59047
59057
59060
59062
59063
59067
59093
59205
59219
59225
59228
59230
59231
59244
59247
61764
61765
61766
61788
61790
61791
61792
61794
61795
61801
61804
61806
61807
62671
62704
62706
62707
62713
62716
62717
62718
62719
63060
63061
63062
63063
63233
63234
63236
63238
63239
63240
63242
63243
63245
63264
63265
63266
63267
63271
63272
63273
63274
63275
63277
63284
63285
63286
63364
63365
63366
63367
63379
63385
63388
63390
63391
63392
63394
63395
63401
63404
63405
63406
63407
63440
63441
63442
63444
63446
63447
63448
63450
63451
63453
64268
64270
64271
64293
64304
64305
64306
64307
64312
64313
64314
64316
64317
64318
64401
64404
64406
64407
64411
64449
64452
64454
64455
64456
64459
64480
64481
64482
64483
64488
64489
64490
64491
64493
64494
64501
132372
132373
132374
132379
132416
132418
132419
132424
132425
132426
132428
132429
132430
132448
132449
132450
132452
132454
132455
132456
132458
132459
132468
132469
132470
132540
132542
132543
135231
135317
135360
135361
135362
135363
135367
135368
135369
135370
135371
135372
135373
135374
135391
135392
135393
135394
135395
135396
135398
135399
135400
135401
135402
135403
135405
135412
135413
135414
135701
135744
135745
135746
135747
135748
135750
135751
135752
135753
135754
135755
135757
135772
135774
135775
135776
135777
135778
135779
135783
135784
135785
135786
135787
135788
135789
135790
135797
135871
135956
135957
135958
136000
136001
136002
136003
136007
136008
136009
136010
136011
136012
136013
136014
136031
136032
136033
136034
136035
136036
136038
136039
136040
136041
136042
136043
136045
136052
136053
136054
136124
136126
136127
137281
137284
137285
137286
137287
137291
137299
137305
137308
137309
137310
137311
137312
137314
137315
137321
137322
137324
137325
137326
137327
137532
137534
137535
137620
137621
137622
137664
137665
137666
137667
137668
137670
137671
137672
137673
137674
137675
137677
137692
137694
137695
137696
137697
137698
137699
137703
137704
137705
137706
137707
137708
137709
137710
137717
137791
137920
137922
137923
137928
137929
137930
137932
137933
137934
137952
137953
137954
137956
137958
137959
137960
137962
137963
137972
137973
137974
137975
137979
138513
138516
138517
138518
138519
138520
138522
138523
138572
138574
138575
138596
138597
138598
138608
138609
138610
138611
138615
138616
138617
138618
138619
138621
138639
138661
138672
138674
138675
138680
138681
138682
138684
138685
138686
138687
143164
143166
143167
143252
143253
143254
143296
143297
143298
143300
143302
143303
143304
143305
143306
143307
143324
143326
143327
143328
143330
143331
143335
143336
143337
143338
143340
143341
143342
217152
217153
217154
217156
217157
217158
217159
217160
217162
217163
217171
217177
217180
217181
217182
217183
217184
217186
217187
217192
217193
217194
217196
217197
217198
217395
217401
217404
217405
217406
217407
217489
217492
217493
217494
217495
217499
217536
217537
217538
217540
217541
217542
217543
217544
217546
217547
217555
217561
217564
217565
217566
217567
217568
217570
217571
217576
217577
217578
217580
217581
217582
217583
217792
217794
217795
217800
217801
217802
217804
217805
217806
217807
217824
217825
217826
217828
217829
217830
217831
217832
217834
217835
217841
217844
217845
217846
217847
217851
218943
219072
219074
219075
219080
219081
219082
219084
219085
219086
219087
219105
219108
219109
219110
219111
219115
219121
219124
219126
219127
219128
219130
219131
219187
219196
219198
219199
219284
219285
219286
219328
219329
219330
219331
219332
219335
219336
219337
219338
219339
219341
219359
219360
219361
219362
219363
219364
219367
219368
219369
219370
219371
219373
219380
219381
219382
219712
219713
219714
219716
219718
219719
219720
219722
219723
219740
219742
219743
219744
219745
219746
219747
219752
219753
219754
219756
219757
219758
219765
219924
219925
219926
219931
219968
219970
219971
219976
219977
219978
219980
219981
219982
219983
220000
220001
220002
220004
220005
220006
220007
220008
220010
220011
220017
220020
220021
220022
220023
220027
220083
220089
220092
220093
220094
220095
294961
295110
295136
295138
295493
295532
295534
295706
295810
295821
295844
295847
295863
295893
297236
297238
297239
297340
297343
297359
297381
297392
297394
297405
298055
298059
298081
298088
298090
298091
298093
298101
298497
298503
298504
298506
298507
298529
298536
298538
298539
298548
298550
298640
298642
298643
298649
298652
298654
298704
298707
298713
298716
298718
298735
298836
298838
298839
304208
304209
304210
304216
304218
304219
304221
304588
304591
304613
304624
304626
304627
304633
304637
304638
304691
304697
304700
304702
304703
304789
304832
304833
304834
304840
304841
304842
304845
304868
304870
304871
304875
304881
304884
304886
304887
304891
307461
307462
307484
307487
307488
307490
307491
307497
307500
307502
307503
307588
307589
307590
307591
307615
307616
307618
307619
307625
307628
307629
307630
307631
307637
307665
307666
307671
307672
307674
307675
307677
309253
309254
309264
309266
309267
309273
309276
309277
309278
309279
309283
309289
309292
309294
309295
309377
309380
309382
309383
309384
309386
309387
309408
309409
309410
309415
309416
309417
309418
309419
309421
309428
309429
309430
309431
309457
309460
309461
309462
309463
309467
309781
309824
309827
309833
309836
309838
309839
309861
309872
309873
309874
309875
309880
309881
309882
309883
309884
309885
309886
309936
309939
309945
309948
309950
309951
310080
310081
310082
310083
310088
310089
310090
310091
310092
310093
310094
310116
310118
310119
310123
310129
310132
310134
310135
310136
310138
310139
310608
310609
310610
310611
310616
310617
310618
310619
310620
310621
310622
310639
