65585
65734
65760
65762
66117
66156
66158
66330
66434
66445
66468
66471
66487
66517
67860
67862
67863
67964
67967
67983
68005
68016
68018
68029
68679
68683
68705
68712
68714
68715
68717
68725
69121
69127
69128
69130
69131
69153
69160
69162
69163
69172
69174
69264
69266
69267
69273
69276
69278
69328
69331
69337
69340
69342
69359
69460
69462
69463
74832
74833
74834
74840
74842
74843
74845
75212
75215
75237
75248
75250
75251
75257
75261
75262
75315
75321
75324
75326
75327
75413
75456
75457
75458
75464
75465
75466
75469
75492
75494
75495
75499
75505
75508
75510
75511
75515
78085
78086
78108
78111
78112
78114
78115
78121
78124
78126
78127
78212
78213
78214
78215
78239
78240
78242
78243
78249
78252
78253
78254
78255
78261
78289
78290
78295
78296
78298
78299
78301
79877
79878
79888
79890
79891
79897
79900
79901
79902
79903
79907
79913
79916
79918
79919
80001
80004
80006
80007
80008
80010
80011
80032
80033
80034
80039
80040
80041
80042
80043
80045
80052
80053
80054
80055
80081
80084
80085
80086
80087
80091
80405
80448
80451
80457
80460
80462
80463
80485
80496
80497
80498
80499
80504
80505
80506
80507
80508
80509
80510
80560
80563
80569
80572
80574
80575
80704
80705
80706
80707
80712
80713
80714
80715
80716
80717
80718
80740
80742
80743
80747
80753
80756
80758
80759
80760
80762
80763
81232
81233
81234
81235
81240
81241
81242
81243
81244
81245
81246
81263
151616
151617
151618
151620
151621
151622
151623
151624
151626
151627
151635
151641
151644
151645
151646
151647
151648
151650
151651
151656
151657
151658
151660
151661
151662
151859
151865
151868
151869
151870
151871
151953
151956
151957
151958
151959
151963
152000
152001
152002
152004
152005
152006
152007
152008
152010
152011
152019
152025
152028
152029
152030
152031
152032
152034
152035
152040
152041
152042
152044
152045
152046
152047
152256
152258
152259
152264
152265
152266
152268
152269
152270
152271
152288
152289
152290
152292
152293
152294
152295
152296
152298
152299
152305
152308
152309
152310
152311
152315
153407
153536
153538
153539
153544
153545
153546
153548
153549
153550
153551
153569
153572
153573
153574
153575
153579
153585
153588
153590
153591
153592
153594
153595
153651
153660
153662
153663
153748
153749
153750
153792
153793
153794
153795
153796
153799
153800
153801
153802
153803
153805
153823
153824
153825
153826
153827
153828
153831
153832
153833
153834
153835
153837
153844
153845
153846
154176
154177
154178
154180
154182
154183
154184
154186
154187
154204
154206
154207
154208
154209
154210
154211
154216
154217
154218
154220
154221
154222
154229
154388
154389
154390
154395
154432
154434
154435
154440
154441
154442
154444
154445
154446
154447
154464
154465
154466
154468
154469
154470
154471
154472
154474
154475
154481
154484
154485
154486
154487
154491
154547
154553
154556
154557
154558
154559
230676
230677
230678
230683
230720
230722
230723
230728
230729
230730
230732
230733
230734
230752
230753
230754
230756
230758
230759
230760
230762
230763
230772
230773
230774
230844
230846
230847
233535
233621
233664
233665
233666
233667
233671
233672
233673
233674
233675
233676
233677
233678
233695
233696
233697
233698
233699
233700
233702
233703
233704
233705
233706
233707
233709
233716
233717
233718
234005
234048
234049
234050
234051
234052
234054
234055
234056
234057
234058
234059
234061
234076
234078
234079
234080
234081
234082
234083
234087
234088
234089
234090
234091
234092
234093
234094
234101
234175
234260
234261
234262
234304
234305
234306
234307
234311
234312
234313
234314
234315
234316
234317
234318
234335
234336
234337
234338
234339
234340
234342
234343
234344
234345
234346
234347
234349
234356
234357
234358
234428
234430
234431
235585
235588
235589
235590
235591
235595
235603
235609
235612
235613
235614
235615
235616
235618
235619
235625
235626
235628
235629
235630
235631
235836
235838
235839
235924
235925
235926
235968
235969
235970
235971
235972
235974
235975
235976
235977
235978
235979
235981
235996
235998
235999
236000
236001
236002
236003
236007
236008
236009
236010
236011
236012
236013
236014
236021
236095
236224
236226
236227
236232
236233
236234
236236
236237
236238
236256
236257
236258
236260
236262
236263
236264
236266
236267
236276
236277
236278
236279
236283
236817
236820
236821
236822
236823
236824
236826
236827
236876
236878
236879
236900
236901
236902
236912
236913
236914
236915
236919
236920
236921
236922
236923
236925
236943
236965
236976
236978
236979
236984
236985
236986
236988
236989
236990
236991
241468
241470
241471
241556
241557
241558
241600
241601
241602
241604
241606
241607
241608
241609
241610
241611
241628
241630
241631
241632
241634
241635
241639
241640
241641
241642
241644
241645
241646
311332
311351
311516
311518
311535
311873
311880
311905
311915
312143
312165
312184
312186
312189
312252
312254
313604
313606
313632
313634
313635
313641
313645
313732
313734
313760
313763
313769
313815
313819
314452
314455
314459
314675
314681
314684
314686
314687
314773
314774
314817
314824
314826
314827
314849
314856
314858
314859
314869
314870
315087
315109
315120
315122
315128
315130
315133
320528
320529
320530
320535
320536
320538
320539
320541
320636
320639
320640
320642
320643
320649
320652
320653
320654
320655
320676
320677
320678
320689
320695
320696
320698
320699
321040
321042
321048
321049
321050
321053
321152
321154
321155
321160
321161
321162
321165
321166
321188
321190
321191
321201
321204
321206
321207
321211
321237
321349
321363
321369
321372
321374
321375
321388
321391
323908
323909
323910
323932
323934
323935
323936
323938
323939
323945
323948
323950
323951
324815
324848
324850
324851
324857
324860
324861
324862
324863
325204
325205
325206
325207
325377
325378
325380
325382
325383
325384
325386
325387
325389
325408
325409
325410
325411
325415
325416
325417
325418
325419
325421
325428
325429
325430
325508
325509
325510
325511
325523
325529
325532
325534
325535
325536
325538
325539
325545
325548
325549
325550
325551
325584
325585
325586
325588
325590
325591
325592
325594
325595
325597
326412
326414
326415
326437
326448
326449
326450
326451
326456
326457
326458
326460
326461
326462
326545
326548
326550
326551
326555
326593
326596
326598
326599
326600
326603
326624
326625
326626
326627
326632
326633
326634
326635
326637
326638
326645
