49171
49230
49248
49250
49466
49535
49538
49543
49565
49580
49581
49871
49892
49894
50377
50381
50399
50403
50407
50408
50409
50410
50684
50685
50686
50691
50696
50697
50698
50701
50716
50718
50723
50728
50729
50730
50789
50800
50801
50804
50806
50811
50864
50865
50866
50868
50870
50875
52028
52029
52030
52101
52112
52114
52119
52143
52180
52181
54030
54031
54048
54049
54050
54052
54053
54054
54059
54068
54069
54130
54131
54135
54136
54137
54138
54141
54156
54157
54158
54159
54175
54176
54177
54178
54180
54181
54182
54183
54187
54197
55269
55280
55281
55282
55283
55284
55286
55287
55288
55289
55290
55291
55310
55311
55329
55332
55333
55334
55339
55344
55345
55346
55348
55349
55350
55351
55355
55411
55417
55420
55421
55422
55423
55427
55432
55433
55434
55436
55437
55438
55452
55453
55454
55455
55456
55458
55459
55463
55464
55465
55466
55467
55469
55744
55745
55746
55747
55748
55750
55751
55752
55753
55754
55755
55763
55768
55769
55770
55772
55773
55774
55785
55788
55789
55790
55871
55952
55953
55956
55957
55958
55963
56000
56001
56004
56005
56006
56011
56016
56017
56018
56019
56020
56022
56023
56024
56025
56026
56027
56047
60656
60658
60659
60663
60664
60665
60666
60945
60948
60949
60950
60955
60992
60994
60995
60999
61000
61002
61003
61011
61017
61020
61021
61022
61033
61036
61037
61038
61119
61252
61253
61264
61265
61266
61270
61271
61275
61295
143552
143554
143555
143560
143561
143562
143564
143565
143566
143567
143584
143585
143586
143588
143590
143591
143592
143594
143595
143601
143604
143605
143606
143607
143611
143936
143937
143938
143940
143941
143942
143943
143944
143946
143947
143955
143961
143964
143965
143966
143967
143968
143970
143971
143976
143977
143978
143980
143981
143982
143983
144145
144148
144149
144150
144151
144155
144192
144194
144195
144200
144201
144202
144204
144205
144206
144207
144224
144225
144226
144228
144229
144230
144231
144232
144234
144235
144241
144244
144245
144246
144247
144251
144307
144313
144316
144317
144318
144319
145425
145428
145429
145430
145472
145473
145474
145475
145479
145480
145481
145482
145483
145484
145485
145500
145502
145503
145504
145505
145506
145507
145511
145512
145513
145514
145515
145516
145517
145525
145596
145598
145599
145721
145724
145726
145727
145809
145812
145813
145814
145815
145819
145856
145857
145858
145860
145861
145862
145863
145864
145866
145867
145875
145881
145884
145885
145886
145887
145888
145890
145891
145896
145897
145898
145900
145901
145902
145903
146112
146114
146115
146120
146121
146122
146124
146125
146126
146143
146144
146145
146146
146147
146148
146150
146151
146152
146154
146155
146164
146165
146166
146709
146752
146753
146754
146756
146757
146758
146759
146760
146762
146763
146771
146776
146777
146778
146780
146781
146782
146787
146793
146796
146797
146798
146799
200505
200508
200510
200511
200596
200597
200598
200640
200641
200642
200644
200646
200647
200648
200650
200651
200668
200670
200671
200672
200674
200675
200680
200681
200682
200684
200685
200686
206100
206101
206102
206144
206146
206147
206152
206153
206154
206155
206156
206157
206158
206176
206177
206178
206180
206182
206183
206184
206186
206187
206189
206196
206197
206198
206268
206270
206271
208917
208960
208961
208962
208963
208964
208966
208967
208968
208969
208970
208971
208973
208988
208990
208991
208992
208993
208994
208995
208999
209000
209001
209002
209003
209004
209005
209006
209013
209087
209212
209214
209215
209300
209301
209302
209344
209345
209346
209347
209348
209350
209351
209352
209353
209354
209355
209357
209372
209374
209375
209376
209377
209378
209379
209383
209384
209385
209386
209387
209388
209389
209390
209397
209471
209557
209600
209601
209602
209603
209607
209608
209609
209610
209611
209612
209613
209614
209631
209632
209633
209634
209635
209636
209638
209639
209640
209641
209642
209643
209645
209652
209653
209654
210739
210744
210745
210746
210748
210749
210750
210751
210821
210832
210833
210834
210836
210837
210838
210839
210840
210842
210843
210863
210884
210885
210886
210896
210897
210898
210899
210903
210904
210905
210906
210907
210909
210924
210926
210927
211139
211145
211148
211149
211150
211151
211168
211169
211170
211172
211173
211174
211175
211178
211179
211185
211188
211189
211190
211191
211195
211477
211520
211521
211522
211524
211526
211527
211528
211530
211531
211545
211548
211549
211550
211551
211552
211554
211555
211560
211561
211562
211564
211565
211566
211732
211733
211734
211776
211777
211778
211779
211783
211784
211785
211786
211787
211788
211789
211790
211807
211808
211809
211810
211811
211812
211814
211815
211816
211817
211818
211819
211821
211828
211829
211830
211900
211902
211903
278557
278572
278629
278644
278646
278932
278934
278981
278999
279000
279002
279023
279235
279240
279267
279273
279801
279804
279805
280133
280144
280146
280151
280152
280154
280175
280337
280340
280341
280342
280347
280387
280392
280393
280394
280414
280415
280419
280424
280425
280426
280510
280511
281356
281358
281376
281377
281378
281383
281387
281465
281469
281484
281486
281504
281505
281515
283596
283598
283599
283616
283617
283618
283620
283621
283622
283627
283636
283637
283638
284932
284933
284934
284944
284945
284946
284947
284948
284950
284951
284952
284954
284955
284975
284995
285000
285001
285004
285005
285006
285023
285024
285025
285026
285027
285030
285031
285032
285033
285034
285035
285107
285113
285116
285117
285118
285765
285776
285777
285778
285780
285781
285782
285783
285787
285954
285955
285959
285960
285961
285962
285964
285965
285966
285980
285982
285983
285984
285985
285986
285987
285991
285992
285993
285994
285995
285997
286064
286066
286067
286071
286072
286073
286074
286076
286077
286078
286092
286093
286094
286095
286112
286113
286114
286116
286117
286118
286119
286123
286129
286132
286133
286134
286139
286460
286461
286462
286463
289840
289842
289843
289847
289848
289849
289850
289853
289920
289921
289922
289924
289925
289926
289927
289931
289939
289944
289945
289946
289949
289964
289966
289967
290004
290005
290255
290276
290277
290289
290292
290293
290294
290299
290352
290354
290359
290360
290362
290363
290431
290432
290433
290434
290438
290439
290440
290442
290443
290451
290457
290460
290461
290462
290476
290477
290478
