49189
49352
49399
49745
49752
49754
49952
49954
49961
49973
50076
50079
50128
50131
50137
50140
50142
51524
51526
51527
51562
51565
51573
52241
52248
52251
52353
52360
52362
52365
52388
52390
52391
52411
52437
52757
52803
52812
52815
52837
52848
52850
52851
52857
52860
52862
52924
52927
53056
53058
53059
53065
53068
53070
53071
53093
53094
53105
53106
53112
53114
53117
58641
58642
58648
58650
58651
58653
58753
58759
58760
58762
58763
58785
58788
58791
58792
58794
58795
58804
58806
58807
58836
58838
58839
61508
61509
61510
61536
61538
61539
61545
61548
61549
61550
61551
61557
61956
61957
61958
61959
61984
61985
61986
61987
61992
61993
61994
61996
61997
61998
62005
62006
62096
62098
62099
62105
62108
62110
62111
62127
62149
62160
62162
62163
62169
62172
62174
62175
62179
62188
62191
62289
62296
62298
62299
62301
63573
63744
63746
63747
63753
63756
63757
63758
63759
63780
63781
63782
63792
63793
63794
63795
63800
63801
63802
63803
63804
63805
63806
63892
63893
63894
63895
63937
63943
63944
63946
63947
63949
63969
63972
63974
63975
63976
63978
63979
63985
63988
63990
63991
63992
63995
64252
64255
64597
64768
64770
64771
64777
64780
64782
64783
64805
64806
64816
64817
64818
64819
64824
64825
64826
64828
64829
64830
64831
64916
64917
64918
64919
64960
64961
64962
64964
64967
64968
64969
64970
64971
64973
64993
64994
64996
64998
64999
65000
65002
65003
65005
65009
65012
65013
65014
65015
65016
65019
65231
65264
65267
65273
65276
65278
65279
135508
135509
135510
136192
136194
136195
136200
136201
136202
136204
136205
136206
136224
136225
136226
136228
136230
136231
136232
136234
136235
136244
136245
136246
136320
136321
136322
136324
136325
136326
136327
136328
136330
136331
136339
136348
136350
136351
136352
136354
136355
136360
136361
136362
136364
136365
136366
136401
136404
136405
136406
136407
136411
136709
136720
136721
136722
136723
136728
136729
136730
136732
136733
136734
136748
136750
136751
136819
136825
136828
136829
136830
136831
136832
136834
136835
136841
136842
136844
136845
136846
136847
136865
136868
136869
136870
136871
136875
136881
136882
136884
136885
136886
136887
136888
136890
136891
137029
137040
137041
137042
137043
137048
137049
137050
137051
137052
137053
137054
137055
137068
137071
138236
138238
138239
214016
214017
214018
214020
214022
214023
214024
214026
214027
214044
214046
214047
214048
214050
214051
214056
214057
214058
214060
214061
214062
214131
214137
214140
214141
214142
214143
214144
214146
214147
214152
214153
214154
214156
214157
214158
214176
214177
214178
214180
214181
214182
214183
214184
214186
214187
214196
214197
214198
214203
214515
214521
214524
214525
214526
214527
214528
214530
214531
214536
214537
214538
214540
214541
214542
214543
214560
214561
214562
214564
214565
214566
214567
214568
214570
214571
214577
214580
214581
214582
214583
214587
214656
214657
214658
214660
214661
214662
214663
214664
214666
214667
214675
214681
214684
214685
214686
214687
214688
214690
214691
214696
214697
214698
214700
214701
214702
214703
214737
214740
214741
214742
214743
214747
218099
218105
218108
218109
218110
218111
219473
219476
219477
219478
219479
219483
220161
220164
220165
220166
220167
220171
220179
220185
220188
220189
220190
220191
220192
220195
220201
220202
220204
220205
220206
220207
220275
220281
220284
220285
220286
220287
220288
220290
220291
220296
220297
220298
220300
220301
220302
220303
220320
220321
220322
220324
220325
220326
220327
220328
220330
220331
220337
220340
220341
220342
220343
220347
220671
220672
220673
220674
220675
220679
220680
220681
220682
220683
220685
220703
220704
220705
220706
220707
220711
220712
220713
220714
220715
220717
220724
220725
220726
220800
220801
220802
220804
220806
220807
220808
220810
220811
220828
220830
220831
220832
220833
220834
220835
220840
220841
220842
220844
220845
220846
220853
220884
220885
220886
221012
221013
221014
224259
224265
224268
224269
224270
224271
224289
224292
224293
224294
224295
224299
224305
224308
224309
224310
224311
224315
224385
224388
224389
224390
224391
224395
224403
224409
224412
224413
224414
224415
224419
224425
224428
224429
224430
224431
224465
224468
224469
224470
224471
224475
224768
224769
224770
224772
224773
224774
224775
224776
224779
224787
224793
224796
224797
224798
224799
224803
224809
224810
224812
224813
224814
224815
224883
224889
224892
224893
224894
224895
224899
224905
224908
224909
224910
224911
224929
224932
224933
224934
224935
224939
224945
224948
224949
224950
224951
224955
225105
225108
225109
225110
225111
225115
294951
295045
295070
295444
295446
295503
295525
295544
295546
295603
295751
295779
295785
295789
297040
297042
297048
297050
297276
297278
297409
297415
297419
297440
297442
297450
297453
297676
297678
297679
297701
297713
297719
297720
297723
298245
298259
298265
298269
298270
298287
298367
298368
298370
298371
298377
298381
298382
298404
298406
298407
298420
298422
298423
303425
303428
303430
303431
303432
303434
303435
303455
303456
303458
303459
303464
303465
303466
303469
303470
303477
304332
304334
304335
304357
304368
304369
304370
304376
304378
304379
304381
304721
304727
304728
304730
304731
304900
304901
304902
304915
304921
304924
304926
304927
304940
304942
304943
305024
305026
305032
305033
305034
305037
305057
305063
305064
305067
305076
305077
305078
305109
305968
305970
305971
305977
305980
305981
305982
306068
306069
306070
306071
306113
306116
306118
306119
306123
306143
306144
306146
306147
306152
306153
306154
306156
306157
306158
306165
308244
308245
308246
308247
308300
308302
308303
308324
308325
308326
308336
308337
308338
308343
308344
308345
308346
308347
308349
308400
308402
308403
308409
308412
308413
308414
308415
308732
308734
308735
308736
308738
308739
308744
308745
308746
308748
308749
308750
308769
308772
308773
308774
308775
308776
308778
308779
308785
308788
308789
308790
308791
308795
308868
308869
308870
308880
308882
308883
308889
308890
308892
308893
308894
308895
308899
308908
308910
308911
308944
308945
308946
308951
308952
308953
308954
308955
308957
