61
148
225
235
246
594
773
799
815
928
930
937
977
984
986
2369
2376
2378
2381
2404
2407
2423
3187
3196
3198
3199
3215
3248
3250
3251
3257
3262
3601
3607
3608
3611
3712
3714
3721
3725
3748
3750
3761
3768
3770
3771
3797
3908
3910
3911
3937
3938
3944
3946
3949
3957
9476
9478
9479
9504
9505
9506
9507
9512
9513
9514
9517
9518
9525
9616
9619
9625
9628
9630
9631
9644
9647
9680
9682
9683
9689
9692
9694
9695
12369
12375
12376
12378
12379
12381
12751
12784
12786
12787
12793
12796
12798
12799
12803
12812
12814
12815
12837
12848
12850
12851
12857
12860
12861
12862
12863
12948
12949
12950
12992
12993
12994
13000
13001
13002
13003
13005
13028
13030
13031
13041
13044
13047
13048
13050
13051
14416
14417
14418
14419
14424
14425
14426
14428
14429
14430
14431
14447
14848
14849
14850
14851
14856
14857
14858
14860
14861
14862
14863
14884
14885
14886
14887
14897
14898
14903
14904
14906
14907
14909
14993
14996
14998
14999
15000
15002
15003
15041
15044
15046
15047
15048
15051
15072
15073
15074
15080
15081
15082
15083
15085
15092
15093
15094
15095
15189
15621
15632
15634
15635
15641
15644
15646
15647
15648
15651
15657
15660
15662
15663
15745
15748
15749
15750
15751
15752
15755
15776
15777
15778
15779
15784
15785
15786
15787
15788
15789
15790
15796
15797
15798
15825
15828
15830
15831
15832
15834
15835
86293
86294
86336
86337
86338
86339
86343
86344
86345
86346
86347
86349
86350
86367
86368
86369
86370
86371
86372
86375
86376
86377
86378
86379
86381
86389
86390
86460
86463
87103
87189
87232
87233
87234
87235
87239
87240
87241
87242
87243
87244
87245
87246
87263
87264
87265
87266
87267
87268
87270
87271
87272
87273
87274
87275
87277
87284
87285
87286
87617
87618
87620
87621
87622
87623
87624
87626
87627
87635
87644
87646
87647
87648
87650
87651
87656
87657
87658
87660
87661
87662
87663
87825
87828
87829
87830
87831
87835
87875
87881
87884
87886
87887
87908
87909
87910
87920
87921
87922
87923
87927
87928
87929
87930
87931
87932
87933
87934
87951
87984
87986
87987
87992
87993
87994
87996
87997
87998
87999
88892
88894
88895
88981
88982
89024
89025
89026
89027
89028
89031
89032
89033
89034
89035
89037
89052
89055
89056
89057
89058
89059
89063
89064
89065
89066
89067
89069
89070
89077
164885
164928
164929
164930
164931
164932
164934
164935
164936
164937
164938
164939
164941
164956
164958
164959
164960
164961
164962
164963
164967
164968
164969
164970
164971
164972
164973
164974
164981
165055
165180
165182
165183
165268
165269
165270
165312
165313
165314
165315
165316
165318
165319
165320
165321
165322
165323
165325
165340
165342
165343
165344
165345
165346
165347
165351
165352
165353
165354
165356
165357
165358
165439
165525
165568
165569
165570
165571
165575
165576
165577
165578
165579
165580
165581
165582
165599
165600
165601
165602
165603
165604
165606
165607
165608
165609
165610
165611
165613
165620
165621
165622
168755
168764
168765
168766
168767
168852
168853
168854
168859
168896
168897
168898
168900
168901
168902
168903
168904
168906
168907
168924
168926
168927
168928
168930
168931
168936
168937
168938
168940
168941
168942
170260
170261
170262
170304
170306
170307
170312
170313
170314
170316
170317
170318
170336
170337
170338
170340
170342
170343
170344
170346
170347
170356
170357
170358
170428
170430
170431
171072
171073
171074
171076
171078
171079
171080
171081
171082
171083
171085
171100
171102
171103
171104
171105
171106
171107
171111
171112
171113
171114
171115
171116
171117
171118
171125
171327
171413
171456
171458
171459
171464
171465
171466
171468
171469
171470
171489
171490
171492
171494
171495
171496
171498
171499
171505
171508
171509
171510
171511
171515
171580
171582
171583
171668
171669
171670
171712
171713
171714
171715
171719
171720
171721
171722
171723
171725
171743
171744
171745
171746
171747
171751
171752
171753
171754
171755
171757
171765
171766
175296
175298
175299
175304
175305
175306
175308
175309
175310
175328
175329
175330
175332
175334
175335
175336
175338
175339
175348
175349
175350
175680
175681
175682
175684
175686
175687
175688
175690
175691
175708
175710
175711
175712
175714
175715
175720
175721
175722
175724
175725
175726
175892
175893
175894
175936
175938
175939
175944
175945
175946
175948
175949
175950
175968
175969
175970
175972
175974
175975
175976
175978
175979
175988
175989
175990
176060
176062
176063
245812
245907
245970
246293
246348
246350
246395
246463
246600
246602
246625
246635
246645
247892
247894
248079
248101
248114
248120
248122
248209
248219
248261
248284
248287
248300
248302
248563
248569
248572
248574
249089
249095
249099
249120
249122
249128
249130
249133
249141
249220
249222
249223
249247
249248
249251
249257
249260
249261
249262
249297
249300
249302
249303
249307
254289
254292
254294
254295
254296
254299
254991
255024
255026
255027
255033
255034
255036
255037
255038
255124
255126
255127
255131
255169
255172
255174
255175
255179
255199
255200
255202
255203
255208
255209
255210
255213
255214
255221
255556
255558
255559
255563
255583
255584
255586
255587
255593
255594
255597
255598
255764
255766
255767
255771
255823
255856
255858
255859
255865
255866
255869
255920
255922
255923
255929
255933
255934
256975
256997
257008
257010
257011
257016
257017
257018
257021
257022
259076
259077
259078
259079
259083
259100
259102
259103
259104
259106
259107
259113
259114
259116
259117
259118
259201
259204
259206
259207
259208
259210
259211
259231
259232
259233
259234
259235
259240
259241
259242
259243
259245
259253
259284
259285
259286
259287
259600
259601
259602
259604
259607
259608
259610
259611
259613
259696
259698
259699
259705
259708
259709
259710
259711
259715
259724
259726
259727
259748
259749
259750
259760
259761
259762
259763
259767
259768
259769
259770
259771
259773
259908
259909
259910
259920
259922
259923
259929
259932
259933
259934
259935
259939
259945
259948
259950
259951
