16519
16553
16557
16924
16926
17060
17062
17076
17078
17239
17243
18449
18455
18459
18511
18533
18544
18545
18546
18552
18554
18555
18611
18617
18621
18931
18937
18941
18959
18981
18993
19003
19088
19090
19096
19098
19152
19154
19160
19162
19781
19782
19795
19801
19804
19805
19806
19820
19822
19823
24644
24645
24646
24656
24658
24659
24665
24668
24669
24670
24671
24675
24681
24684
24686
24687
24883
24889
24892
24894
24895
24980
24981
24982
25025
25028
25030
25031
25032
25034
25035
25052
25054
25055
25056
25058
25059
25064
25065
25066
25068
25069
25070
25283
25289
25292
25293
25294
25295
25313
25316
25317
25318
25319
25323
25329
25332
25333
25334
25335
25339
26563
26569
26572
26574
26596
26598
26612
26614
26615
26684
26686
26687
26772
26773
26774
26817
26820
26822
26823
26827
26847
26848
26850
26851
26857
26860
26861
26862
27157
27200
27202
27203
27208
27209
27210
27213
27232
27233
27234
27239
27240
27242
27243
27253
27327
27413
27456
27458
27459
27464
27465
27466
27469
27488
27489
27490
27495
27496
27498
27499
27509
27583
29968
29969
29970
29972
29974
29975
29976
29978
29979
30028
30030
30031
30052
30053
30054
30064
30065
30066
30068
30070
30071
30072
30073
30074
30075
30077
30128
30130
30131
30136
30137
30138
30140
30141
30142
98373
98384
98385
98386
98387
98391
98392
98393
98394
98395
98397
98415
98575
98597
98608
98609
98610
98611
98615
98616
98617
98618
98619
98621
98693
98704
98705
98706
98707
98711
98712
98713
98714
98715
98717
98735
98757
98768
98769
98770
98771
98775
98776
98777
98778
98779
98781
98799
99023
99045
99056
99057
99058
99059
99063
99064
99065
99066
99067
99069
100108
100110
100111
100132
100133
100134
100144
100145
100146
100147
100148
100150
100151
100152
100153
100154
100155
100157
100228
100229
100230
100240
100241
100242
100243
100247
100248
100249
100250
100251
100252
100253
100254
100268
100270
100271
100293
100304
100305
100306
100307
100308
100310
100311
100312
100313
100314
100315
100317
100335
100559
100581
100592
100593
100594
100595
100599
100600
100601
100602
100603
100605
100606
100933
100944
100945
100946
100947
100951
100952
100953
100954
100955
100957
100975
101125
101136
101137
101138
101139
101143
101144
101145
101146
101147
101149
101167
101199
101221
101232
101233
101234
101235
101239
101240
101241
101242
101243
101245
101263
101285
101296
101297
101298
101299
101303
101304
101305
101306
101307
101309
106255
106277
106288
106289
106290
106291
106295
106296
106297
106298
106299
106301
106373
106384
106385
106386
106387
106391
106392
106393
106394
106395
106397
106415
106437
106448
106449
106450
106451
106455
106456
106457
106458
106459
106460
106461
106462
106476
106479
106703
106725
106736
106737
106738
106739
106743
106744
106745
106746
106747
106749
107077
107088
107089
107090
107091
107092
107095
107096
107097
107098
107099
107101
107119
107268
107269
107270
107280
107281
107282
107283
107287
107288
107289
107290
107291
107292
107293
107294
107308
107310
107311
107343
107365
107376
107377
107378
107379
107383
107384
107385
107386
107387
107388
107389
107390
107404
107406
107407
107428
107429
107430
107440
107441
107442
107443
107444
107446
107447
107448
107449
107450
107451
107453
108613
108624
108625
108626
108627
108628
108630
108631
108632
108633
108634
108635
108637
108655
108812
108814
108815
108836
108837
108838
108848
108849
108850
108851
108852
108854
108855
108856
108857
108858
108859
108861
108932
108933
108934
108944
108945
108946
108947
108951
108952
108953
108954
108955
108956
108957
108958
108972
108974
108975
108997
109008
109009
109010
109011
109012
109014
109015
109016
109017
109018
109019
109021
109039
109263
109285
109296
109297
109298
109299
109303
109304
109305
109306
109307
109308
109309
109310
109828
109829
109830
109840
109841
109842
109843
109847
109848
109849
109850
109851
109852
109853
109854
109868
109870
109871
109903
109925
109936
109937
109938
109939
109943
109944
109945
109946
109947
109948
109949
109950
109964
109966
109967
109988
109989
109990
110000
110001
110002
110003
110004
110006
110007
110008
110009
110010
110011
110013
185605
185616
185617
185618
185619
185623
185624
185625
185626
185627
185629
185630
185644
185647
185679
185712
185714
185715
185721
185722
185724
185725
185726
185727
185728
185731
185737
185740
185741
185742
185743
185764
185765
185766
185776
185777
185778
185779
185780
185782
185783
185784
185785
185786
185787
185789
262204
262345
262350
262373
262961
262970
262973
263060
263062
263105
263112
263114
263115
263117
263140
263143
263160
263163
264535
265256
265259
265268
265271
265361
265368
265370
265371
265412
265414
265415
265441
265448
265450
265451
265453
265460
265462
265463
265809
265818
265821
265990
266018
266025
266026
266029
266030
266037
266128
266130
266131
266137
266140
266142
266181
266208
266210
266211
266217
266220
266222
266223
266229
271696
271698
271699
271705
271708
271710
271711
274437
274448
274451
274460
274463
274464
274467
274473
274476
274478
274479
274565
274576
274579
274588
274591
274592
274594
274595
274601
274604
274606
274607
274640
274642
274643
274649
274652
274654
274655
275013
275040
275042
275043
275049
275052
275054
275055
275061
275216
275218
275219
275225
275226
275228
275229
275230
275231
275332
275333
275334
275335
275360
275361
275362
275363
275368
275369
275370
275372
275373
275374
275375
275381
275382
275408
275409
275410
275416
275417
275418
275419
275421
275422
276804
276806
276807
276833
276834
276840
276841
276842
276843
276845
276846
276852
276853
276854
276855
277521
277528
277530
277531
277533
277633
277636
277638
277639
277640
277642
277643
277665
277668
277671
277672
277674
277675
277677
277684
277686
277687
277688
277691
277713
277716
277718
277719
277720
277722
277723
277725
278081
278084
278086
278087
278088
278090
278091
278093
278113
278116
278118
278119
278120
278122
278123
278125
278129
278132
278134
278135
278136
278138
278139
278141
278292
278294
278295
278296
278299
278400
278401
278402
278403
278408
278409
278410
278411
278412
278413
278414
278415
278436
278437
278438
278439
278449
278450
278452
278455
278456
278457
278458
278459
278461
278462
278484
278485
278486
278487
