6
104
106
189
308
310
377
396
397
398
415
423
752
753
763
1087
1172
1173
1220
1221
1232
1234
1239
1243
1263
1487
1504
1505
1508
1509
1510
1515
1525
1584
1586
1591
1594
1595
1660
1662
1667
1672
1673
1674
1692
1693
1694
1699
1704
1705
1709
3008
3010
3019
3027
3032
3033
3054
4348
4350
4351
4673
4676
4677
4678
4688
4689
4690
4692
4693
4694
4695
4699
4719
4880
4881
4884
4885
4886
4891
4928
4929
4930
4932
4934
4935
4938
4939
4947
4951
4952
4953
4954
4957
4972
4973
4974
4975
5055
5939
5943
5944
5945
5946
5948
5949
5950
6015
6016
6017
6018
6020
6021
6022
6023
6026
6027
6032
6034
6035
6039
6040
6041
6042
6043
6045
6060
6061
6062
6063
6097
6100
6101
6102
6339
6345
6348
6349
6350
6351
6364
6366
6367
6368
6369
6370
6371
6372
6374
6375
6376
6377
6378
6379
6643
6648
6649
6650
6652
6653
6654
6665
6668
6669
6670
6684
6686
6687
6688
6690
6691
6695
6696
6697
6698
6699
6735
6753
6756
6757
6758
6768
6769
6770
6772
6773
6774
6779
6799
6820
6821
6832
6833
6834
6836
6837
6838
6839
6843
12035
12039
12040
12041
12042
12057
12060
12061
12062
12073
12076
12077
12078
12110
12111
12127
12128
12129
12130
12132
12133
12134
12139
12210
12211
12215
12216
12217
12218
94991
95013
95024
95025
95026
95027
95031
95032
95033
95034
95035
95036
95037
95109
95120
95121
95122
95123
95126
95127
95128
95129
95130
95131
95133
95151
95172
95173
95184
95185
95186
95187
95191
95192
95193
95194
95195
95196
95197
95214
95215
96516
96517
96528
96529
96530
96531
96535
96536
96537
96538
96539
96541
96559
96590
96591
96612
96613
96624
96625
96626
96627
96630
96631
96632
96633
96634
96635
96637
96655
96677
96688
96689
96690
96691
96695
96696
96697
96698
96699
96700
96701
97349
97360
97361
97362
97363
97364
97366
97367
97368
97369
97370
97371
97373
97391
97548
97550
97551
97569
97572
97573
97574
97579
97584
97585
97586
97588
97589
97590
97591
97592
97594
97595
97663
97664
97665
97666
97667
97668
97670
97671
97672
97673
97674
97675
97683
97689
97692
97693
97694
97695
97698
97699
97704
97705
97706
97708
97709
97710
97711
97749
98032
98034
98035
98039
98040
98041
98042
98043
98044
98045
98046
232655
232677
232688
232689
232690
232691
232695
232696
232697
232698
232699
232701
233029
233040
233041
233042
233043
233047
233048
233049
233050
233051
233053
233071
233221
233232
233233
233234
233235
233239
233240
233241
233242
233243
233245
233263
233295
233317
233328
233329
233330
233331
233335
233336
233337
233338
233339
233340
233341
233342
233356
233358
233359
233380
233381
233392
233393
233394
233395
233398
233399
233400
233401
233402
233403
233405
238661
238672
238673
238674
238675
238676
238678
238679
238680
238681
238682
238683
238685
238703
238860
238862
238863
238884
238885
238886
238896
238897
238898
238899
238900
238902
238903
238904
238905
238906
238907
238909
238980
238981
238982
238992
238993
238994
238995
238999
239000
239001
239002
239003
239004
239005
239006
239020
239022
239023
239045
239056
239057
239058
239059
239060
239062
239063
239064
239065
239066
239067
239069
239087
239311
239333
239344
239345
239346
239347
239351
239352
239353
239354
239355
239356
239357
239358
241924
241925
241926
241936
241938
241939
241944
241945
241946
241947
241948
241949
241950
241964
241966
241967
242021
242032
242033
242034
242035
242039
242040
242041
242042
242043
242044
242045
242046
242060
242062
242063
242084
242085
242086
242096
242097
242098
242099
242100
242102
242103
242104
242106
242107
242109
242895
242917
242928
242929
242930
242931
242935
242936
242937
242938
242939
242941
243268
243269
243270
243280
243281
243282
243283
243287
243288
243289
243290
243291
243292
243293
243308
243310
243311
243461
243472
243473
243474
243475
243476
243478
243479
243480
243482
243483
243503
243523
243529
243532
243533
243534
243535
243552
243553
243556
243557
243558
243559
243563
243569
243572
243573
243574
243575
243579
243632
243634
243635
243640
243641
243642
243644
243645
243646
244495
244516
244517
244528
244529
244530
244531
244532
244534
244535
244536
244537
244538
244539
244541
244612
244613
244614
244624
244625
244626
244627
244631
244632
244633
244634
244635
244636
244637
244638
244652
244654
244655
244677
244688
244689
244690
244691
244692
244694
244695
244696
244697
244698
244699
244701
244719
311408
311415
311483
311744
311746
311751
311772
311774
311789
312001
312011
312029
312044
312046
313088
313090
313095
313096
313098
313116
313118
313123
313129
313133
313200
313202
313207
313208
313210
313231
313253
313265
313268
313270
313275
313599
313941
314113
314116
314118
314123
314131
314137
314141
314156
314158
314213
314225
314230
314235
314288
314290
314295
314296
314298
318464
318465
318466
318467
318470
318471
318472
318474
318475
318489
318492
318493
318494
318495
318499
318504
318505
318508
318509
318510
318543
318565
318576
318577
318578
318579
318580
318582
318583
318584
318585
318586
318587
318607
318628
318629
318630
318640
318641
318642
318644
318646
318647
318650
318651
318869
318912
318913
318914
318915
318919
318920
318921
318922
318923
318925
318940
318941
318942
318943
318944
318946
318947
318951
318952
318953
318954
318956
318957
318958
319038
319039
319124
319125
319126
319168
319169
319170
319172
319173
319174
319175
319176
319178
319179
319187
319192
319193
319194
319196
319197
319198
319203
319209
319212
319213
319214
319215
320511
321876
321877
322560
322561
322562
322564
322566
322567
322571
322579
322584
322585
322588
322589
322590
322604
322605
322606
322607
322639
322660
322661
322672
322673
322674
322676
322678
322679
322683
322736
322737
322738
322739
322743
322744
322746
322747
322879
322964
322965
323009
323012
323014
323019
323027
323032
323033
323037
323052
323054
323055
323264
323266
323267
323271
323272
323274
323275
323292
323294
323295
323299
323304
323305
323308
323309
