65582
65615
65722
65854
65937
65947
66000
66002
66011
66249
66271
66280
66282
66803
66808
66810
67136
67137
67138
67140
67142
67147
67155
67161
67165
67180
67182
67392
67393
67394
67398
67399
67403
67411
67417
67420
67421
67436
67437
67438
68367
68388
68389
68390
68404
68405
68476
68478
68493
68511
68514
68519
68520
68522
70595
70599
70600
70601
70602
70605
70620
70621
70622
70623
70627
70631
70632
70633
70634
70637
71760
71761
71764
71765
71766
71771
71936
71937
71938
71939
71943
71944
71945
71946
71947
71961
71964
71965
71966
71967
71971
71976
71977
71978
71980
71981
71982
72015
72036
72037
72048
72049
72050
72052
72053
72054
72055
72059
72101
72112
72113
72114
72116
72118
72119
72120
72122
72123
72444
72446
72447
72960
72961
72964
72965
72966
72971
72976
72977
72978
72979
72983
72984
72985
72986
72987
72989
73004
73006
73007
73036
73037
73038
73039
73056
73057
73058
73060
73061
73062
73063
73067
73073
73076
73077
73078
73083
73136
73138
73139
73143
73144
73145
73146
73148
73149
73150
76860
76862
76863
76944
76945
76946
76948
76949
76950
76951
76955
76996
76997
77008
77009
77010
77014
77015
77018
77019
77039
77296
77298
77299
77303
77304
77305
77306
77327
77345
77348
77349
77350
77361
77364
77365
77366
77436
77437
77438
77443
77449
77452
77453
77454
77471
77472
77474
77475
77479
77480
77481
77482
151491
151497
151500
151501
151502
151503
151521
151524
151525
151526
151527
151531
151536
151537
151538
151540
151541
151542
151543
151544
151546
151547
156993
156996
156997
156998
156999
157008
157010
157011
157016
157017
157018
157020
157021
157022
157023
157027
157033
157036
157038
157039
159760
159761
159762
159764
159766
159767
159768
159770
159771
159820
159822
159823
159844
159845
159846
159856
159857
159858
159860
159862
159863
159864
159866
159867
159920
159922
159923
159928
159929
159930
159932
159933
159934
160204
160206
160207
160228
160229
160230
160240
160241
160242
160244
160246
160247
160248
160250
160251
160304
160306
160307
160312
160313
160314
160316
160317
160318
160400
160401
160402
160404
160406
160407
160408
160410
160411
160452
160453
160454
160464
160466
160467
160472
160473
160474
160476
160477
160478
160492
160494
160495
161728
161729
161730
161731
161735
161736
161737
161738
161739
161740
161741
161756
161758
161759
161760
161761
161762
161763
161767
161768
161769
161770
161771
161773
161852
161854
161855
161937
161940
161941
161942
161947
161984
161985
161986
161988
161989
161990
161991
161992
161994
161995
162003
162009
162012
162013
162014
162015
162019
162024
162025
162028
162029
162030
162031
162320
162321
162322
162324
162326
162327
162328
162330
162331
162371
162377
162380
162381
162382
162383
162401
162404
162405
162406
162407
162411
162416
162417
162418
162420
162421
162422
162423
162426
162427
162480
162482
162483
162488
162489
162490
162492
162493
162494
162495
162628
162629
162630
162640
162642
162643
162648
162649
162650
162652
162653
162654
162668
162670
162671
225328
225330
225331
225336
225337
225338
225340
225341
225342
225343
225424
225425
225426
225428
225429
225430
225431
225432
225434
225435
225473
225476
225477
225478
225479
225483
225488
225490
225491
225496
225497
225500
225501
225502
225503
225507
225513
225516
225517
225518
225519
225809
225812
225813
225814
225815
225819
225859
225865
225868
225869
225870
225871
225889
225892
225893
225894
225895
225899
225904
225905
225908
225909
225910
225911
225914
225915
225971
225977
225980
225981
225982
225983
226113
226116
226117
226118
226119
226123
226131
226137
226140
226141
226142
226143
226147
226153
226156
226157
226158
226159
227328
227329
227332
227333
227334
227335
227339
227344
227346
227347
227351
227352
227353
227354
227355
227356
227357
227358
227372
227374
227375
227406
227407
227428
227429
227430
227440
227441
227442
227443
227444
227446
227447
227448
227450
227451
227471
227493
227504
227505
227506
227507
227510
227511
227512
227513
227514
227515
227517
227779
227785
227788
227789
227790
227791
227809
227812
227813
227814
227815
227819
227824
227825
227828
227829
227830
227831
227835
227890
227891
227896
227897
227898
227900
227901
227902
227903
227984
227985
227986
227988
227989
227990
227991
227992
227994
227995
228033
228036
228037
228038
228039
228043
228048
228050
228051
228056
228057
228058
228060
228061
228062
228073
228076
228077
228078
228079
228688
228689
228690
228692
228693
228694
228695
228699
295009
295019
295097
295219
295224
295225
295296
295297
295307
295315
295321
295342
295649
295659
296140
296142
296160
296161
296162
296171
296447
296448
296449
296450
296455
296459
296467
296473
296477
296492
296493
296494
296527
296545
296548
296550
296555
296565
296627
296631
296632
296633
296634
297779
297785
297857
297860
297862
297867
297875
297880
297881
297882
299824
299825
299826
299827
299830
299831
299832
299834
299835
299900
299902
299903
299906
299907
299911
299912
299913
299914
299932
299933
299934
299939
299944
299945
299946
299948
299949
299950
301052
301053
301054
301055
301056
301058
301059
301063
301064
301065
301066
301067
301068
301069
301084
301085
301086
301087
301088
301090
301091
301095
301096
301097
301098
301100
301101
301102
301135
301157
301168
301169
301170
301172
301173
301174
301175
301176
301178
301179
301199
301217
301220
301221
301222
301232
301233
301234
301236
301237
301238
301239
301242
301243
301372
301373
301374
301375
301444
301445
301456
301457
301458
301460
301461
301462
301463
301466
301467
301487
301509
301520
301521
301522
301524
301525
301526
301527
301531
301551
301762
301763
301767
301768
301769
301770
301773
301788
301789
301790
301791
301795
301799
301800
301801
301802
301804
301805
301806
306383
306401
306404
306405
306406
306417
306420
306421
306422
306427
306689
306692
306693
306694
306699
306704
306706
306707
306711
306712
306713
306714
306735
306761
306764
306765
306766
306783
306784
306786
306787
306791
306792
306794
306795
306867
306873
306876
306877
306878
307028
307029
