32816
32819
32917
32962
33537
33546
33549
33572
33574
33575
33592
33595
33687
33771
33780
33783
35153
35160
35162
35163
35844
35846
35847
35873
35882
35885
35894
35986
35997
36037
36064
36066
36067
36073
36076
36078
36085
36432
36434
36435
36441
36444
36446
36447
36613
36636
36639
36640
36643
36652
36655
36741
36767
36768
36771
36777
36780
36782
36783
36816
36818
36819
36825
36828
36830
36831
42309
42310
42336
42338
42339
42345
42348
42350
42351
42357
45073
45074
45081
45082
45085
45086
45188
45190
45191
45217
45224
45226
45227
45229
45236
45237
45238
45239
45265
45272
45274
45275
45277
45633
45636
45638
45639
45640
45643
45665
45668
45671
45672
45674
45675
45677
45684
45686
45687
45691
45841
45844
45846
45847
45848
45851
45953
45960
45962
45963
45965
45988
45990
45991
45995
46001
46004
46007
46008
46010
46011
46013
46036
46038
46039
47424
47425
47426
47427
47432
47433
47434
47435
47436
47437
47438
47439
47460
47461
47462
47463
47473
47474
47480
47481
47482
47483
47485
47486
48148
48149
48150
48151
48252
48255
48256
48258
48259
48265
48268
48269
48270
48271
48293
48294
48304
48305
48306
48307
48313
48314
48316
48317
48318
48319
48341
48661
48704
48706
48707
48713
48716
48718
48719
48741
48752
48754
48755
48761
48764
48766
48767
48768
48771
48777
48780
48782
48783
48805
48816
48818
48819
48825
48828
48830
48831
48917
48960
48962
48963
48969
48970
48972
48973
48974
48975
48996
48997
48998
49008
49009
49010
49011
49016
49017
49018
49019
49020
49021
49022
49023
49072
49075
49084
49087
119893
120064
120065
120066
120067
120068
120070
120071
120072
120073
120074
120075
120077
120092
120095
120096
120097
120098
120099
120103
120104
120105
120106
120107
120109
120110
120117
120193
120194
120196
120198
120199
120200
120202
120203
120220
120223
120224
120225
120226
120227
120231
120232
120233
120234
120235
120236
120237
120238
120245
120273
120276
120277
120278
120279
120280
120283
120575
196692
196693
196694
196864
196865
196866
196867
196871
196872
196873
196874
196875
196876
196877
196878
196895
196896
196897
196898
196899
196900
196902
196903
196904
196905
196906
196907
196909
196916
196917
196918
196991
196992
196993
196994
196995
196996
196998
196999
197000
197001
197002
197003
197005
197020
197022
197023
197024
197025
197026
197027
197031
197032
197033
197034
197035
197036
197037
197038
197045
197076
197077
197078
197372
197374
197375
197887
198229
198400
198401
198402
198403
198407
198408
198409
198410
198411
198413
198431
198432
198433
198434
198435
198439
198440
198441
198442
198443
198445
198453
198527
198528
198529
198530
198531
198535
198536
198537
198538
198539
198541
198559
198560
198561
198562
198563
198567
198568
198569
198570
198571
198573
198581
198613
198908
198911
199252
199253
199254
199424
199425
199426
199427
199428
199430
199431
199432
199433
199434
199435
199437
199452
199454
199455
199456
199457
199458
199459
199463
199464
199465
199466
199467
199468
199469
199470
199477
199548
199550
199551
199552
199553
199554
199555
199559
199560
199561
199562
199563
199564
199565
199566
199583
199584
199585
199586
199587
199588
199590
199591
199592
199593
199594
199595
199597
199604
199605
199606
199637
204031
204373
204544
204545
204546
204547
204551
204552
204553
204554
204555
204556
204557
204558
204575
204576
204577
204578
204579
204580
204582
204583
204584
204585
204586
204587
204589
204596
204597
204598
204672
204673
204674
204676
204678
204679
204680
204682
204683
204700
204702
204703
204704
204706
204707
204712
204713
204714
204716
204717
204718
204725
204756
204757
204758
205052
205054
205055
205397
205398
205568
205569
205570
205571
205575
205576
205577
205578
205579
205581
205599
205600
205601
205602
205603
205607
205608
205609
205610
205611
205613
205621
205695
205696
205697
205698
205699
205703
205704
205705
205706
205707
205709
205727
205728
205729
205730
205731
205735
205736
205737
205738
205739
205741
205749
205781
206933
207104
207105
207106
207107
207111
207112
207113
207114
207115
207117
207135
207136
207137
207138
207139
207143
207144
207145
207146
207147
207149
207157
207231
207232
207233
207234
207235
207239
207240
207241
207242
207243
207245
207263
207264
207265
207266
207267
207271
207272
207273
207274
207275
207277
207285
207317
207615
207957
208128
208129
208130
208131
208135
208136
208137
208138
208139
208141
208159
208160
208161
208162
208163
208167
208168
208169
208170
208171
208173
208181
208255
208256
208257
208258
208259
208263
208264
208265
208266
208267
208269
208287
208288
208289
208290
208291
208295
208296
208297
208298
208299
208301
208309
208341
208639
278687
278691
279045
279059
279065
279069
279087
279164
279166
279180
279182
279377
280596
280597
280598
280652
280654
280676
280678
280692
280694
280695
280764
280766
280767
281072
281074
281080
281082
281136
281138
281144
281146
281149
281233
281239
281243
281285
281299
281305
281309
281327
281921
281924
281927
281931
281951
281952
281955
281961
281965
286801
286804
286806
286807
286808
286810
286811
286988
286990
286991
287012
287013
287014
287024
287025
287026
287031
287032
287034
287035
287037
287109
287120
287121
287122
287123
287127
287128
287129
287130
287131
287133
287151
287173
287184
287186
287187
287192
287193
287194
287197
287215
287472
287474
287475
287480
287481
287482
287484
287485
287486
288575
288661
288704
288706
288712
288714
288717
288736
288737
288738
288743
288744
288746
288747
288757
288960
288962
288963
288968
288969
288970
288973
288993
288999
289000
289002
289003
289012
289013
289014
289345
289348
289350
289351
289355
289372
289374
289375
289379
289385
289388
289389
289390
289553
289556
289558
289559
289563
289612
289614
289615
289636
289637
289638
289648
289649
289650
289652
289654
289655
289656
289658
289659
289715
289721
289724
289725
289726
292100
292101
292102
292103
292115
292121
292124
292125
292126
292127
292131
292137
292140
292141
292142
292143
292211
292220
292222
292223
292224
292226
292227
292232
292233
292234
292236
292237
292238
292239
292257
292260
292261
292262
292263
292264
292267
292273
292276
292277
292278
292279
292283
