49311
49315
49669
49683
49689
49693
49711
49788
49790
49804
49806
50001
51220
51221
51222
51276
51278
51300
51302
51316
51318
51319
51388
51390
51391
51696
51698
51704
51706
51760
51762
51768
51770
51773
51857
51863
51867
51909
51923
51929
51933
51951
52545
52548
52551
52555
52575
52576
52579
52585
52589
57425
57428
57430
57431
57432
57434
57435
57612
57614
57615
57636
57637
57638
57648
57649
57650
57655
57656
57658
57659
57661
57733
57744
57745
57746
57747
57751
57752
57753
57754
57755
57757
57775
57797
57808
57810
57811
57816
57817
57818
57821
57839
58096
58098
58099
58104
58105
58106
58108
58109
58110
59199
59285
59328
59330
59336
59338
59341
59360
59361
59362
59367
59368
59370
59371
59381
59584
59586
59587
59592
59593
59594
59597
59617
59623
59624
59626
59627
59636
59637
59638
59969
59972
59974
59975
59979
59996
59998
59999
60003
60009
60012
60013
60014
60177
60180
60182
60183
60187
60236
60238
60239
60260
60261
60262
60272
60273
60274
60276
60278
60279
60280
60282
60283
60339
60345
60348
60349
60350
62724
62725
62726
62727
62739
62745
62748
62749
62750
62751
62755
62761
62764
62765
62766
62767
62835
62844
62846
62847
62848
62850
62851
62856
62857
62858
62860
62861
62862
62863
62881
62884
62885
62886
62887
62888
62891
62897
62900
62901
62902
62903
62907
131156
131157
131158
131328
131329
131330
131331
131335
131336
131337
131338
131339
131340
131341
131342
131359
131360
131361
131362
131363
131364
131366
131367
131368
131369
131370
131371
131373
131380
131381
131382
131455
131456
131457
131458
131459
131460
131462
131463
131464
131465
131466
131467
131469
131484
131486
131487
131488
131489
131490
131491
131495
131496
131497
131498
131499
131500
131501
131502
131509
131540
131541
131542
131836
131838
131839
132351
132693
132864
132865
132866
132867
132871
132872
132873
132874
132875
132877
132895
132896
132897
132898
132899
132903
132904
132905
132906
132907
132909
132917
132991
132992
132993
132994
132995
132999
133000
133001
133002
133003
133005
133023
133024
133025
133026
133027
133031
133032
133033
133034
133035
133037
133045
133077
133372
133375
133716
133717
133718
133888
133889
133890
133891
133892
133894
133895
133896
133897
133898
133899
133901
133916
133918
133919
133920
133921
133922
133923
133927
133928
133929
133930
133931
133932
133933
133934
133941
134012
134014
134015
134016
134017
134018
134019
134023
134024
134025
134026
134027
134028
134029
134030
134047
134048
134049
134050
134051
134052
134054
134055
134056
134057
134058
134059
134061
134068
134069
134070
134101
138495
138837
139008
139009
139010
139011
139015
139016
139017
139018
139019
139020
139021
139022
139039
139040
139041
139042
139043
139044
139046
139047
139048
139049
139050
139051
139053
139060
139061
139062
139136
139137
139138
139140
139142
139143
139144
139146
139147
139164
139166
139167
139168
139170
139171
139176
139177
139178
139180
139181
139182
139189
139220
139221
139222
139516
139518
139519
139861
139862
140032
140033
140034
140035
140039
140040
140041
140042
140043
140045
140063
140064
140065
140066
140067
140071
140072
140073
140074
140075
140077
140085
140159
140160
140161
140162
140163
140167
140168
140169
140170
140171
140173
140191
140192
140193
140194
140195
140199
140200
140201
140202
140203
140205
140213
140245
141397
141568
141569
141570
141571
141575
141576
141577
141578
141579
141581
141599
141600
141601
141602
141603
141607
141608
141609
141610
141611
141613
141621
141695
141696
141697
141698
141699
141703
141704
141705
141706
141707
141709
141727
141728
141729
141730
141731
141735
141736
141737
141738
141739
141741
141749
141781
142079
142421
142592
142593
142594
142595
142599
142600
142601
142602
142603
142605
142623
142624
142625
142626
142627
142631
142632
142633
142634
142635
142637
142645
142719
142720
142721
142722
142723
142727
142728
142729
142730
142731
142733
142751
142752
142753
142754
142755
142759
142760
142761
142762
142763
142765
142773
142805
143103
218197
218368
218369
218370
218371
218372
218374
218375
218376
218377
218378
218379
218381
218396
218399
218400
218401
218402
218403
218407
218408
218409
218410
218411
218413
218414
218421
218497
218498
218500
218502
218503
218504
218506
218507
218524
218527
218528
218529
218530
218531
218535
218536
218537
218538
218539
218540
218541
218542
218549
218577
218580
218581
218582
218583
218584
218587
218879
294960
294963
295061
295106
295681
295690
295693
295716
295718
295719
295736
295739
295831
295915
295924
295927
297297
297304
297306
297307
297988
297990
297991
298017
298026
298029
298038
298130
298141
298181
298208
298210
298211
298217
298220
298222
298229
298576
298578
298579
298585
298588
298590
298591
298757
298780
298783
298784
298787
298796
298799
298885
298911
298912
298915
298921
298924
298926
298927
298960
298962
298963
298969
298972
298974
298975
304453
304454
304480
304482
304483
304489
304492
304494
304495
304501
307217
307218
307225
307226
307229
307230
307332
307334
307335
307361
307368
307370
307371
307373
307380
307381
307382
307383
307409
307416
307418
307419
307421
307777
307780
307782
307783
307784
307787
307809
307812
307815
307816
307818
307819
307821
307828
307830
307831
307835
307985
307988
307990
307991
307992
307995
308097
308104
308106
308107
308109
308132
308134
308135
308139
308145
308148
308151
308152
308154
308155
308157
308180
308182
308183
309568
309569
309570
309571
309576
309577
309578
309579
309580
309581
309582
309583
309604
309605
309606
309607
309617
309618
309624
309625
309626
309627
309629
309630
310292
310293
310294
310295
310396
310399
310400
310402
310403
310409
310412
310413
310414
310415
310437
310438
310448
310449
310450
310451
310457
310458
310460
310461
310462
310463
310485
310805
310848
310850
310851
310857
310860
310862
310863
310885
310896
310898
310899
310905
310908
310910
310911
310912
310915
310921
310924
310926
310927
310949
310960
310962
310963
310969
310972
310974
310975
311061
311104
311106
311107
311113
311114
311116
311117
311118
311119
311140
311141
311142
311152
311153
311154
311155
311160
311161
311162
311163
311164
311165
311166
311167
311216
311219
311228
311231
