32883
32889
32948
33228
33230
33252
33254
33269
33341
33431
33435
33488
33490
34608
34610
34611
34616
34618
34692
34693
34706
34707
34712
34713
34714
34735
34769
34772
34774
34779
35023
35045
35057
35060
35062
35063
35067
35393
35399
35403
35420
35422
35436
35437
35438
35605
35648
35650
35656
35658
35679
35683
35688
35689
35775
40128
40129
40130
40131
40135
40136
40137
40138
40139
40141
40156
40158
40159
40160
40162
40163
40167
40168
40169
40170
40173
40453
40464
40465
40466
40468
40470
40471
40472
40474
40475
40515
40521
40524
40525
40526
40527
40544
40545
40546
40548
40549
40550
40551
40555
40561
40564
40565
40566
40627
40632
40633
40636
40637
40638
40772
40773
40774
40784
40785
40786
40787
40791
40792
40793
40794
40795
40797
40812
40814
40815
41791
41876
41877
41878
41920
41921
41922
41924
41926
41927
41931
41939
41945
41948
41949
41950
41955
41961
41964
41965
41966
41967
43265
43268
43269
43270
43283
43288
43289
43290
43293
43308
43310
43311
43343
43365
43376
43377
43378
43380
43382
43383
43384
43386
43387
43440
43441
43442
43443
43447
43448
43449
43450
43451
44113
44116
44117
44118
44123
44291
44296
44297
44298
44301
44319
44320
44321
44322
44327
44328
44330
44331
44412
44414
44419
44425
44428
44429
44430
44448
44449
44450
44455
44458
44459
44469
44796
44798
44799
115696
115698
115699
115704
115705
115706
115708
115709
115710
115711
117072
117073
117074
117076
117077
117078
117079
117080
117082
117083
117761
117764
117765
117766
117767
117771
117776
117778
117779
117784
117785
117786
117788
117789
117790
117791
117795
117801
117804
117805
117806
117807
117874
117875
117880
117881
117884
117885
117886
117887
117891
117897
117900
117901
117902
117903
117921
117924
117925
117926
117927
117931
117936
117937
117938
117940
117941
117942
117943
117944
117946
117947
118259
118265
118268
118269
118270
118271
118275
118281
118284
118285
118286
118287
118305
118308
118309
118310
118311
118315
118321
118324
118325
118326
118327
118331
118401
118404
118405
118406
118407
118411
118419
118425
118428
118429
118430
118431
118435
118441
118444
118445
118446
118447
118481
118484
118485
118486
118487
118491
123217
123220
123221
123222
123223
123227
123904
123906
123907
123912
123913
123914
123916
123917
123918
123919
123936
123937
123938
123940
123941
123942
123943
123944
123946
123947
123953
123956
123957
123958
123959
123963
124032
124033
124034
124036
124037
124038
124039
124040
124042
124043
124051
124057
124060
124061
124062
124063
124064
124066
124067
124072
124073
124074
124076
124077
124078
124079
124113
124116
124117
124118
124119
124123
124417
124420
124421
124422
124423
124426
124427
124435
124441
124444
124445
124446
124447
124448
124450
124451
124456
124457
124460
124461
124462
124463
124531
124537
124540
124541
124542
124543
124544
124546
124547
124552
124553
124554
124556
124557
124558
124559
124576
124577
124578
124580
124581
124582
124583
124584
124586
124587
124593
124596
124597
124598
124599
124603
124753
124756
124757
124758
124759
124763
125939
125945
125948
125949
125950
125951
128000
128001
128002
128004
128005
128006
128007
128008
128010
128011
128019
128025
128028
128029
128030
128031
128034
128035
128040
128041
128044
128045
128046
128047
128115
128121
128124
128125
128126
128127
128131
128137
128140
128141
128142
128143
128161
128164
128165
128166
128167
128171
128177
128180
128181
128182
128183
128187
128463
128485
128496
128497
128498
128499
128503
128504
128505
128506
128507
128509
128524
128526
128527
128548
128549
128550
128560
128561
128562
128564
128566
128567
128568
128570
128571
128641
128644
128645
128646
128647
128651
128656
128658
128659
128664
128665
128666
128668
128669
128670
128681
128684
128685
128686
128687
128720
128721
128722
128724
128725
128726
128727
128728
128730
128731
195587
195593
195596
195597
195598
195599
195617
195620
195621
195622
195623
195627
195632
195633
195634
195636
195637
195638
195639
195640
195642
195643
195713
195716
195717
195718
195719
195723
195728
195730
195731
195736
195737
195738
195740
195741
195742
195743
195747
195753
195756
195757
195758
195759
195792
195793
195796
195797
195798
195799
195802
195803
196092
196093
196094
196095
196096
196098
196099
196103
196104
196105
196106
196107
196108
196109
196110
196124
196126
196127
196128
196129
196130
196131
196135
196136
196137
196138
196139
196140
196141
196149
196211
196217
196220
196221
196222
196223
196227
196232
196233
196236
196237
196238
196239
196256
196257
196258
196260
196261
196262
196263
196264
196266
196267
196273
196276
196277
196278
196283
262148
262211
262218
262253
262414
262439
262501
262517
262576
262577
262582
262587
262905
263223
263226
263292
263293
263294
263305
263309
263324
263325
263326
263331
263336
263337
263487
263557
263568
263569
263570
263572
263573
263574
263579
263632
263633
263636
263637
263638
263643
263872
263874
263878
263879
263883
263891
263895
263896
263897
263898
263918
265167
265184
265185
265186
265190
265195
266435
266439
266440
266441
266442
266445
266460
266461
266462
266467
266472
266473
266474
266476
266477
266703
266720
266721
266724
266725
266726
266731
266736
266737
266738
266740
266741
266742
266747
266789
266800
266801
266802
266804
266805
266806
266811
266867
266871
266872
266873
266874
266892
266893
266894
266895
266911
266912
266913
266914
266915
266916
266918
266919
266920
266922
266923
267507
267512
267513
267514
267516
267517
267518
267777
267780
267781
267782
267792
267793
267794
267796
267797
267798
267799
267803
267823
267840
267841
267842
267843
267844
267846
267847
267848
267849
267850
267851
267858
267859
267863
267864
267865
267866
267868
267869
267884
267885
267886
267887
267964
267966
267967
268097
268100
268101
268102
268112
268113
268114
268116
268117
268118
268119
268122
268123
268143
269059
269064
269065
269066
269068
269069
269070
269084
269085
269086
269087
269090
269091
269095
269096
269097
269098
269101
269132
269134
269135
269151
269152
269153
269154
269156
269157
269158
269159
269163
269232
269233
269234
269235
269236
269238
269239
269240
269241
269242
269243
274236
274237
274238
274303
274304
274305
274306
274308
274310
274311
274315
274322
274323
274327
274328
274329
274330
274350
274351
