65554
65607
65625
65644
65804
65805
65822
65827
65832
65834
65871
65888
65889
65892
65894
65899
65970
66608
66609
66610
66612
66614
66619
66675
66679
66680
66681
66682
66700
66702
66719
66722
66727
66730
66876
66877
66878
66943
66944
66945
66946
66948
66950
66955
66963
66967
66968
66969
66970
66990
66991
67267
67272
67273
67274
67292
67293
67305
67308
67309
68580
68581
68597
69824
69825
69826
69828
69829
69830
69835
69840
69842
69843
69846
69847
69848
69849
69850
69851
69870
69871
70092
70093
70094
70108
70109
70110
70111
70114
70115
70119
70120
70121
70122
70195
70199
70200
70201
70202
70204
70205
70268
70269
70270
70275
70279
70280
70281
70282
70291
70296
70297
70298
70300
70301
70302
70313
70316
70317
70318
70863
70881
70884
70885
70896
70897
70898
70900
70901
70902
70903
70907
71164
71165
71166
71167
71168
71170
71171
71175
71176
71177
71178
71179
71180
71181
71187
71192
71193
71194
71196
71197
71198
71203
71207
71208
71209
71210
71212
71213
71214
71244
71245
71246
71247
71262
71263
71264
71265
71266
71267
71268
71269
71270
71271
71272
71273
71274
71275
71344
71346
71347
71350
71351
71352
71353
71354
71355
71357
72463
72480
72481
72484
72485
72486
72491
72496
72497
72498
72500
72501
72502
72507
72560
72561
72562
72563
72564
72565
72566
72567
72568
72570
72571
72590
72591
72607
72608
72609
72610
72612
72613
72614
72615
72619
72629
77631
77701
77712
77713
77716
77717
77718
77723
77764
77765
77776
77777
77778
77780
77781
77782
77787
162867
162873
162876
162877
162878
162879
162961
162964
162965
162966
162967
162971
163009
163012
163013
163014
163015
163019
163026
163027
163032
163033
163036
163037
163038
163039
163043
163049
163052
163053
163054
163055
163329
163332
163333
163334
163344
163345
163346
163347
163348
163350
163351
163352
163353
163354
163355
163357
163374
163375
163401
163404
163405
163406
163407
163425
163428
163429
163430
163431
163435
163440
163441
163442
163444
163445
163446
163447
163448
163450
163451
163504
163506
163507
163511
163512
163513
163514
163516
163517
163518
163652
163653
163664
163665
163666
163668
163669
163670
163671
163672
163674
163675
163695
213955
213961
213964
213965
213966
213967
213985
213988
213989
213990
213991
213995
214001
214004
214005
214006
214007
214011
215361
215364
215365
215366
215367
215371
215379
215385
215388
215389
215390
215391
215395
215401
215404
215405
215406
215407
216081
216084
216085
216086
216087
216091
216131
216137
216140
216141
216142
216143
216161
216164
216165
216166
216167
216171
216176
216177
216180
216181
216182
216183
216186
216187
216243
216249
216252
216253
216254
216255
216515
216521
216524
216525
216526
216527
216545
216548
216549
216550
216551
216555
216560
216561
216562
216564
216565
216566
216567
216568
216570
216571
216624
216626
216627
216632
216633
216634
216636
216637
216638
216639
216720
216721
216722
216724
216725
216726
216727
216728
216730
216731
216769
216772
216773
216774
216775
216779
216784
216786
216787
216792
216793
216794
216796
216797
216798
216799
216803
216809
216812
216813
216814
216815
221505
221508
221509
221510
221511
221515
221520
221522
221523
221528
221529
221530
221532
221533
221534
221535
221539
221545
221548
221549
221550
221551
222256
222258
222259
222264
222265
222266
222268
222269
222270
222352
222353
222354
222356
222358
222359
222360
222362
222363
222404
222405
222406
222416
222418
222419
222424
222425
222426
222428
222429
222430
222431
222444
222446
222447
222736
222737
222738
222740
222741
222742
222743
222744
222746
222747
222787
222793
222796
222798
222799
222817
222820
222821
222822
222823
222832
222833
222834
222836
222838
222839
222840
222842
222843
222896
222898
222899
222904
222905
222906
222908
222909
222910
222911
223041
223044
223045
223046
223047
223051
223056
223058
223059
223064
223065
223066
223068
223069
223070
223071
223075
223081
223084
223085
223086
223087
224204
224206
224207
224225
224228
224229
224230
224231
224240
224241
224242
224244
224246
224247
224248
224250
224251
226320
226321
226322
226324
226325
226326
226327
226328
226330
226331
226371
226377
226380
226381
226382
226383
226401
226404
226405
226406
226407
226411
226416
226417
226418
226420
226421
226422
226423
226424
226426
226427
226480
226482
226483
226488
226489
226490
226492
226493
226494
226495
226752
226754
226755
226760
226761
226762
226764
226765
226766
226784
226785
226786
226788
226790
226791
226792
226794
226795
226804
226805
226806
226867
226873
226876
226877
226878
226879
226961
226964
226965
226966
226967
226971
227008
227009
227012
227013
227014
227015
227019
227027
227033
227036
227037
227038
227039
227043
227049
227052
227053
227054
227055
295037
295076
295078
295375
295397
295412
295414
295475
295481
295568
295570
295639
296761
296764
296765
296766
296848
296849
296855
296859
296901
296912
296914
296919
296920
296922
296943
297164
297166
297185
297188
297190
297195
297205
297536
297538
297544
297546
297567
297571
297576
297577
297793
297799
297803
297820
297822
297837
302284
302286
302287
302305
302308
302309
302310
302315
302321
302324
302325
302326
302327
302331
302613
302656
302657
302658
302660
302662
302663
302664
302666
302667
302681
302684
302685
302686
302687
302691
302696
302697
302698
302700
302701
302702
302783
302868
302869
302870
302912
302913
302914
302915
302919
302920
302921
302922
302923
302925
302940
302942
302943
302944
302945
302946
302947
302951
302952
302953
302954
302955
302957
303039
303920
303922
303923
303928
303929
303930
303932
303933
303934
304005
304016
304017
304018
304019
304023
304024
304025
304026
304027
304047
304069
304080
304081
304082
304084
304086
304087
304088
304090
304091
305237
305408
305410
305411
305415
305416
305417
305418
305419
305436
305438
305439
305440
305442
305443
305448
305449
305450
305453
305523
305529
305532
305533
305534
305548
305549
305550
305551
305569
305572
305573
305574
305575
305579
305588
305589
305590
305919
306432
306433
306434
306436
306438
306439
306443
306460
306461
306462
306467
306473
306476
306477
306478
306546
306547
306552
306553
306554
306557
306575
306596
306597
306598
306609
306612
306614
306615
306619
