65574
65690
65733
66123
66152
66154
66165
66326
66416
66418
66425
66483
66489
67845
67868
67871
67884
67886
67887
67975
68002
68008
68010
68013
68021
68052
68054
68689
68696
68698
69056
69058
69059
69065
69069
69070
69092
69094
69095
69105
69108
69111
69115
69312
69314
69315
69321
69324
69326
69348
69350
69361
69367
69371
74772
74773
74774
74828
74831
74853
74864
74866
74867
74873
74874
74877
74878
74928
74930
74931
74937
74940
74941
74942
74943
75269
75283
75292
75294
75295
75299
75308
75310
75311
75393
75396
75398
75399
75403
75424
75425
75426
75432
75434
75435
75437
75445
75476
75478
75479
75600
75601
75602
75608
75610
75611
75613
78145
78151
78152
78154
78155
78157
78177
78183
78184
78186
78187
78189
78196
78197
78198
78199
79616
79619
79625
79628
79630
79631
79652
79653
79654
79664
79665
79666
79667
79671
79672
79673
79674
79675
79677
79760
79761
79762
79764
79766
79767
79768
79770
79771
79773
79812
79813
79814
79815
79827
79833
79836
79838
79839
79840
79842
79843
79849
79852
79853
79854
79855
80112
80115
80121
80124
80126
80127
80468
80469
80470
80640
80641
80642
80643
80648
80649
80650
80651
80653
80673
80676
80678
80679
80680
80682
80683
80692
80693
80694
80695
80699
80784
80786
80787
80792
80793
80794
80796
80797
80798
80815
80837
80848
80850
80851
80857
80860
80861
80862
80863
80876
80879
148801
148804
148805
148806
148807
148811
148816
148818
148819
148824
148825
148826
148828
148829
148830
148831
148835
148841
148844
148845
148846
148847
151600
151602
151603
151608
151609
151610
151612
151613
151614
151696
151697
151698
151700
151702
151703
151704
151706
151707
151748
151749
151750
151760
151762
151763
151768
151769
151770
151772
151773
151774
151788
151790
151791
152080
152081
152082
152084
152086
152087
152088
152090
152091
152140
152142
152143
152164
152165
152166
152176
152177
152178
152180
152182
152183
152184
152186
152187
152240
152242
152243
152248
152249
152250
152252
152253
152254
152388
152389
152390
152400
152402
152403
152408
152409
152410
152412
152413
152414
152428
152430
152431
153620
153621
153622
153664
153666
153667
153672
153673
153674
153676
153677
153678
153679
153697
153700
153701
153702
153703
153704
153707
153713
153716
153717
153718
153719
153723
153779
153785
153788
153790
153791
154060
154062
154063
154084
154085
154086
154096
154097
154098
154100
154102
154103
154104
154106
154107
154160
154162
154163
154168
154169
154170
154172
154173
154174
154256
154257
154258
154260
154261
154262
154263
154264
154266
154267
154305
154308
154309
154310
154311
154315
154320
154322
154323
154329
154330
154332
154333
154334
154335
154339
154345
154348
154349
154350
154351
154944
154945
154946
154947
154948
154951
154952
154953
154954
154955
154957
154976
154977
154978
154979
154983
154984
154985
154986
154987
154989
154996
154997
154998
159683
159692
159693
159694
159695
159713
159716
159717
159718
159723
159728
159729
159730
159732
159733
159734
159735
159736
159738
159739
233488
233489
233490
233492
233493
233494
233495
233496
233498
233499
233539
233545
233548
233549
233550
233551
233569
233572
233573
233574
233575
233579
233584
233585
233586
233588
233589
233590
233591
233592
233595
233648
233650
233651
233656
233657
233658
233660
233661
233662
233663
233923
233929
233932
233933
233934
233935
233953
233956
233957
233958
233959
233963
233969
233972
233973
233974
233975
233979
234035
234041
234044
234045
234046
234047
234129
234132
234133
234134
234135
234139
234177
234180
234181
234182
234183
234187
234192
234195
234201
234202
234204
234205
234206
234207
234211
234217
234220
234221
234222
234223
235504
235506
235507
235513
235516
235517
235518
235519
235520
235523
235529
235532
235533
235534
235535
235556
235557
235558
235568
235569
235570
235572
235574
235575
235576
235577
235578
235579
235581
235653
235664
235665
235666
235667
235671
235672
235673
235674
235675
235677
235678
235695
235717
235718
235728
235729
235730
235731
235736
235737
235738
235740
235741
235742
235756
235758
235759
236049
236050
236052
236053
236054
236055
236056
236058
236059
236099
236105
236108
236109
236110
236111
236132
236133
236134
236135
236139
236144
236145
236146
236148
236150
236151
236152
236154
236155
236208
236210
236211
236216
236217
236218
236220
236221
236222
236223
236353
236356
236357
236358
236359
236363
236368
236371
236377
236380
236381
236382
236383
236387
236393
236396
236397
236398
236399
311451
311523
311529
311907
311913
312081
312088
312091
312192
312195
312201
312230
312241
312251
313617
313627
313731
313737
313740
313742
313777
313784
313786
313787
314436
314438
314464
314466
314467
314473
314880
314882
314883
314889
314893
314916
314918
314919
314929
314935
314939
315025
315032
315034
315035
315037
315077
315103
315107
315113
315116
315118
315221
320581
320595
320601
320604
320606
320607
320611
320620
320622
320623
321020
321023
321027
321033
321036
321038
321039
321061
321072
321073
321074
321080
321082
321083
321085
321169
321172
321174
321175
321179
321220
321222
321223
321227
321248
321249
321250
321256
321257
321258
321261
321269
323856
323857
323858
323859
323864
323865
323866
323869
323870
323969
323970
323976
323978
323979
323981
324001
324004
324006
324007
324008
324010
324011
324020
324022
324023
324052
324053
324054
325632
325633
325634
325636
325639
325640
325641
325642
325643
325645
325664
325665
325666
325668
325670
325671
325672
325674
325675
325677
325684
325685
325686
325687
325765
325776
325778
325779
325785
325786
325788
325789
325790
325791
325795
325804
325806
325807
325829
325840
325842
325843
325848
325849
325850
325852
325853
325854
325855
325871
326209
326210
326215
326216
326218
326219
326221
326241
326244
326246
326247
326248
326250
326251
326253
326260
326261
326262
326263
326420
326421
326422
326423
326479
326501
326512
326514
326515
326521
326524
326525
326526
326527
326540
326543
326565
326576
326578
326579
326585
326586
326588
326589
326590
326591
326996
326997
326998
326999
