16446
16634
16637
16980
16982
17160
17163
17304
17307
17348
17350
17351
17377
17384
17386
17389
17398
18781
19461
19488
19490
19491
19497
19502
19509
19600
19603
19609
19612
19614
19615
19667
19676
19679
19695
20037
20064
20066
20067
20073
20076
20078
20079
20240
20242
20243
20249
20254
20356
20358
20359
20385
20386
20392
20394
20397
20405
20406
20433
20440
20442
20443
20445
25924
25927
25928
25931
25953
25959
25960
25962
25963
25965
25972
25974
25975
28692
28694
28695
28696
28699
28801
28808
28810
28811
28813
28836
28838
28839
28849
28856
28858
28859
28861
28884
28885
28886
28887
29248
29250
29251
29257
29258
29260
29261
29262
29263
29285
29286
29296
29297
29298
29299
29304
29305
29306
29309
29310
29461
29519
29552
29555
29561
29564
29566
29567
29568
29570
29571
29577
29580
29582
29583
29605
29616
29618
29619
29625
29628
29630
29631
29653
30997
30998
31088
31091
31100
31103
31104
31106
31107
31113
31116
31118
31119
31141
31152
31154
31155
31161
31164
31165
31166
31167
31189
31808
31809
31810
31811
31816
31817
31818
31819
31820
31821
31822
31823
31844
31845
31846
31847
31856
31857
31858
31859
31864
31865
31866
31867
31869
31870
32273
32276
32278
32279
32280
32282
32283
32285
32385
32386
32388
32391
32392
32394
32395
32397
32417
32420
32422
32423
32424
32427
32433
32436
32438
32439
32440
32442
32443
32445
32468
32469
32470
32471
32577
32580
32581
32582
32583
32584
32587
32608
32609
32610
32611
32615
32616
32617
32618
32619
32621
32622
32628
32629
32630
32631
103504
103505
103506
103508
103510
103511
103512
103514
103515
103692
103694
103695
103716
103717
103718
103728
103729
103730
103731
103732
103734
103735
103736
103737
103738
103739
103741
103813
103824
103825
103826
103827
103828
103831
103832
103833
103834
103835
103837
103838
103855
103876
103877
103878
103888
103890
103891
103897
103898
103900
103901
103902
103903
103904
103907
103913
103916
103918
103919
104143
104165
104176
104177
104178
104179
104184
104185
104186
104188
104189
104190
180484
180485
180486
180496
180498
180499
180504
180505
180506
180508
180509
180510
180524
180526
180527
180592
180594
180595
180600
180601
180602
180604
180605
180606
180620
180622
180623
180644
180645
180646
180656
180657
180658
180660
180662
180663
180664
180666
180667
181488
181490
181491
181495
181496
181497
181498
181500
181501
181502
181829
181840
181841
181842
181843
181844
181846
181847
181848
181849
181850
181851
181871
182020
182021
182022
182032
182033
182034
182035
182039
182040
182041
182042
182043
182044
182045
182046
182060
182062
182063
182095
182117
182128
182129
182130
182131
182135
182136
182137
182138
182139
182140
182141
182142
182156
182158
182159
182180
182181
182182
182192
182193
182194
182195
182196
182198
182199
182200
182201
182202
182203
182205
183052
183054
183055
183076
183077
183078
183088
183089
183090
183092
183094
183095
183096
183098
183099
183172
183173
183174
183184
183186
183187
183192
183193
183194
183196
183197
183198
183212
183214
183215
183248
183249
183250
183252
183254
183255
183256
183258
183259
187599
187621
187632
187633
187634
187635
187639
187640
187641
187642
187643
187644
187645
187646
187984
187985
187986
187988
187990
187991
187992
187994
187995
188164
188165
188166
188176
188178
188179
188184
188185
188186
188188
188189
188190
188204
188206
188207
188272
188274
188275
188281
188284
188285
188286
188287
188291
188297
188300
188301
188302
188303
188321
188324
188325
188326
188327
188331
188336
188337
188338
188340
188342
188343
188344
188346
188347
189196
189198
189199
189220
189221
189222
189232
189233
189234
189235
189236
189238
189239
189240
189241
189242
189243
189245
189316
189317
189318
189328
189329
189330
189331
189335
189336
189337
189338
189339
189340
189341
189342
189356
189358
189359
189381
189392
189393
189394
189395
189396
189398
189399
189400
189401
189402
189403
189405
189423
190724
190725
190726
190736
190737
190738
190739
190743
190744
190745
190746
190747
190748
190749
190750
190764
190766
190767
190799
190821
190832
190833
190834
190835
190839
190840
190841
190842
190843
190844
190845
190846
190860
190862
190863
190884
190885
190886
190896
190897
190898
190899
190900
190902
190903
190904
190905
190906
190907
190909
191557
191568
191569
191570
191571
191572
191574
191575
191576
191577
191578
191579
191581
191599
191756
191758
191759
191780
191781
191782
191792
191793
191794
191795
191796
191798
191799
191800
191801
191802
191803
191805
191876
191877
191878
191888
191889
191890
191891
191895
191896
191897
191898
191899
191900
191901
191902
191916
191918
191919
191941
191952
191953
191954
191955
191956
191958
191959
191960
191961
191962
191963
191965
191983
192207
192229
192240
192241
192242
192243
192247
192248
192249
192250
192251
192252
192253
192254
262197
262356
262358
262672
262674
262821
262833
262839
262843
262992
262994
263000
263002
264256
264258
264259
264264
264265
264266
264269
264289
264295
264299
264309
264655
264677
264689
264699
264755
264761
264852
264854
264900
264902
264924
264926
264927
264931
264940
264942
265536
265538
265544
265546
265549
265569
265570
265575
265576
265578
265579
265589
270421
270592
270593
270594
270595
270599
270600
270601
270602
270603
270605
270624
270625
270626
270631
270632
270634
270635
270644
270645
270646
270721
270724
270726
270727
270731
270748
270750
270751
270752
270754
270755
270761
270764
270765
270766
270801
270804
270805
270806
270807
270811
271103
272179
272185
272188
272189
272190
272276
272278
272279
272321
272324
272326
272327
272331
272348
272351
272355
272361
272364
272365
272366
272588
272590
272591
272612
272613
272614
272625
272631
272632
272634
272635
272965
272976
272978
272979
272984
272985
272986
272989
273007
273157
273168
273170
273171
273176
273177
273178
273181
273199
273267
273273
273276
273277
273278
273279
273292
273294
273295
273316
273317
273318
273328
273329
273330
273335
273336
273338
273339
275541
275712
275713
275714
275715
275720
275721
275722
275723
275724
275725
275726
275744
275745
275746
275748
275750
275751
275752
275754
275755
275764
275765
275766
275841
275844
275845
275846
275847
275851
275859
275865
275868
275870
275871
275872
275874
275875
275881
275882
275884
275885
275886
275887
275921
275924
275925
275926
275927
275931
276223
