69
80
81
84
85
256
257
260
261
262
272
273
274
278
283
303
322
326
331
338
342
347
367
447
1026
1030
1035
1042
1071
1091
1095
1098
1107
1111
1114
1134
1283
1287
1288
1289
1290
1299
1303
1304
1305
1306
1324
1325
1326
1347
1351
1352
1353
1354
1363
1367
1368
1369
1370
1388
1389
1390
1468
1469
1470
1790
3071
4099
4103
4104
4105
4106
4115
4119
4120
4121
4122
4140
4141
4142
4163
4167
4168
4169
4170
4172
4173
4179
4183
4184
4185
4186
4188
4189
4200
4201
4204
4205
4206
4281
4284
4285
4286
4355
4359
4360
4361
4362
4364
4365
4366
4371
4376
4377
4380
4381
4382
4387
4391
4392
4393
4394
4396
4397
4398
4424
4425
4428
4429
4430
4440
4441
4444
4445
4446
4451
4455
4456
4457
4458
4460
4461
4531
4535
4536
4537
4538
4540
4541
4856
4857
4860
4861
4862
5128
5129
5132
5133
5134
5144
5145
5148
5149
5150
5155
5159
5160
5161
5162
5164
5165
5196
5197
5198
5212
5213
5214
5215
5218
5219
5223
5224
5225
5226
5299
5303
5304
5305
5306
5309
5388
5389
5390
5391
5404
5405
5406
5407
5408
5409
5410
5411
5414
5415
5416
5417
5418
5419
5452
5453
5454
5455
5468
5469
5470
5471
5472
5473
5474
5475
5476
5477
5478
5479
5480
5481
5482
5483
5552
5553
5554
5555
5556
5557
5558
5559
5560
5561
5562
5563
5874
5875
5878
5879
5880
5881
5882
5883
7155
7159
7160
7161
7162
7164
7165
12284
12285
12286
98249
98252
98253
98254
98255
98272
98273
98276
98277
98278
98279
98283
98288
98289
98290
98292
98293
98294
98295
98298
98299
229424
229426
229427
229432
229433
229434
229436
229437
229438
229520
229521
229522
229524
229526
229527
229528
229530
229531
229572
229573
229574
229584
229586
229587
229592
229593
229594
229596
229597
229598
229612
229614
229615
229904
229905
229906
229908
229910
229911
229912
229914
229915
229964
229966
229967
229988
229989
229990
230000
230001
230002
230004
230006
230007
230008
230010
230011
230064
230066
230067
230072
230073
230074
230076
230077
230078
230212
230213
230214
230224
230226
230227
230232
230233
230234
230236
230237
230238
230252
230254
230255
231440
231441
231442
231444
231445
231446
231447
231448
231450
231451
231491
231497
231500
231501
231502
231503
231521
231524
231525
231526
231527
231536
231537
231538
231540
231542
231543
231544
231546
231547
231600
231602
231603
231608
231609
231610
231612
231613
231614
231615
231884
231886
231887
231908
231909
231910
231920
231921
231922
231924
231926
231927
231928
231930
231931
231984
231986
231987
231992
231993
231994
231996
231997
231998
232080
232081
232082
232084
232086
232087
232088
232090
232091
232132
232133
232134
232144
232146
232147
232152
232153
232154
232156
232157
232158
232172
232174
232175
232769
232772
232773
232774
232775
232779
232784
232786
232787
232792
232793
232794
232796
232797
232798
232799
232803
232809
232812
232813
232814
232815
237584
237585
237586
237588
237590
237591
237592
237594
237595
237644
237646
237647
237668
237669
237670
237680
237681
237682
237684
237686
237687
237688
237690
237691
237744
237746
237747
237752
237753
237754
237756
237757
237758
238019
238025
238028
238029
238030
238031
238049
238052
238053
238054
238055
238059
238064
238065
238066
238068
238069
238070
238071
238072
238074
238075
238128
238130
238131
238136
238137
238138
238140
238141
238142
238143
238224
238225
238226
238228
238229
238230
238231
238232
238234
238235
238273
238276
238277
238278
238279
238283
238288
238290
238291
238296
238297
238298
238300
238301
238302
238307
238313
238316
238317
238318
238319
239555
239561
239564
239565
239566
239567
239585
239588
239589
239590
239591
239595
239600
239601
239602
239604
239605
239606
239607
239608
239610
239611
239664
239666
239667
239672
239673
239674
239676
239677
239678
239679
239760
239761
239762
239764
239765
239766
239767
239768
239770
239771
239809
239812
239813
239814
239815
239819
239824
239826
239827
239832
239833
239834
239836
239837
239838
239839
239843
239849
239852
239853
239854
239855
240144
240145
240146
240148
240149
240150
240151
240152
240154
240155
240195
240201
240204
240205
240206
240207
240225
240228
240229
240230
240231
240235
240240
240241
240242
240244
240245
240246
240247
240248
240250
240251
240304
240306
240307
240312
240313
240314
240316
240317
240318
240319
240449
240452
240453
240454
240455
240459
240464
240466
240467
240472
240473
240474
240476
240477
240478
240479
240483
240489
240492
240493
240494
240495
243012
243013
243014
243024
243026
243027
243032
243033
243034
243036
243037
243038
243052
243054
243055
311807
311811
311817
311821
311841
311847
311851
311861
311967
311971
311977
311981
313331
313337
313340
313341
313342
313356
313358
313359
313380
313381
313382
313396
313398
313476
313478
313500
313502
313516
313518
313556
313558
313857
313863
313867
313891
313897
313901
313980
313982
313996
313998
314020
314022
314036
314038
314197
319436
319438
319439
319460
319461
319462
319472
319473
319474
319476
319478
319479
319480
319482
319483
319536
319538
319539
319544
319545
319546
319548
319549
319550
319632
319633
319634
319636
319638
319639
319640
319642
319643
319684
319685
319686
319696
319697
319698
319699
319703
319704
319705
319706
319707
319709
319724
319726
319727
320005
320016
320017
320018
320019
320023
320024
320025
320026
320027
320029
320047
320079
320101
320112
320113
320114
320115
320119
320120
320121
320122
320123
320125
320143
320165
320176
320177
320178
320179
320183
320184
320185
320186
320187
320189
320325
320336
320337
320338
320339
320343
320344
320345
320346
320347
320349
320367
321540
321541
321542
321555
321561
321564
321565
321566
321580
321582
321583
321651
321656
321657
321658
321661
321676
321678
321679
321700
321701
321702
321713
321716
321718
321719
321723
322032
322034
322035
322040
322041
322042
322045
322063
322085
322096
322097
322098
322103
322104
322106
322107
322181
322192
322194
322195
322200
322201
322202
322205
322223
322256
322257
322258
322263
322264
322266
322267
322897
322900
322902
322903
322907
