155
227
233
611
617
785
792
795
896
899
905
934
945
955
2321
2331
2435
2441
2444
2446
2481
2488
2490
2491
3140
3142
3168
3170
3171
3177
3584
3586
3587
3593
3597
3620
3622
3623
3633
3639
3643
3729
3736
3738
3739
3741
3781
3807
3811
3817
3820
3822
3925
9285
9299
9305
9308
9310
9311
9315
9324
9326
9327
9724
9727
9731
9737
9740
9742
9743
9765
9776
9777
9778
9784
9786
9787
9789
9873
9876
9878
9879
9883
9924
9926
9927
9931
9952
9953
9954
9960
9961
9962
9965
9973
12560
12561
12562
12563
12568
12569
12570
12573
12574
12673
12674
12680
12682
12683
12685
12705
12708
12710
12711
12712
12714
12715
12724
12726
12727
12756
12757
12758
14336
14337
14338
14340
14343
14344
14345
14346
14347
14349
14368
14369
14370
14372
14374
14375
14376
14378
14379
14381
14388
14389
14390
14391
14469
14480
14482
14483
14489
14490
14492
14493
14494
14495
14499
14508
14510
14511
14533
14544
14546
14547
14552
14553
14554
14556
14557
14558
14559
14575
14913
14914
14919
14920
14922
14923
14925
14945
14948
14950
14951
14952
14954
14955
14957
14964
14965
14966
14967
15124
15125
15126
15127
15183
15205
15216
15218
15219
15225
15228
15229
15230
15231
15244
15247
15269
15280
15282
15283
15289
15290
15292
15293
15294
15295
15700
15701
15702
15703
86032
86033
86034
86036
86037
86038
86039
86040
86042
86043
86083
86089
86092
86093
86094
86095
86113
86116
86117
86118
86119
86123
86128
86129
86130
86132
86133
86134
86135
86136
86139
86192
86194
86195
86200
86201
86202
86204
86205
86206
86207
86467
86473
86476
86477
86478
86479
86497
86500
86501
86502
86503
86507
86513
86516
86517
86518
86519
86523
86579
86585
86588
86589
86590
86591
86673
86676
86677
86678
86679
86683
86721
86724
86725
86726
86727
86731
86736
86739
86745
86746
86748
86749
86750
86751
86755
86761
86764
86765
86766
86767
88048
88050
88051
88057
88060
88061
88062
88063
88064
88067
88073
88076
88077
88078
88079
88100
88101
88102
88112
88113
88114
88116
88118
88119
88120
88121
88122
88123
88125
88197
88208
88209
88210
88211
88215
88216
88217
88218
88219
88221
88222
88239
88261
88262
88272
88273
88274
88275
88280
88281
88282
88284
88285
88286
88300
88302
88303
88593
88594
88596
88597
88598
88599
88600
88602
88603
88643
88649
88652
88653
88654
88655
88676
88677
88678
88679
88683
88688
88689
88690
88692
88694
88695
88696
88698
88699
88752
88754
88755
88760
88761
88762
88764
88765
88766
88767
88897
88900
88901
88902
88903
88907
88912
88915
88921
88924
88925
88926
88927
88931
88937
88940
88941
88942
88943
165185
165188
165189
165190
165191
165195
165200
165202
165203
165208
165209
165210
165212
165213
165214
165215
165219
165225
165228
165229
165230
165231
167984
167986
167987
167992
167993
167994
167996
167997
167998
168080
168081
168082
168084
168086
168087
168088
168090
168091
168132
168133
168134
168144
168146
168147
168152
168153
168154
168156
168157
168158
168172
168174
168175
168464
168465
168466
168468
168470
168471
168472
168474
168475
168524
168526
168527
168548
168549
168550
168560
168561
168562
168564
168566
168567
168568
168570
168571
168624
168626
168627
168632
168633
168634
168636
168637
168638
168772
168773
168774
168784
168786
168787
168792
168793
168794
168796
168797
168798
168812
168814
168815
170004
170005
170006
170048
170050
170051
170056
170057
170058
170060
170061
170062
170063
170081
170084
170085
170086
170087
170088
170091
170097
170100
170101
170102
170103
170107
170163
170169
170172
170174
170175
170444
170446
170447
170468
170469
170470
170480
170481
170482
170484
170486
170487
170488
170490
170491
170544
170546
170547
170552
170553
170554
170556
170557
170558
170640
170641
170642
170644
170645
170646
170647
170648
170650
170651
170689
170692
170693
170694
170695
170699
170704
170706
170707
170713
170714
170716
170717
170718
170719
170723
170729
170732
170733
170734
170735
171328
171329
171330
171331
171332
171335
171336
171337
171338
171339
171341
171360
171361
171362
171363
171367
171368
171369
171370
171371
171373
171380
171381
171382
176067
176076
176077
176078
176079
176097
176100
176101
176102
176107
176112
176113
176114
176116
176117
176118
176119
176120
176122
176123
245798
245914
245957
246347
246376
246378
246389
246550
246640
246642
246649
246707
246713
248069
248092
248095
248108
248110
248111
248199
248226
248232
248234
248237
248245
248276
248278
248913
248920
248922
249280
249282
249283
249289
249293
249294
249316
249318
249319
249329
249332
249335
249339
249536
249538
249539
249545
249548
249550
249572
249574
249585
249591
249595
254996
254997
254998
255052
255055
255077
255088
255090
255091
255097
255098
255101
255102
255152
255154
255155
255161
255164
255165
255166
255167
255493
255507
255516
255518
255519
255523
255532
255534
255535
255617
255620
255622
255623
255627
255648
255649
255650
255656
255658
255659
255661
255669
255700
255702
255703
255824
255825
255826
255832
255834
255835
255837
258369
258375
258376
258378
258379
258381
258401
258407
258408
258410
258411
258413
258420
258421
258422
258423
259840
259843
259849
259852
259854
259855
259876
259877
259878
259888
259889
259890
259891
259895
259896
259897
259898
259899
259901
259984
259985
259986
259988
259990
259991
259992
259994
259995
259997
260036
260037
260038
260039
260051
260057
260060
260062
260063
260064
260066
260067
260073
260076
260077
260078
260079
260336
260339
260345
260348
260350
260351
260692
260693
260694
260864
260865
260866
260867
260872
260873
260874
260875
260877
260897
260900
260902
260903
260904
260906
260907
260916
260917
260918
260919
260923
261008
261010
261011
261016
261017
261018
261020
261021
261022
261039
261061
261072
261074
261075
261081
261084
261085
261086
261087
261100
261103
