63
192
195
204
242
249
254
597
770
777
998
1009
1018
1021
2388
2390
3073
3080
3082
3083
3085
3108
3110
3111
3121
3128
3130
3131
3133
3220
3222
3223
3272
3275
3300
3303
3320
3323
3668
3671
3672
3675
3844
3847
3873
3880
3883
3892
3894
3895
3985
3992
3994
3995
3997
4036
4038
4039
4065
4072
4074
4075
4077
4084
4086
4087
9553
9560
9562
9563
9565
12292
12294
12295
12321
12322
12328
12330
12331
12333
12340
12341
12342
12343
12433
12434
12440
12441
12442
12445
12446
12485
12486
12512
12513
12514
12515
12521
12522
12524
12525
12526
12527
12533
12534
12880
12881
12882
12883
12889
12890
12892
12893
12894
12895
13061
13088
13090
13091
13097
13100
13102
13103
13109
13200
13202
13203
13209
13212
13214
13215
13253
13267
13276
13279
13280
13282
13283
13289
13292
13294
13295
13301
14661
14672
14674
14675
14681
14684
14686
14687
14688
14691
14700
14703
15365
15376
15378
15379
15385
15388
15390
15391
15392
15394
15395
15401
15404
15406
15407
15413
15493
15504
15506
15507
15513
15516
15518
15519
15520
15522
15523
15529
15532
15534
15535
15541
15557
15568
15570
15571
15577
15580
15582
15583
15584
15587
15593
15596
15598
15599
15941
15952
15955
15964
15967
15968
15970
15971
15977
15980
15982
15983
15989
16144
16145
16146
16147
16153
16154
16156
16157
16158
16159
16172
16175
16260
16261
16262
16263
16288
16289
16290
16291
16296
16297
16298
16299
16300
16301
16302
16303
16309
16310
16336
16337
16338
16339
16344
16345
16346
16347
16348
16349
16350
16351
87316
87317
87318
87360
87361
87362
87363
87368
87369
87370
87372
87373
87374
87393
87394
87396
87397
87398
87399
87400
87402
87403
87409
87412
87413
87414
87415
87416
87419
87484
87486
87487
163861
163904
163905
163906
163907
163908
163910
163911
163912
163913
163914
163915
163917
163932
163934
163935
163936
163937
163938
163939
163943
163944
163945
163946
163947
163948
163949
163950
163957
164031
164156
164158
164159
164244
164245
164246
164288
164289
164290
164291
164292
164294
164295
164296
164297
164298
164299
164301
164316
164318
164319
164320
164321
164322
164323
164327
164328
164329
164330
164331
164332
164333
164334
164341
164415
164501
164544
164545
164546
164547
164551
164552
164553
164554
164555
164556
164557
164558
164575
164576
164577
164578
164579
164580
164582
164583
164584
164585
164586
164587
164589
164596
164597
164598
165692
165694
165695
165780
165781
165782
165824
165825
165826
165828
165830
165831
165832
165834
165835
165852
165854
165855
165856
165858
165859
165864
165865
165866
165868
165869
165870
166080
166082
166083
166088
166089
166090
166092
166093
166094
166111
166112
166113
166114
166116
166118
166119
166120
166121
166122
166123
166132
166133
166134
166421
166464
166465
166466
166467
166468
166470
166471
166472
166473
166474
166475
166477
166492
166494
166495
166496
166497
166498
166499
166503
166504
166505
166506
166507
166508
166509
166510
166517
166591
166676
166677
166678
166720
166721
166722
166723
166727
166728
166729
166730
166731
166732
166733
166734
166751
166752
166753
166754
166755
166756
166758
166759
166760
166761
166762
166763
166765
166772
166773
166774
166844
166846
166847
171836
171838
171839
171924
171925
171926
171968
171969
171970
171971
171972
171974
171975
171976
171977
171978
171979
171981
171999
172000
172001
172002
172003
172007
172008
172009
172010
172011
172013
172014
172021
172095
172181
172224
172225
172226
172227
172231
172232
172233
172234
172235
172236
172237
172238
172255
172256
172257
172258
172259
172260
172262
172263
172264
172265
172266
172267
172269
172276
172277
172278
172608
172609
172610
172612
172614
172615
172616
172618
172619
172636
172638
172639
172640
172642
172643
172648
172649
172650
172652
172653
172654
172661
172820
172821
172822
172864
172866
172867
172872
172873
172874
172876
172877
172878
172896
172897
172898
172900
172902
172903
172904
172906
172907
172916
172917
172918
172988
172990
172991
174144
174145
174146
174148
174150
174151
174152
174154
174155
174172
174174
174175
174176
174178
174179
174184
174185
174186
174188
174189
174190
174396
174398
174399
174484
174485
174486
174528
174529
174530
174532
174534
174535
174536
174538
174539
174556
174558
174559
174560
174562
174563
174568
174569
174570
174572
174573
174574
174784
174786
174787
174792
174793
174794
174796
174797
174798
174816
174817
174818
174820
174822
174823
174824
174826
174827
174836
174837
174838
175380
175381
175382
175424
175426
175427
175432
175433
175434
175436
175437
175438
175456
175457
175458
175460
175462
175463
175464
175466
175467
175476
175477
175478
175548
175550
175551
245889
245899
245973
246276
246278
246316
246318
246399
246403
246409
246413
246612
246614
247824
247826
247827
247832
247833
247834
247837
247923
247929
247933
247951
247973
247984
247985
247986
247991
247992
247994
247995
248316
248318
248332
248334
248356
248358
248372
248374
248375
248453
248467
248473
248477
248495
248529
248535
248539
249168
249170
249176
249178
253973
254016
254017
254018
254019
254023
254024
254025
254026
254027
254029
254048
254049
254050
254055
254056
254058
254059
254061
254068
254069
254070
254143
254400
254402
254403
254409
254412
254413
254414
254433
254436
254438
254439
254443
254452
254453
254454
254524
254526
254527
254612
254613
254614
254656
254657
254658
254660
254662
254663
254664
254666
254667
254684
254686
254687
254688
254690
254691
254696
254697
254698
254700
254701
254702
255951
255973
255984
255985
255986
255992
255994
255995
256048
256050
256051
256056
256057
256058
256061
256144
256145
256146
256151
256152
256154
256155
256197
256208
256210
256211
256217
256220
256221
256222
256239
256529
256532
256534
256535
256539
256588
256590
256591
256612
256613
256614
256625
256628
256630
256631
256635
256691
256697
256700
256701
256702
256833
256836
256837
256838
256839
256843
256851
256857
256860
256861
256862
256863
256867
256873
256876
256877
256878
256879
259349
259392
259393
259394
259395
259399
259400
259401
259402
259403
259405
259423
259424
259425
259426
259427
259431
259432
259433
259434
259435
259437
259445
259519
