16391
16414
16504
16506
16549
16835
16841
16864
16866
16872
16874
17044
17046
17107
18188
18190
18209
18212
18214
18219
18228
18229
18303
18307
18312
18313
18314
18335
18338
18339
18344
18345
18346
18675
18681
18685
19024
19026
19031
19034
19216
19217
19223
19227
19276
19278
19297
19307
19388
19389
19390
23589
23600
23601
23602
23603
23607
23608
23609
23610
23611
23680
23681
23682
23684
23685
23686
23687
23691
23699
23704
23705
23706
23708
23709
23710
23724
23725
23726
23727
23761
23764
23765
23766
24051
24056
24057
24058
24060
24061
24062
24063
24067
24073
24076
24077
24078
24079
24096
24097
24098
24100
24101
24102
24103
24107
24113
24116
24117
24118
24123
24188
24190
24191
24192
24194
24195
24199
24200
24201
24202
24203
24205
24220
24222
24223
24224
24226
24227
24231
24232
24233
24234
24235
24237
25551
25572
25573
25584
25585
25586
25588
25590
25591
25594
25595
26901
26944
26945
26946
26948
26950
26951
26952
26954
26955
26963
26969
26972
26973
26974
26979
26985
26988
26989
26990
27669
27712
27713
27714
27719
27720
27722
27723
27740
27741
27742
27747
27753
27756
27757
27758
27839
27952
27954
27955
27959
27960
27962
28033
28036
28037
28038
28051
28056
28057
28058
28061
28076
28078
28079
28116
28117
28118
28367
28388
28389
28400
28401
28402
28404
28406
28407
28411
101391
101413
101424
101425
101426
101427
101431
101432
101433
101434
101435
101436
101437
101438
101509
101520
101521
101522
101523
101524
101526
101527
101528
101530
101531
101533
101572
101573
101574
101584
101586
101587
101592
101593
101594
101596
101597
101598
101612
101614
101615
101904
101905
101906
101908
101910
101911
101912
101914
101915
101964
101966
101967
101988
101989
101990
102000
102001
102002
102004
102006
102007
102008
102010
102011
102064
102066
102067
102072
102073
102074
102076
102077
102078
102212
102213
102214
102224
102226
102227
102232
102233
102234
102236
102237
102238
102239
102249
102252
102254
102255
107536
107537
107538
107540
107541
107542
107543
107544
107546
107547
107587
107593
107596
107597
107598
107599
107617
107620
107621
107622
107623
107627
107632
107633
107634
107636
107637
107638
107639
107640
107642
107643
107696
107698
107699
107704
107705
107706
107708
107709
107710
107711
107971
107977
107980
107981
107982
107983
108001
108004
108005
108006
108007
108011
108016
108017
108018
108020
108021
108022
108023
108024
108026
108027
108080
108082
108083
108088
108089
108090
108092
108093
108094
108095
108176
108177
108178
108180
108181
108182
108183
108184
108186
108187
108225
108228
108229
108230
108231
108235
108240
108242
108243
108248
108249
108250
108252
108253
108254
108255
108259
108265
108268
108269
108270
108271
110913
110916
110917
110918
110919
110923
110928
110930
110931
110936
110937
110938
110940
110941
110942
110943
110947
110953
110956
110957
110958
110959
111664
111666
111667
111672
111673
111674
111676
111677
111678
111679
111760
111761
111762
111764
111765
111766
111767
111768
111770
111771
111809
111812
111813
111814
111824
111826
111827
111832
111833
111834
111836
111837
111838
111852
111854
111855
112132
112133
112134
112144
112145
112146
112147
112151
112152
112153
112154
112155
112157
112172
112174
112175
112204
112206
112207
112228
112229
112230
112240
112241
112242
112243
112244
112246
112247
112248
112249
112250
112251
112253
112271
112293
112304
112305
112306
112307
112311
112312
112313
112314
112315
112317
112453
112464
112465
112466
112468
112470
112471
112472
112474
112475
112495
113603
113609
113612
113613
113614
113615
113633
113636
113637
113638
113639
113643
113648
113649
113650
113652
113653
113654
113655
113656
113658
113659
177100
177102
177103
177124
177125
177126
177136
177137
177138
177139
177140
177142
177143
177144
177145
177146
177147
177149
178500
178501
178502
178512
178513
178514
178515
178519
178520
178521
178522
178523
178524
178525
178526
178540
178542
178543
179205
179216
179217
179218
179219
179220
179222
179223
179224
179225
179226
179227
179229
179247
179276
179278
179279
179300
179301
179302
179312
179313
179314
179316
179318
179319
179320
179322
179323
179365
179376
179378
179379
179383
179384
179385
179386
179387
179388
179389
179390
179648
179650
179651
179655
179656
179657
179658
179660
179661
179662
179676
179678
179679
179680
179681
179682
179683
179686
179687
179688
179689
179690
179691
179693
179769
179772
179773
179774
179775
179856
179857
179860
179861
179862
179863
179867
179904
179905
179908
179909
179910
179911
179915
179920
179922
179923
179928
179929
179930
179932
179933
179934
179935
179939
179945
179948
179949
179950
179951
245833
245852
245950
246049
246052
246054
246130
246135
246159
246177
246180
246181
246182
246519
246844
246845
246846
246912
246913
246914
246916
246918
246923
246931
246935
246936
246938
246959
247235
247239
247240
247241
247242
247257
247260
247261
247262
247273
247276
247277
247356
247358
247425
247428
247429
247430
247440
247441
247442
247446
247447
247451
247471
247509
248777
248796
248798
248803
248808
248809
250096
250097
250098
250100
250101
250102
250107
250364
250365
250366
250367
250368
250370
250371
250375
250376
250377
250378
250379
250387
250392
250393
250394
250396
250397
250409
250412
250413
250414
250444
250445
250446
250462
250463
250464
250466
250467
250470
250471
250472
250473
250474
250475
250547
250551
250552
250553
250554
250557
251651
251655
251656
251657
251658
251660
251661
251662
251673
251676
251677
251678
251679
251682
251683
251687
251688
251689
251690
251692
251693
251726
251727
251744
251745
251748
251749
251750
251755
251760
251761
251762
251764
251765
251766
251767
251771
251813
251824
251825
251826
251827
251828
251829
251830
251831
251832
251833
251834
251835
252153
252156
252157
252158
252432
252433
252436
252437
252438
252443
252480
252481
252482
252484
252485
252486
252487
252490
252491
252496
252497
252498
252499
252502
252503
252504
252505
252506
252507
252524
252525
252526
252527
252607
252693
252736
252737
252738
252740
252741
252742
252747
252752
252753
252754
252756
252757
252758
252759
252762
252763
252783
257807
257828
257829
257840
257841
257844
257845
257846
257851
257907
257911
257912
257913
257914
257932
257934
257935
257951
257952
257953
257954
257958
257959
257963
