32881
32946
32951
33087
33173
33220
33222
33235
33241
33482
33502
34046
34385
34388
34390
34395
34565
34576
34578
34583
34584
34586
34607
34636
34637
34638
34656
34657
34658
34662
34663
34667
34739
34745
34748
34749
35587
35593
35597
35615
35619
35624
35626
35699
35704
35706
35727
35748
35749
35750
35764
35765
37872
37873
37874
37875
37879
37880
37881
37882
37883
39189
39232
39233
39234
39236
39238
39239
39242
39243
39251
39256
39257
39258
39260
39261
39262
39276
39277
39278
39279
39359
39957
40000
40001
40002
40004
40006
40007
40008
40010
40011
40019
40024
40025
40026
40028
40029
40030
40035
40041
40044
40045
40046
40047
40127
40207
40228
40229
40230
40240
40241
40242
40244
40245
40246
40247
40248
40250
40251
40319
40320
40321
40322
40323
40324
40326
40327
40328
40329
40330
40331
40339
40345
40348
40349
40350
40351
40355
40360
40361
40362
40364
40365
40366
40405
40655
40677
40688
40689
40690
40691
40692
40694
40695
40696
40697
40698
40699
44047
44065
44068
44069
44070
44081
44084
44085
44086
44091
44156
44158
44159
44163
44168
44169
44170
44173
44188
44190
44191
44192
44194
44195
44199
44200
44201
44202
44205
44492
44493
44494
44512
44513
44514
44518
44519
44523
44595
44601
44604
44605
44606
44676
44677
44688
44689
44690
44695
44696
44698
44699
44719
44752
44753
44756
44757
44758
44763
118540
118542
118543
118564
118565
118566
118576
118577
118578
118579
118580
118582
118583
118584
118586
118587
118589
118660
118661
118662
118672
118673
118674
118675
118679
118680
118681
118682
118683
118684
118685
118686
118700
118702
118703
118725
118736
118737
118738
118739
118740
118742
118743
118744
118745
118746
118747
118749
118767
124164
124165
124176
124177
124178
124179
124183
124184
124185
124186
124187
124188
124189
124190
124206
124207
124239
124261
124272
124273
124274
124275
124279
124280
124281
124282
124283
124284
124285
124286
124300
124302
124303
124324
124325
124326
124336
124337
124338
124339
124340
124342
124343
124344
124345
124346
124347
124349
127045
127056
127057
127058
127059
127063
127064
127065
127066
127067
127069
127087
127247
127269
127280
127281
127282
127283
127287
127288
127289
127290
127291
127293
127365
127376
127377
127378
127379
127383
127384
127385
127386
127387
127389
127407
127429
127440
127441
127442
127443
127447
127448
127449
127450
127451
127453
127471
127695
127717
127728
127729
127730
127731
127735
127736
127737
127738
127739
127741
128777
128780
128781
128782
128783
128801
128804
128805
128806
128807
128811
128816
128817
128818
128820
128821
128822
128823
128827
128895
128896
128897
128898
128899
128900
128902
128903
128904
128906
128907
128915
128921
128924
128925
128926
128927
128930
128931
128936
128937
128938
128940
128941
128942
128980
128981
128982
129264
129266
129267
129272
129273
129274
129276
129277
129278
129605
129616
129617
129618
129619
129620
129622
129623
129624
129626
129627
129647
129796
129797
129798
129808
129809
129810
129811
129815
129816
129817
129818
129819
129820
129821
129822
129836
129838
129839
129871
129893
129904
129905
129906
129907
129911
129912
129913
129914
129915
129917
129934
129935
129956
129957
129968
129969
129970
129971
129972
129974
129975
129976
129977
129978
129979
129981
192741
192752
192754
192755
192760
192761
192762
192764
192765
192766
193104
193105
193106
193108
193110
193111
193112
193114
193115
193284
193285
193286
193296
193298
193299
193304
193305
193306
193308
193309
193310
193324
193326
193327
193392
193394
193395
193400
193401
193402
193404
193405
193406
193420
193422
193423
193444
193445
193446
193456
193457
193458
193460
193462
193463
193464
193466
193467
194628
194629
194630
194640
194641
194642
194643
194646
194647
194648
194649
194650
194651
194653
194670
194671
194828
194830
194831
194852
194853
194854
194864
194865
194866
194867
194868
194870
194871
194872
194874
194875
194877
194948
194949
194950
194960
194962
194963
194968
194969
194970
194972
194973
194974
194988
194990
194991
195024
195025
195026
195028
195030
195031
195032
195034
195035
195279
195301
195312
195313
195314
195315
195319
195320
195321
195322
195323
195324
195325
195326
195845
195856
195857
195858
195859
195860
195862
195863
195864
195866
195867
195887
195907
195913
195916
195917
195918
195919
195935
195936
195937
195938
195940
195941
195942
195943
195944
195946
195947
195953
195956
195957
195958
196018
196019
196024
196025
196026
196028
196029
196030
196031
262145
262168
262220
262239
262247
262450
262455
262531
262536
262537
262538
262556
262558
262569
262885
262901
263363
263367
263368
263370
263388
263389
263390
263404
263405
263667
263672
263673
263674
263692
263694
263711
263712
263713
263714
263718
263719
263723
263794
263799
263800
263802
263823
263841
263844
263845
263846
263861
265023
265105
265108
265110
265115
265168
265169
265174
265179
267011
267016
267017
267018
267020
267021
267036
267037
267038
267039
267043
267047
267048
267049
267050
267053
267087
267105
267108
267109
267110
267120
267121
267124
267125
267126
267131
267184
267185
267186
267188
267190
267191
267194
267195
268227
268232
268233
268236
268237
268238
268239
268255
268256
268257
268258
268259
268260
268262
268263
268264
268265
268266
268267
268277
268339
268344
268345
268346
268348
268349
268350
268416
268417
268418
268420
268421
268422
268423
268427
268432
268433
268434
268435
268438
268439
268440
268441
268442
268443
268460
268462
268463
268497
268500
268501
268502
268507
268748
268749
268750
268767
268768
268769
268770
268771
268772
268774
268775
268776
268778
268779
268851
268855
268856
268857
268858
268860
268861
268862
268927
268928
268929
268930
268931
268932
268933
268934
268935
268936
268938
268939
268946
268947
268951
268952
268953
268954
268956
268957
268972
268973
268974
268975
269013
273660
273661
273662
273985
273988
273989
273990
274000
274001
274002
274006
274007
274008
274010
274011
274031
274193
274196
274197
274198
274240
274241
274242
274246
274247
274250
274251
274259
274264
274265
274266
274269
274284
274285
274286
274367
