49185
49195
49284
49286
49688
49690
49779
49785
49807
49848
49850
50003
50009
50013
51265
51271
51275
51296
51298
51304
51306
51309
51660
51662
51684
51686
51703
51772
51774
51775
51861
51905
51911
51915
51936
51938
51945
51946
51949
52501
52547
52553
52556
52558
52580
52582
52593
52596
52598
52599
52603
52668
52670
52671
57604
57605
57606
57619
57625
57628
57629
57630
57631
57635
57641
57644
57645
57646
57647
57727
57728
57730
57731
57736
57737
57738
57740
57741
57742
57761
57764
57766
57767
57768
57770
57771
57780
57781
57782
57783
59151
59173
59184
59185
59186
59192
59194
59195
59280
59281
59282
59288
59290
59291
59333
59344
59347
59353
59357
59358
59375
59632
59634
59635
59641
59644
59645
59646
59985
59988
59990
59991
59995
60164
60166
60167
60188
60190
60191
60195
60201
60204
60205
60206
60288
60289
60290
60291
60296
60297
60298
60299
60301
60320
60321
60322
60327
60328
60330
60331
60340
60341
60342
60373
62544
62545
62546
62548
62550
62551
62552
62554
62555
62735
62757
62768
62769
62770
62771
62775
62776
62777
62778
62779
62781
62864
62865
62866
62868
62870
62871
62872
62874
62875
62877
62916
62917
62918
62928
62930
62931
62936
62937
62938
62940
62941
62942
62943
62956
62958
62959
63183
63205
63216
63217
63218
63219
63224
63225
63226
63228
63229
63230
131345
131348
131349
131350
131351
131355
131392
131394
131395
131400
131401
131402
131404
131405
131406
131407
131424
131425
131426
131428
131429
131430
131431
131432
131434
131435
131441
131444
131445
131446
131447
131451
131507
131513
131516
131517
131518
131519
132288
132290
132291
132296
132297
132298
132300
132301
132302
132303
132320
132321
132322
132324
132325
132326
132327
132328
132330
132331
132337
132340
132341
132342
132347
132672
132673
132674
132676
132678
132679
132680
132682
132683
132700
132701
132702
132703
132704
132706
132707
132712
132713
132714
132716
132717
132718
132884
132885
132886
132928
132930
132931
132936
132937
132938
132940
132941
132942
132960
132961
132962
132964
132966
132967
132968
132970
132971
132980
132981
132982
133052
133054
133055
133939
133945
133948
133949
133950
133951
134033
134036
134037
134038
134039
134043
134080
134081
134082
134084
134085
134086
134087
134088
134090
134091
134099
134105
134108
134109
134110
134111
134112
134114
134115
134120
134121
134122
134124
134125
134126
134127
138432
138434
138435
138440
138441
138442
138444
138445
138446
138464
138465
138466
138468
138470
138471
138472
138474
138475
138484
138485
138486
138817
138818
138820
138821
138822
138823
138824
138826
138827
138835
138841
138844
138845
138846
138847
138848
138850
138851
138856
138857
138858
138860
138861
138862
138863
139025
139028
139029
139030
139031
139035
139075
139081
139084
139085
139086
139087
139105
139108
139109
139110
139111
139115
139121
139124
139125
139126
139127
139128
139130
139131
139187
139193
139196
139197
139198
139199
140092
140094
140095
140180
140181
140182
140224
140225
140226
140228
140230
140231
140232
140234
140235
140252
140254
140255
140256
140258
140259
140264
140265
140266
140268
140269
140270
141588
141589
141590
141632
141633
141634
141635
141639
141640
141641
141642
141643
141644
141645
141646
141663
141664
141665
141666
141668
141670
141671
141672
141673
141674
141675
141684
141685
141686
141756
141758
141759
142357
142400
142401
142402
142403
142404
142406
142407
142408
142409
142410
142411
142413
142428
142430
142431
142432
142433
142434
142435
142439
142440
142441
142442
142443
142444
142445
142446
142527
142652
142654
142655
142740
142741
142742
142784
142785
142786
142788
142790
142791
142792
142794
142795
142812
142814
142815
142816
142818
142819
142824
142825
142826
142828
142829
142830
143040
143042
143043
143047
143048
143049
143050
143052
143053
143054
143071
143072
143073
143074
143076
143078
143079
143080
143081
143082
143083
143092
143093
143094
218176
218177
218178
218180
218181
218182
218183
218184
218186
218187
218195
218201
218204
218205
218206
218207
218208
218210
218211
218216
218217
218218
218220
218221
218222
218223
218428
218430
218431
218517
218518
218560
218561
218562
218563
218567
218568
218569
218570
218571
218573
218574
218593
218594
218596
218598
218599
218600
218602
218603
218605
218609
218612
218613
218614
218615
218619
218687
218773
218816
218817
218818
218819
218824
218825
218826
218828
218829
218830
218848
218849
218850
218852
218854
218855
218856
218858
218859
218868
218869
218870
218871
218875
294927
294969
295142
295153
295160
295511
295723
295732
295735
295825
295834
295837
295906
295925
297296
297298
297299
297305
297308
297310
298015
298028
298031
298117
298144
298147
298153
298156
298158
298159
298192
298194
298201
298206
298564
298566
298567
298593
298600
298602
298605
298613
298614
298769
298776
298778
298779
298781
298881
298888
298890
298891
298893
298916
298919
298923
298932
298935
298964
298966
298967
304448
304449
304450
304451
304457
304458
304461
304462
304484
304485
304486
304497
304504
304506
304507
304509
307221
307315
307324
307327
307328
307330
307331
307337
307340
307342
307343
307365
307376
307378
307379
307385
307388
307390
307391
307733
307734
307836
307839
307840
307842
307843
307849
307852
307854
307855
307877
307888
307890
307891
307897
307900
307901
307902
307903
307925
308032
308033
308034
308035
308040
308041
308042
308043
308044
308045
308046
308068
308069
308070
308071
308081
308082
308088
308090
308091
308093
309521
309524
309527
309528
309530
309531
309533
309633
309636
309639
309640
309642
309643
309645
309665
309668
309670
309671
309672
309674
309675
309681
309684
309686
309687
309688
309690
309691
309716
309718
309719
309723
310340
310342
310343
310368
310369
310370
310376
310377
310378
310379
310381
310382
310388
310389
310390
310391
310789
310790
310800
310802
310803
310809
310812
310814
310815
310816
310818
310819
310825
310828
310830
310831
310837
310917
310918
310931
310940
310943
310944
310946
310947
310953
310954
310956
310957
310958
310959
310965
310992
310993
310994
310995
311000
311001
311002
311003
311004
311005
311006
311007
311120
311121
311122
311123
311128
311129
311130
311131
311132
311133
311134
311135
311148
311151
