32787
32846
32864
32866
33082
33151
33154
33159
33181
33196
33197
33487
33508
33510
33993
33997
34015
34019
34023
34024
34025
34026
34300
34301
34302
34307
34312
34313
34314
34317
34332
34334
34339
34344
34345
34346
34405
34416
34417
34420
34422
34427
34480
34481
34482
34484
34486
34491
35644
35645
35646
35717
35728
35730
35735
35759
35796
35797
37646
37647
37664
37665
37666
37668
37669
37670
37675
37684
37685
37746
37747
37751
37752
37753
37754
37757
37772
37773
37774
37775
37791
37792
37793
37794
37796
37797
37798
37799
37803
37813
38885
38896
38897
38898
38899
38900
38902
38903
38904
38905
38906
38907
38926
38927
38945
38948
38949
38950
38955
38960
38961
38962
38964
38965
38966
38967
38971
39027
39033
39036
39037
39038
39039
39043
39048
39049
39050
39052
39053
39054
39068
39069
39070
39071
39072
39074
39075
39079
39080
39081
39082
39083
39085
39360
39361
39362
39363
39364
39366
39367
39368
39369
39370
39371
39379
39384
39385
39386
39388
39389
39390
39401
39404
39405
39406
39487
39568
39569
39572
39573
39574
39579
39616
39617
39620
39621
39622
39627
39632
39633
39634
39635
39636
39638
39639
39640
39641
39642
39643
39663
44272
44274
44275
44279
44280
44281
44282
44561
44564
44565
44566
44571
44608
44610
44611
44615
44616
44618
44619
44627
44633
44636
44637
44638
44649
44652
44653
44654
44735
44868
44869
44880
44881
44882
44886
44887
44891
44911
127168
127170
127171
127176
127177
127178
127180
127181
127182
127183
127200
127201
127202
127204
127206
127207
127208
127210
127211
127217
127220
127221
127222
127223
127227
127552
127553
127554
127556
127557
127558
127559
127560
127562
127563
127571
127577
127580
127581
127582
127583
127584
127586
127587
127592
127593
127594
127596
127597
127598
127599
127761
127764
127765
127766
127767
127771
127808
127810
127811
127816
127817
127818
127820
127821
127822
127823
127840
127841
127842
127844
127845
127846
127847
127848
127850
127851
127857
127860
127861
127862
127863
127867
127923
127929
127932
127933
127934
127935
129041
129044
129045
129046
129088
129089
129090
129091
129095
129096
129097
129098
129099
129100
129101
129116
129118
129119
129120
129121
129122
129123
129127
129128
129129
129130
129131
129132
129133
129141
129212
129214
129215
129337
129340
129342
129343
129425
129428
129429
129430
129431
129435
129472
129473
129474
129476
129477
129478
129479
129480
129482
129483
129491
129497
129500
129501
129502
129503
129504
129506
129507
129512
129513
129514
129516
129517
129518
129519
129728
129730
129731
129736
129737
129738
129740
129741
129742
129759
129760
129761
129762
129763
129764
129766
129767
129768
129770
129771
129780
129781
129782
130325
130368
130369
130370
130372
130373
130374
130375
130376
130378
130379
130387
130392
130393
130394
130396
130397
130398
130403
130409
130412
130413
130414
130415
184121
184124
184126
184127
184212
184213
184214
184256
184257
184258
184260
184262
184263
184264
184266
184267
184284
184286
184287
184288
184290
184291
184296
184297
184298
184300
184301
184302
189716
189717
189718
189760
189762
189763
189768
189769
189770
189771
189772
189773
189774
189792
189793
189794
189796
189798
189799
189800
189802
189803
189805
189812
189813
189814
189884
189886
189887
192533
192576
192577
192578
192579
192580
192582
192583
192584
192585
192586
192587
192589
192604
192606
192607
192608
192609
192610
192611
192615
192616
192617
192618
192619
192620
192621
192622
192629
192703
192828
192830
192831
192916
192917
192918
192960
192961
192962
192963
192964
192966
192967
192968
192969
192970
192971
192973
192988
192990
192991
192992
192993
192994
192995
192999
193000
193001
193002
193003
193004
193005
193006
193013
193087
193173
193216
193217
193218
193219
193223
193224
193225
193226
193227
193228
193229
193230
193247
193248
193249
193250
193251
193252
193254
193255
193256
193257
193258
193259
193261
193268
193269
193270
194355
194360
194361
194362
194364
194365
194366
194367
194437
194448
194449
194450
194452
194453
194454
194455
194456
194458
194459
194479
194500
194501
194502
194512
194513
194514
194515
194519
194520
194521
194522
194523
194525
194540
194542
194543
194755
194761
194764
194765
194766
194767
194784
194785
194786
194788
194789
194790
194791
194794
194795
194801
194804
194805
194806
194807
194811
195093
195136
195137
195138
195140
195142
195143
195144
195146
195147
195161
195164
195165
195166
195167
195168
195170
195171
195176
195177
195178
195180
195181
195182
195348
195349
195350
195392
195393
195394
195395
195399
195400
195401
195402
195403
195404
195405
195406
195423
195424
195425
195426
195427
195428
195430
195431
195432
195433
195434
195435
195437
195444
195445
195446
195516
195518
195519
262173
262188
262245
262260
262262
262548
262550
262597
262615
262616
262618
262639
262851
262856
262883
262889
263417
263420
263421
263749
263760
263762
263767
263768
263770
263791
263953
263956
263957
263958
263963
264003
264008
264009
264010
264030
264031
264035
264040
264041
264042
264126
264127
264972
264974
264992
264993
264994
264999
265003
265081
265085
265100
265102
265120
265121
265131
267212
267214
267215
267232
267233
267234
267236
267237
267238
267243
267252
267253
267254
268548
268549
268550
268560
268561
268562
268563
268564
268566
268567
268568
268570
268571
268591
268611
268616
268617
268620
268621
268622
268639
268640
268641
268642
268643
268646
268647
268648
268649
268650
268651
268723
268729
268732
268733
268734
269381
269392
269393
269394
269396
269397
269398
269399
269403
269570
269571
269575
269576
269577
269578
269580
269581
269582
269596
269598
269599
269600
269601
269602
269603
269607
269608
269609
269610
269611
269613
269680
269682
269683
269687
269688
269689
269690
269692
269693
269694
269708
269709
269710
269711
269728
269729
269730
269732
269733
269734
269735
269739
269745
269748
269749
269750
269755
270076
270077
270078
270079
273456
273458
273459
273463
273464
273465
273466
273469
273536
273537
273538
273540
273541
273542
273543
273547
273555
273560
273561
273562
273565
273580
273582
273583
273620
273621
273871
273892
273893
273905
273908
273909
273910
273915
273968
273970
273975
273976
273978
273979
274047
274048
274049
274050
274054
274055
274056
274058
274059
274067
274073
274076
274077
274078
274092
274093
274094
