32880
32887
32955
33216
33218
33223
33244
33246
33261
33473
33483
33501
33516
33518
34560
34562
34567
34568
34570
34588
34590
34595
34601
34605
34672
34674
34679
34680
34682
34703
34725
34737
34740
34742
34747
35071
35413
35585
35588
35590
35595
35603
35609
35613
35628
35630
35685
35697
35702
35707
35760
35762
35767
35768
35770
39936
39937
39938
39939
39942
39943
39944
39946
39947
39961
39964
39965
39966
39967
39971
39976
39977
39980
39981
39982
40015
40037
40048
40049
40050
40051
40052
40054
40055
40056
40057
40058
40059
40079
40100
40101
40102
40112
40113
40114
40116
40118
40119
40122
40123
40341
40384
40385
40386
40387
40391
40392
40393
40394
40395
40397
40412
40413
40414
40415
40416
40418
40419
40423
40424
40425
40426
40428
40429
40430
40510
40511
40596
40597
40598
40640
40641
40642
40644
40645
40646
40647
40648
40650
40651
40659
40664
40665
40666
40668
40669
40670
40675
40681
40684
40685
40686
40687
41983
43348
43349
44032
44033
44034
44036
44038
44039
44043
44051
44056
44057
44060
44061
44062
44076
44077
44078
44079
44111
44132
44133
44144
44145
44146
44148
44150
44151
44155
44208
44209
44210
44211
44215
44216
44218
44219
44351
44436
44437
44481
44484
44486
44491
44499
44504
44505
44509
44524
44526
44527
44736
44738
44739
44743
44744
44746
44747
44764
44766
44767
44771
44776
44777
44780
44781
117967
117989
118000
118001
118002
118003
118007
118008
118009
118010
118011
118013
118341
118352
118353
118354
118355
118359
118360
118361
118362
118363
118365
118383
118533
118544
118545
118546
118547
118551
118552
118553
118554
118555
118557
118575
118607
118629
118640
118641
118642
118643
118647
118648
118649
118650
118651
118652
118653
118654
118668
118670
118671
118692
118693
118704
118705
118706
118707
118710
118711
118712
118713
118714
118715
118717
123973
123984
123985
123986
123987
123988
123990
123991
123992
123993
123994
123995
123997
124015
124172
124174
124175
124196
124197
124198
124208
124209
124210
124211
124212
124214
124215
124216
124217
124218
124219
124221
124292
124293
124294
124304
124305
124306
124307
124311
124312
124313
124314
124315
124316
124317
124318
124332
124334
124335
124357
124368
124369
124370
124371
124372
124374
124375
124376
124377
124378
124379
124381
124399
124623
124645
124656
124657
124658
124659
124663
124664
124665
124666
124667
124668
124669
124670
127236
127237
127238
127248
127250
127251
127256
127257
127258
127259
127260
127261
127262
127276
127278
127279
127333
127344
127345
127346
127347
127351
127352
127353
127354
127355
127356
127357
127358
127372
127374
127375
127396
127397
127398
127408
127409
127410
127411
127412
127414
127415
127416
127418
127419
127421
128207
128229
128240
128241
128242
128243
128247
128248
128249
128250
128251
128253
128580
128581
128582
128592
128593
128594
128595
128599
128600
128601
128602
128603
128604
128605
128620
128622
128623
128773
128784
128785
128786
128787
128788
128790
128791
128792
128794
128795
128815
128835
128841
128844
128845
128846
128847
128864
128865
128868
128869
128870
128871
128875
128881
128884
128885
128886
128887
128891
128944
128946
128947
128952
128953
128954
128956
128957
128958
129807
129828
129829
129840
129841
129842
129843
129844
129846
129847
129848
129849
129850
129851
129853
129924
129925
129926
129936
129937
129938
129939
129943
129944
129945
129946
129947
129948
129949
129950
129964
129966
129967
129989
130000
130001
130002
130003
130004
130006
130007
130008
130009
130010
130011
130013
130031
193295
193317
193328
193329
193330
193331
193335
193336
193337
193338
193339
193340
193341
193413
193424
193425
193426
193427
193430
193431
193432
193433
193434
193435
193437
193455
193476
193477
193488
193489
193490
193491
193495
193496
193497
193498
193499
193500
193501
193518
193519
194820
194821
194832
194833
194834
194835
194839
194840
194841
194842
194843
194845
194863
194894
194895
194916
194917
194928
194929
194930
194931
194934
194935
194936
194937
194938
194939
194941
194959
194981
194992
194993
194994
194995
194999
195000
195001
195002
195003
195004
195005
195653
195664
195665
195666
195667
195668
195670
195671
195672
195673
195674
195675
195677
195695
195852
195854
195855
195873
195876
195877
195878
195883
195888
195889
195890
195892
195893
195894
195895
195896
195898
195899
195967
195968
195969
195970
195971
195972
195974
195975
195976
195977
195978
195979
195987
195993
195996
195997
195998
195999
196002
196003
196008
196009
196010
196012
196013
196014
196015
196053
196336
196338
196339
196343
196344
196345
196346
196347
196348
196349
196350
262150
262248
262250
262333
262452
262454
262521
262540
262541
262542
262559
262567
262896
262897
262907
263231
263316
263317
263364
263365
263376
263378
263383
263387
263407
263631
263648
263649
263652
263653
263654
263659
263669
263728
263730
263735
263738
263739
263804
263806
263811
263816
263817
263818
263836
263837
263838
263843
263848
263849
263853
265152
265154
265163
265171
265176
265177
265198
266492
266494
266495
266817
266820
266821
266822
266832
266833
266834
266836
266837
266838
266839
266843
266863
267024
267025
267028
267029
267030
267035
267072
267073
267074
267076
267078
267079
267082
267083
267091
267095
267096
267097
267098
267101
267116
267117
267118
267119
267199
268083
268087
268088
268089
268090
268092
268093
268094
268159
268160
268161
268162
268164
268165
268166
268167
268170
268171
268176
268178
268179
268183
268184
268185
268186
268187
268189
268204
268205
268206
268207
268241
268244
268245
268246
268483
268489
268492
268493
268494
268495
268508
268510
268511
268512
268513
268514
268515
268516
268518
268519
268520
268521
268522
268523
268787
268792
268793
268794
268796
268797
268798
268809
268812
268813
268814
268828
268830
268831
268832
268834
268835
268839
268840
268841
268842
268843
268879
268897
268900
268901
268902
268912
268913
268914
268916
268917
268918
268923
268943
268964
268965
268976
268977
268978
268980
268981
268982
268983
268987
274179
274183
274184
274185
274186
274201
274204
274205
274206
274217
274220
274221
274222
274254
274255
274271
274272
274273
274274
274276
274277
274278
274283
274354
274355
274359
274360
274361
274362
