17212
17215
17344
17347
17356
17359
17392
17395
17404
17407
19456
19459
19468
19471
19504
19507
19513
19516
19518
19519
19605
19648
19650
19651
19657
19660
19662
19663
19685
19696
19698
19699
19705
19708
19710
19711
20053
20224
20226
20227
20233
20236
20238
20239
20261
20272
20274
20275
20281
20284
20286
20287
20373
20416
20418
20419
20425
20428
20430
20431
20453
20464
20466
20467
20473
20476
20478
20479
25941
28672
28674
28675
28681
28684
28686
28687
28709
28720
28722
28723
28729
28732
28734
28735
28821
28864
28866
28867
28873
28876
28878
28879
28901
28912
28914
28915
28921
28924
28926
28927
29269
29440
29442
29443
29449
29452
29454
29455
29477
29488
29490
29491
29497
29498
29500
29501
29502
29503
29589
29590
29632
29633
29634
29635
29641
29642
29644
29645
29646
29647
29669
29670
29680
29681
29682
29683
29689
29690
29692
29693
29694
29695
31061
31062
31744
31745
31746
31747
31753
31754
31756
31757
31758
31759
31781
31782
31792
31793
31794
31795
31801
31802
31804
31805
31806
31807
31892
31893
31894
31936
31937
31938
31939
31944
31945
31946
31947
31948
31949
31950
31951
31972
31973
31974
31975
31984
31985
31986
31987
31992
31993
31994
31995
31996
31997
31998
31999
32340
32341
32342
32343
32512
32513
32514
32515
32520
32521
32522
32523
32524
32525
32526
32527
32548
32549
32550
32551
32560
32561
32562
32563
32568
32569
32570
32571
32572
32573
32574
32575
32660
32661
32662
32663
32704
32705
32706
32707
32712
32713
32714
32715
32716
32717
32718
32719
32740
32741
32742
32743
32752
32753
32754
32755
32760
32761
32762
32763
32764
32765
32766
32767
103761
103764
103765
103766
103767
103768
103771
180224
180225
180226
180228
180229
180230
180231
180235
180243
180249
180252
180253
180254
180255
180256
180258
180259
180265
180268
180269
180270
180271
180339
180345
180348
180349
180350
180351
180352
180354
180355
180361
180364
180365
180366
180367
180384
180385
180386
180388
180389
180390
180391
180395
180401
180404
180405
180406
180407
180411
180723
180729
180732
180733
180734
180735
180739
180745
180748
180749
180750
180751
180769
180772
180773
180774
180775
180776
180778
180779
180785
180788
180789
180790
180791
180795
180865
180868
180869
180870
180871
180875
180883
180889
180892
180893
180894
180895
180899
180905
180908
180909
180910
180911
180945
180948
180949
180950
180951
180955
182259
182265
182268
182269
182270
182271
182275
182281
182284
182285
182286
182287
182305
182308
182309
182310
182311
182312
182314
182315
182321
182324
182325
182326
182327
182331
182400
182401
182402
182404
182405
182406
182407
182411
182419
182425
182428
182429
182430
182431
182435
182441
182444
182445
182446
182447
182481
182484
182485
182486
182487
182491
182784
182785
182786
182788
182789
182790
182791
182795
182803
182809
182812
182813
182814
182815
182816
182818
182819
182825
182828
182829
182830
182831
182899
182905
182908
182909
182910
182911
182912
182914
182915
182921
182924
182925
182926
182927
182945
182948
182949
182950
182951
182955
182961
182964
182965
182966
182967
182971
183121
183124
183125
183126
183127
183131
188403
188409
188412
188413
188414
188415
188416
188419
188425
188428
188429
188430
188431
188448
188449
188450
188452
188453
188454
188455
188456
188458
188459
188465
188468
188469
188470
188471
188475
188544
188545
188546
188548
188549
188550
188551
188555
188563
188569
188572
188573
188574
188575
188576
188579
188584
188585
188588
188589
188590
188591
188625
188628
188629
188630
188631
188635
188929
188932
188933
188934
188935
188939
188947
188953
188956
188957
188958
188959
188960
188962
188963
188968
188969
188970
188972
188973
188974
188975
189043
189049
189052
189053
189054
189055
189059
189064
189065
189066
189068
189069
189070
189071
189089
189092
189093
189094
189095
189096
189099
189105
189108
189109
189110
189111
189115
189265
189268
189269
189270
189271
189275
190464
190465
190466
190468
190469
190470
190471
190472
190474
190475
190483
190489
190492
190493
190494
190495
190499
190504
190505
190506
190508
190509
190510
190511
190579
190585
190588
190589
190590
190591
190592
190594
190595
190600
190601
190602
190604
190605
190606
190607
190625
190628
190629
190630
190631
190635
190641
190644
190645
190646
190647
190651
190963
190969
190972
190973
190974
190975
190976
190978
190979
190985
190988
190989
190990
190991
191008
191009
191010
191012
191013
191014
191015
191019
191025
191028
191029
191030
191031
191035
191105
191108
191109
191110
191111
191115
191123
191129
191132
191133
191134
191135
191136
191138
191139
191144
191145
191146
191148
191149
191150
191151
191185
191188
191189
191190
191191
191195
191825
191828
191829
191830
191831
191835
262184
262186
262272
262274
262304
262306
262312
262314
262696
262698
262816
262818
262824
262826
264192
264193
264194
264199
264203
264223
264224
264226
264227
264232
264233
264234
264237
264319
264323
264328
264329
264330
264333
264352
264353
264354
264359
264363
264373
264744
264746
264757
264833
264839
264843
264863
264864
264866
264867
264872
264873
264874
264877
264917
265557
270337
270340
270341
270342
270343
270344
270346
270347
270355
270361
270364
270365
270366
270367
270368
270370
270371
270376
270377
270378
270380
270381
270382
270383
270460
270462
270463
270464
270466
270467
270473
270476
270477
270478
270479
270496
270497
270498
270500
270501
270502
270503
270504
270506
270507
270513
270516
270517
270518
270519
270523
270844
270846
270847
270851
270857
270860
270861
270862
270881
270884
270886
270887
270890
270891
270900
270901
270902
270976
270977
270978
270980
270982
270983
270987
271004
271006
271007
271011
271016
271017
271018
271020
271021
271022
271060
271061
271062
272383
272387
272392
272393
272394
272397
272416
272417
272418
272423
272427
272437
272512
272513
272514
272519
272523
272543
272544
272546
272547
272553
272557
272596
272597
272598
272897
272900
272902
272903
272904
272906
272907
272924
272926
272927
272931
272937
272940
272941
272942
273020
273022
273023
273024
273026
273027
273033
273036
273037
273038
273057
273060
273062
273063
273067
273076
273077
273078
273236
273237
273238
275793
275796
275797
275798
275799
275803
