65540
65603
65610
65645
65806
65831
65893
65909
65968
65969
65974
65979
66297
66615
66618
66684
66685
66686
66697
66701
66716
66717
66718
66723
66728
66729
66879
66949
66960
66961
66962
66964
66965
66966
66971
67024
67025
67028
67029
67030
67035
67264
67266
67270
67271
67275
67283
67287
67288
67289
67290
67310
68559
68576
68577
68578
68582
68587
69827
69831
69832
69833
69834
69837
69852
69853
69854
69859
69864
69865
69866
69868
69869
70095
70112
70113
70116
70117
70118
70123
70128
70129
70130
70132
70133
70134
70139
70181
70192
70193
70194
70196
70197
70198
70203
70259
70263
70264
70265
70266
70284
70285
70286
70287
70303
70304
70305
70306
70307
70308
70310
70311
70312
70314
70315
70899
70904
70905
70906
70908
70909
70910
71169
71172
71173
71174
71184
71185
71186
71188
71189
71190
71191
71195
71215
71232
71233
71234
71235
71236
71238
71239
71240
71241
71242
71243
71250
71251
71255
71256
71257
71258
71260
71261
71276
71277
71278
71279
71356
71358
71359
71489
71492
71493
71494
71504
71505
71506
71508
71509
71510
71511
71514
71515
71535
72451
72456
72457
72458
72460
72461
72462
72476
72477
72478
72479
72482
72483
72487
72488
72489
72490
72493
72524
72526
72527
72543
72544
72545
72546
72548
72549
72550
72551
72555
72624
72625
72626
72627
72628
72630
72631
72632
72633
72634
72635
77628
77629
77630
77695
77696
77697
77698
77700
77702
77703
77707
77714
77715
77719
77720
77721
77722
77742
77743
162819
162825
162828
162829
162830
162831
162849
162852
162853
162854
162855
162859
162864
162865
162866
162868
162869
162870
162871
162872
162874
162875
162945
162948
162949
162950
162951
162955
162960
162962
162963
162968
162969
162970
162972
162973
162974
162975
162979
162985
162988
162989
162990
162991
163024
163025
163028
163029
163030
163031
163034
163035
163324
163325
163326
163327
163328
163330
163331
163335
163336
163337
163338
163339
163340
163341
163342
163356
163358
163359
163360
163361
163362
163363
163367
163368
163369
163370
163371
163372
163373
163381
163443
163449
163452
163453
163454
163455
163459
163464
163465
163468
163469
163470
163471
163488
163489
163490
163492
163493
163494
163495
163496
163498
163499
163505
163508
163509
163510
163515
214000
214002
214003
214008
214009
214010
214012
214013
214014
214015
215376
215377
215378
215380
215381
215382
215383
215384
215386
215387
216065
216068
216069
216070
216071
216075
216080
216082
216083
216088
216089
216090
216092
216093
216094
216095
216099
216105
216108
216109
216110
216111
216178
216179
216184
216185
216188
216189
216190
216191
216195
216201
216204
216205
216206
216207
216225
216228
216229
216230
216231
216235
216240
216241
216242
216244
216245
216246
216247
216248
216250
216251
216563
216569
216572
216573
216574
216575
216579
216585
216588
216589
216590
216591
216609
216612
216613
216614
216615
216619
216625
216628
216629
216630
216631
216635
216705
216708
216709
216710
216711
216715
216723
216729
216732
216733
216734
216735
216739
216745
216748
216749
216750
216751
216785
216788
216789
216790
216791
216795
221521
221524
221525
221526
221527
221531
222208
222210
222211
222216
222217
222218
222220
222221
222222
222223
222240
222241
222242
222244
222245
222246
222247
222248
222250
222251
222257
222260
222261
222262
222263
222267
222336
222337
222338
222340
222341
222342
222343
222344
222346
222347
222355
222361
222364
222365
222366
222367
222368
222370
222371
222376
222377
222378
222380
222381
222382
222383
222417
222420
222421
222422
222423
222427
222721
222724
222725
222726
222727
222730
222731
222739
222745
222748
222749
222750
222751
222752
222754
222755
222760
222761
222764
222765
222766
222767
222835
222841
222844
222845
222846
222847
222848
222850
222851
222856
222857
222858
222860
222861
222862
222863
222880
222881
222882
222884
222885
222886
222887
222888
222890
222891
222897
222900
222901
222902
222903
222907
223057
223060
223061
223062
223063
223067
224243
224249
224252
224253
224254
224255
226304
226305
226306
226308
226309
226310
226311
226312
226314
226315
226323
226329
226332
226333
226334
226335
226338
226339
226344
226345
226348
226349
226350
226351
226419
226425
226428
226429
226430
226431
226435
226441
226444
226445
226446
226447
226465
226468
226469
226470
226471
226475
226481
226484
226485
226486
226487
226491
226767
226789
226800
226801
226802
226803
226807
226808
226809
226810
226811
226813
226828
226830
226831
226852
226853
226854
226864
226865
226866
226868
226870
226871
226872
226874
226875
226945
226948
226949
226950
226951
226955
226960
226962
226963
226968
226969
226970
226972
226973
226974
226985
226988
226989
226990
226991
227024
227025
227026
227028
227029
227030
227031
227032
227034
227035
295027
295033
295092
295372
295374
295396
295398
295413
295485
295575
295579
295632
295634
296752
296754
296755
296760
296762
296836
296837
296850
296851
296856
296857
296858
296879
296913
296916
296918
296923
297167
297189
297201
297204
297206
297207
297211
297537
297543
297547
297564
297566
297580
297581
297582
297749
297792
297794
297800
297802
297823
297827
297832
297833
297919
302272
302273
302274
302275
302279
302280
302281
302282
302283
302285
302300
302302
302303
302304
302306
302307
302311
302312
302313
302314
302317
302597
302608
302609
302610
302612
302614
302615
302616
302618
302619
302659
302665
302668
302669
302670
302671
302688
302689
302690
302692
302693
302694
302695
302699
302705
302708
302709
302710
302771
302776
302777
302780
302781
302782
302916
302917
302918
302928
302929
302930
302931
302935
302936
302937
302938
302939
302941
302956
302958
302959
303935
304020
304021
304022
304064
304065
304066
304068
304070
304071
304075
304083
304089
304092
304093
304094
304099
304105
304108
304109
304110
304111
305409
305412
305413
305414
305427
305432
305433
305434
305437
305452
305454
305455
305487
305509
305520
305521
305522
305524
305526
305527
305528
305530
305531
305584
305585
305586
305587
305591
305592
305593
305594
305595
306257
306260
306261
306262
306267
306435
306440
306441
306442
306445
306463
306464
306465
306466
306471
306472
306474
306475
306556
306558
306563
306569
306572
306573
306574
306592
306593
306594
306599
306602
306603
306613
306940
306942
306943
