65586
65741
65764
65787
66308
66311
66337
66344
66346
66358
66450
66501
66528
66531
66537
66540
66542
67935
67948
67951
68624
68626
68627
68633
68636
68638
68740
68742
68770
68778
68781
68789
68817
68824
68826
68827
68829
69185
69192
69194
69195
69220
69223
69227
69236
69239
69396
69398
69399
69504
69506
69507
69513
69516
69518
69541
69542
69553
69560
69562
69563
69565
69589
75029
75084
75087
75120
75122
75123
75129
75132
75134
75135
75151
75184
75187
75193
75196
75198
75199
77888
77890
77891
77897
77900
77902
77903
77925
77926
77936
77937
77938
77944
77945
77946
77947
77949
77950
78353
78356
78359
78360
78362
78363
78365
78465
78472
78474
78475
78477
78500
78502
78503
78507
78513
78516
78518
78519
78520
78522
78523
78548
78550
78551
78660
78662
78663
78689
78690
78696
78698
78699
78701
78708
78709
78710
78711
80133
80144
80146
80147
80153
80156
80158
80159
80160
80163
80169
80172
80174
80175
80261
80262
80287
80288
80290
80291
80297
80300
80301
80302
80303
80309
80336
80337
80338
80339
80344
80345
80346
80348
80349
80350
80351
80965
80976
80978
80979
80985
80988
80989
80990
80991
80995
81004
81007
81408
81409
81410
81412
81415
81416
81417
81418
81419
81421
81441
81444
81446
81447
81448
81450
81451
81453
81457
81460
81462
81463
81464
81466
81467
81552
81553
81554
81559
81560
81561
81562
81563
81565
81566
81604
81605
81606
81607
81632
81633
81634
81635
81640
81641
81642
81643
81644
81645
81646
81647
81653
81654
81748
81749
81750
81751
152593
152596
152597
152598
152599
152603
152643
152649
152652
152653
152654
152655
152673
152676
152677
152678
152679
152683
152689
152690
152692
152693
152694
152695
152696
152699
152755
152761
152764
152765
152766
152767
153036
153039
153061
153072
153074
153075
153080
153081
153082
153084
153085
153086
153087
153091
153100
153102
153103
153125
153126
153136
153137
153138
153139
153143
153144
153145
153146
153147
153148
153149
153150
153232
153233
153234
153236
153238
153239
153240
153242
153243
153245
153284
153285
153286
153287
153291
153296
153298
153299
153304
153305
153306
153308
153309
153310
153311
153315
153321
153324
153325
153326
153327
229697
229700
229701
229702
229703
229707
229715
229721
229724
229725
229726
229727
229731
229737
229740
229741
229742
229743
230451
230457
230460
230461
230462
230463
230545
230548
230549
230550
230551
230555
230593
230596
230597
230598
230599
230603
230608
230611
230617
230618
230620
230621
230622
230623
230627
230633
230636
230637
230638
230639
230928
230929
230930
230932
230933
230934
230935
230936
230938
230939
230979
230985
230988
230989
230990
230991
231009
231012
231013
231014
231015
231019
231024
231025
231026
231028
231029
231030
231031
231032
231034
231035
231088
231090
231091
231096
231097
231098
231100
231101
231102
231103
231233
231236
231237
231238
231239
231243
231248
231250
231251
231256
231257
231258
231260
231261
231262
231263
231267
231273
231276
231277
231278
231279
232387
232393
232396
232397
232398
232399
232417
232420
232421
232422
232423
232427
232433
232436
232437
232438
232439
232443
236592
236594
236595
236600
236601
236602
236604
236605
236606
236607
236688
236689
236690
236692
236693
236694
236695
236696
236698
236699
236737
236740
236741
236742
236743
236747
236752
236754
236755
236760
236761
236762
236764
236765
236766
236767
236771
236777
236780
236781
236782
236783
237073
237076
237077
237078
237079
237083
237120
237123
237129
237132
237133
237134
237135
237153
237156
237157
237158
237159
237163
237169
237172
237173
237174
237175
237179
237235
237241
237244
237245
237246
237247
237376
237377
237378
237380
237382
237383
237384
237386
237387
237404
237406
237407
237408
237410
237411
237416
237417
237418
237420
237421
237422
238531
238537
238540
238541
238542
238543
238561
238564
238565
238566
238567
238571
238576
238577
238578
238580
238581
238582
238583
238584
238586
238587
239940
239941
239942
239952
239954
239955
239960
239961
239962
239964
239965
239966
239971
239980
239981
239982
239983
240656
240657
240658
240660
240662
240663
240664
240666
240667
240716
240718
240719
240740
240741
240742
240752
240753
240754
240756
240757
240758
240759
240760
240762
240763
240816
240818
240819
240824
240825
240826
240828
240829
240830
241091
241097
241100
241101
241102
241103
241121
241124
241125
241126
241127
241131
241136
241137
241138
241140
241141
241142
241143
241144
241146
241147
241200
241202
241203
241208
241209
241210
241212
241213
241214
241215
241296
241297
241298
241300
241301
241302
241303
241304
241306
241307
241345
241348
241349
241350
241355
241360
241362
241363
241368
241369
241370
241372
241373
241374
241379
241388
241389
241390
241391
311468
311470
311511
311825
311835
311933
311984
311986
312133
312156
312158
312175
313412
313414
313439
313443
313449
313452
313454
313795
313801
313805
313831
313844
313846
314048
314050
314056
314058
314081
314088
314091
314101
314644
314646
314647
314651
314703
314725
314736
314738
314744
314746
314749
314800
314803
314809
314813
319760
319761
319762
319764
319766
319767
319768
319770
319771
319823
319856
319858
319859
319864
319865
319866
319868
319869
319870
319887
319909
319920
319921
319922
319923
319928
319929
319930
319931
319933
321280
321282
321283
321289
321292
321293
321294
321313
321316
321318
321319
321323
321332
321334
321335
321413
321427
321433
321436
321437
321438
321452
321454
321455
321489
321490
321495
321496
321498
321499
321791
322133
322304
322305
322306
322312
322313
322314
322315
322317
322336
322337
322338
322343
322344
322346
322347
322356
322357
322358
322436
322437
322438
322439
322460
322462
322463
322467
322473
322476
322477
322478
322479
322513
322516
322518
322519
322523
324676
324677
324678
324691
324697
324700
324701
324702
324703
324707
324713
324716
324718
324719
324924
324926
324927
325013
325056
325057
325058
325059
325063
325064
325065
325066
325067
325069
325088
325089
325090
325091
325095
325096
325097
325098
325099
325101
325108
325109
325110
325183
325269
325312
325314
325315
325320
325321
325322
325324
325325
325326
325345
325348
325350
325351
325352
325354
325355
325364
325365
325366
325367
325371
