49153
49176
49228
49247
49255
49458
49463
49539
49544
49545
49546
49564
49566
49577
49893
49909
50371
50375
50376
50378
50396
50397
50398
50412
50413
50675
50680
50681
50682
50700
50702
50719
50720
50721
50722
50726
50727
50731
50802
50807
50808
50810
50831
50849
50852
50853
50854
50869
52031
52113
52116
52118
52123
52176
52177
52182
52187
54019
54024
54025
54026
54028
54029
54044
54045
54046
54047
54051
54055
54056
54057
54058
54061
54095
54113
54116
54117
54118
54128
54129
54132
54133
54134
54139
54192
54193
54194
54196
54198
54199
54202
54203
55235
55240
55241
55244
55245
55246
55247
55263
55264
55265
55266
55267
55268
55270
55271
55272
55273
55274
55275
55285
55347
55352
55353
55354
55356
55357
55358
55424
55425
55426
55428
55429
55430
55431
55435
55440
55441
55442
55443
55446
55447
55448
55449
55450
55451
55468
55470
55471
55505
55508
55509
55510
55515
55756
55757
55758
55775
55776
55777
55778
55779
55780
55782
55783
55784
55786
55787
55859
55863
55864
55865
55866
55868
55869
55870
55935
55936
55937
55938
55939
55940
55941
55942
55943
55944
55946
55947
55954
55955
55959
55960
55961
55962
55964
55965
55980
55981
55982
55983
56021
60668
60669
60670
60993
60996
60997
60998
61008
61009
61010
61014
61015
61016
61018
61019
61039
61201
61204
61205
61206
61248
61249
61250
61254
61255
61258
61259
61267
61272
61273
61274
61277
61292
61293
61294
61375
143589
143600
143602
143603
143608
143609
143610
143612
143613
143614
143952
143953
143954
143956
143958
143959
143960
143962
143963
144132
144133
144134
144144
144146
144147
144152
144153
144154
144156
144157
144158
144172
144174
144175
144240
144242
144243
144248
144249
144250
144252
144253
144254
144268
144270
144271
144292
144293
144294
144304
144305
144306
144308
144310
144311
144312
144314
144315
145476
145477
145478
145488
145489
145490
145491
145494
145495
145496
145497
145498
145499
145501
145518
145519
145676
145678
145679
145700
145701
145702
145712
145713
145714
145715
145716
145718
145719
145720
145722
145723
145725
145796
145797
145798
145808
145810
145811
145816
145817
145818
145820
145821
145822
145836
145838
145839
145872
145873
145874
145876
145878
145879
145880
145882
145883
146127
146149
146160
146161
146162
146163
146167
146168
146169
146170
146171
146172
146173
146174
146693
146704
146705
146706
146707
146708
146710
146711
146712
146714
146715
146735
146755
146761
146764
146765
146766
146767
146783
146784
146785
146786
146788
146789
146790
146791
146792
146794
146795
146801
146804
146805
146806
146866
146867
146872
146873
146874
146876
146877
146878
146879
200460
200462
200463
200484
200485
200486
200496
200497
200498
200499
200500
200502
200503
200504
200506
200507
200509
200580
200581
200582
200592
200593
200594
200595
200599
200600
200601
200602
200603
200604
200605
200606
200620
200622
200623
200645
200656
200657
200658
200659
200660
200662
200663
200664
200665
200666
200667
200669
200687
206084
206085
206096
206097
206098
206099
206103
206104
206105
206106
206107
206108
206109
206110
206126
206127
206159
206181
206192
206193
206194
206195
206199
206200
206201
206202
206203
206204
206205
206206
206220
206222
206223
206244
206245
206246
206256
206257
206258
206259
206260
206262
206263
206264
206265
206266
206267
206269
208965
208976
208977
208978
208979
208983
208984
208985
208986
208987
208989
209007
209167
209189
209200
209201
209202
209203
209207
209208
209209
209210
209211
209213
209285
209296
209297
209298
209299
209303
209304
209305
209306
209307
209309
209327
209349
209360
209361
209362
209363
209367
209368
209369
209370
209371
209373
209391
209615
209637
209648
209649
209650
209651
209655
209656
209657
209658
209659
209661
210697
210700
210701
210702
210703
210721
210724
210725
210726
210727
210731
210736
210737
210738
210740
210741
210742
210743
210747
210815
210816
210817
210818
210819
210820
210822
210823
210824
210826
210827
210835
210841
210844
210845
210846
210847
210850
210851
210856
210857
210858
210860
210861
210862
210900
210901
210902
211184
211186
211187
211192
211193
211194
211196
211197
211198
211525
211536
211537
211538
211539
211540
211542
211543
211544
211546
211547
211567
211716
211717
211718
211728
211729
211730
211731
211735
211736
211737
211738
211739
211740
211741
211742
211756
211758
211759
211791
211813
211824
211825
211826
211827
211831
211832
211833
211834
211835
211837
211854
211855
211876
211877
211888
211889
211890
211891
211892
211894
211895
211896
211897
211898
211899
211901
278641
278706
278711
278847
278933
278980
278982
278995
279001
279242
279262
279806
280145
280148
280150
280155
280325
280336
280338
280343
280344
280346
280367
280396
280397
280398
280416
280417
280418
280422
280423
280427
280499
280505
280508
280509
281347
281353
281357
281375
281379
281384
281386
281459
281464
281466
281487
281508
281509
281510
281524
281525
283632
283633
283634
283635
283639
283640
283641
283642
283643
284949
284992
284993
284994
284996
284998
284999
285002
285003
285011
285016
285017
285018
285020
285021
285022
285036
285037
285038
285039
285119
285717
285760
285761
285762
285764
285766
285767
285768
285770
285771
285779
285784
285785
285786
285788
285789
285790
285795
285801
285804
285805
285806
285807
285887
285967
285988
285989
285990
286000
286001
286002
286004
286005
286006
286007
286008
286010
286011
286079
286080
286081
286082
286083
286084
286086
286087
286088
286089
286090
286091
286099
286105
286108
286109
286110
286111
286115
286120
286121
286122
286124
286125
286126
286165
286415
286437
286448
286449
286450
286451
286452
286454
286455
286456
286457
286458
286459
289807
289825
289828
289829
289830
289841
289844
289845
289846
289851
289916
289918
289919
289923
289928
289929
289930
289933
289948
289950
289951
289952
289954
289955
289959
289960
289961
289962
289965
290252
290253
290254
290272
290273
290274
290278
290279
290283
290355
290361
290364
290365
290366
290436
290437
290448
290449
290450
290455
290456
290458
290459
290479
290512
290513
290516
290517
290518
290523
