49166
49303
49384
49386
49744
49747
49753
49948
49950
50052
50054
50055
50093
50101
50139
51520
51522
51529
51558
51569
51576
51579
52245
52300
52303
52325
52336
52338
52345
52349
52412
52415
52752
52754
52761
52762
52765
52865
52872
52874
52875
52897
52903
52904
52907
52916
52918
52919
52948
52950
53061
53087
53088
53091
53097
53100
53102
53103
58625
58632
58634
58635
58637
58660
58662
58663
58667
58676
58678
58679
58683
58769
58770
58776
58778
58779
58781
58821
58822
58848
58850
58851
58857
58860
58862
58863
58869
61524
61525
61526
61744
61747
61753
61756
61758
61759
61845
61888
61890
61891
61897
61898
61900
61901
61902
61924
61925
61926
61927
61937
61943
61944
61946
61947
61949
62147
62156
62158
62159
62181
62192
62194
62195
62201
62204
62205
62206
62207
63553
63556
63557
63558
63559
63563
63584
63585
63586
63587
63592
63593
63594
63595
63596
63597
63598
63604
63605
63606
64004
64006
64007
64011
64032
64033
64034
64040
64041
64042
64043
64045
64052
64053
64054
64133
64144
64146
64147
64153
64156
64157
64158
64159
64172
64175
64197
64208
64210
64211
64217
64220
64222
64223
64227
64236
64238
64239
64337
64340
64342
64343
64344
64346
64347
64785
64788
64790
64791
64792
64794
64795
64797
64883
64892
64894
64895
64896
64898
64899
64905
64906
64908
64909
64910
64911
64932
64933
64934
64935
64944
64945
64946
64951
64952
64953
64954
64955
64957
64981
135429
135440
135441
135442
135443
135444
135447
135448
135449
135450
135451
135453
135471
135500
135503
135525
135526
135536
135537
135538
135539
135540
135543
135544
135545
135546
135547
135549
135567
135589
135600
135601
135602
135603
135607
135608
135609
135610
135611
135613
135614
136399
136421
136432
136433
136434
136435
136439
136440
136441
136442
136443
136444
136445
136446
136784
136785
136786
136788
136790
136791
136792
136793
136794
136795
136797
136964
136965
136966
136976
136978
136979
136984
136985
136986
136988
136989
136990
136991
136995
137001
137004
137006
137007
137087
137088
137089
137090
137091
137096
137097
137098
137099
137100
137101
137102
137121
137122
137124
137125
137126
137127
137128
137130
137131
137137
137140
137141
137142
137143
137147
137173
137996
137999
138021
138032
138033
138034
138035
138039
138040
138041
138042
138043
138045
138117
138128
138129
138130
138131
138132
138135
138136
138137
138138
138139
138141
138159
138181
138182
138192
138193
138194
138195
138199
138200
138201
138202
138203
138205
138206
138220
138223
214085
214096
214097
214098
214099
214103
214104
214105
214106
214107
214109
214127
214287
214309
214320
214321
214322
214323
214327
214328
214329
214330
214331
214333
214404
214405
214406
214416
214417
214418
214419
214423
214424
214425
214426
214427
214429
214430
214444
214447
214469
214480
214481
214482
214483
214484
214486
214487
214488
214489
214490
214491
214493
214511
214735
214757
214768
214769
214770
214771
214775
214776
214777
214778
214779
214781
217868
217870
217871
217892
217893
217894
217904
217905
217906
217908
217910
217911
217912
217913
217914
217915
217988
217989
217990
218000
218001
218002
218003
218007
218008
218009
218010
218012
218013
218014
218028
218030
218031
218064
218065
218066
218067
218068
218070
218071
218072
218073
218074
218075
218077
218095
219397
219408
219409
219410
219411
219415
219416
219417
219418
219419
219420
219421
219422
219436
219439
219471
219493
219504
219505
219506
219507
219511
219512
219513
219514
219515
219516
219517
219518
219532
219534
219535
219556
219557
219558
219568
219569
219570
219571
219572
219574
219575
219576
219577
219578
219579
219581
220229
220240
220241
220242
220243
220247
220248
220249
220250
220251
220253
220271
220431
220453
220464
220465
220466
220467
220472
220473
220474
220476
220477
220478
220560
220561
220562
220564
220566
220567
220568
220570
220571
220609
220612
220613
220614
220615
220619
220627
220633
220636
220637
220638
220639
220640
220643
220649
220652
220653
220654
220655
220876
220878
220879
220900
220901
220902
220912
220913
220914
220915
220916
220919
220920
220921
220922
220923
220925
224463
224485
224496
224497
224498
224499
224503
224504
224505
224506
224507
224508
224509
224510
224837
224848
224849
224850
224851
224852
224854
224855
224856
224857
224858
224859
224861
224879
225028
225029
225030
225040
225041
225042
225043
225047
225048
225049
225050
225051
225052
225053
225054
225068
225070
225071
225103
225125
225136
225137
225138
225139
225143
225144
225145
225146
225147
225148
225149
225150
225164
225166
225167
225188
225189
225190
225200
225201
225202
225203
225204
225206
225207
225208
225209
225210
225211
225213
295065
295120
295133
295491
295497
295524
295526
295543
295744
295746
295757
295783
295796
295798
297045
297219
297225
297228
297230
297252
297254
297265
297271
297275
297360
297362
297368
297370
297373
297427
297433
297438
297455
297727
298240
298242
298248
298250
298253
298273
298279
298283
298292
298294
298373
298387
298393
298396
298398
298415
298448
298450
298456
298458
298461
303445
304128
304130
304131
304137
304140
304141
304142
304164
304165
304166
304167
304177
304180
304182
304183
304184
304187
304272
304273
304274
304275
304280
304281
304282
304285
304325
304336
304338
304339
304345
304348
304349
304350
304364
304367
304704
304705
304706
304712
304713
304714
304717
304737
304740
304743
304744
304747
304756
304757
304758
304917
304963
304969
304972
304974
304996
304997
304998
305009
305015
305016
305019
305084
305087
306172
306175
308224
308225
308226
308227
308232
308233
308234
308237
308238
308257
308260
308262
308263
308264
308267
308276
308277
308278
308279
308283
308357
308368
308370
308371
308377
308378
308380
308381
308382
308396
308398
308399
308421
308432
308433
308434
308435
308440
308441
308442
308443
308444
308445
308446
308463
308757
308758
308800
308802
308803
308808
308809
308810
308812
308813
308814
308815
308833
308836
308837
308838
308839
308843
308849
308852
308854
308855
308856
308858
308859
308924
308926
308927
309056
309057
309058
309059
309063
309064
309065
309066
309067
309069
309088
309089
309090
309092
309094
309095
309096
309098
309099
309101
309108
309109
309110
309111
309183
